0.8861788617886179 0.11382113821138211 0.0 0.8813559322033898 0.11864406779661017 0.0 0.711864406779661 1087.4474639167258 20.744627042631816 123
0.9626168224299065 0.037383177570093455 0.0 0.9607843137254902 0.0392156862745098 0.0 0.9019607843137255 1077.3834202861335 20.897381327931118 107
0.9148936170212766 0.0851063829787234 0.0 0.9101123595505618 0.0898876404494382 0.0 0.7528089887640449 1086.3733864151218 23.797388708100417 94
0.9064748201438849 0.09352517985611511 0.0 0.9029850746268657 0.09701492537313433 0.0 0.8880597014925373 1044.2753573665718 20.513559310315465 139
0.96 0.04 0.0 0.9583333333333334 0.041666666666666664 0.0 0.95 1057.1051896969843 20.80489495572207 125
0.9571428571428572 0.04285714285714286 0.0 0.9538461538461539 0.046153846153846156 0.0 0.8769230769230769 963.7496921307943 24.37989271302341 70
0.898989898989899 0.10101010101010101 0.0 0.8936170212765957 0.10638297872340426 0.0 0.8191489361702128 1068.5203446702044 23.439042549345274 99
0.8778625954198473 0.12213740458015267 0.0 0.873015873015873 0.12698412698412698 0.0 0.9206349206349206 1085.2701603399844 19.502816872224418 131
0.9509803921568627 0.049019607843137254 0.0 0.9484536082474226 0.05154639175257732 0.0 0.8969072164948454 1069.38585821506 22.24315802355716 102
0.8513513513513513 0.14864864864864866 0.0 0.8461538461538461 0.15384615384615385 0.0 0.8461538461538461 1031.781554540735 19.864173322754457 148
0.911504424778761 0.08849557522123894 0.0 0.9166666666666666 0.08333333333333333 0.0 0.8703703703703703 1064.6601482404244 21.81678461788646 113
0.9473684210526315 0.05263157894736842 0.0 0.9453125 0.0546875 0.0 0.7890625 1086.743286479025 19.330535407408632 133
0.9590163934426229 0.040983606557377046 0.0 0.9572649572649573 0.042735042735042736 0.0 0.8034188034188035 1079.5119421394013 21.243130290389338 122
0.8828828828828829 0.10810810810810811 0.009009009009009009 0.8867924528301887 0.10377358490566038 0.009433962264150943 0.8301886792452831 1034.6898566688956 20.833589595829412 111
0.8309859154929577 0.15492957746478872 0.014084507042253521 0.8321167883211679 0.15328467153284672 0.014598540145985401 0.8248175182481752 1015.3806782283325 20.338600182675634 142
0.88 0.12 0.0 0.8736842105263158 0.12631578947368421 0.0 0.7684210526315789 1087.077285741008 22.937925930015446 100
0.8813559322033898 0.11016949152542373 0.00847457627118644 0.8761061946902655 0.11504424778761062 0.008849557522123894 0.9823008849557522 1063.861005479275 22.354225137729838 118
0.9487179487179487 0.05128205128205128 0.0 0.9464285714285714 0.05357142857142857 0.0 0.8482142857142857 1063.3810104515717 20.25824053374846 117
0.907563025210084 0.09243697478991597 0.0 0.9035087719298246 0.09649122807017543 0.0 0.8333333333333334 1031.7469223842834 20.35102735970445 119
0.8488372093023255 0.13953488372093023 0.011627906976744186 0.8395061728395061 0.14814814814814814 0.012345679012345678 0.8395061728395061 1060.1053824642092 24.686302179947376 86
0.9473684210526315 0.05263157894736842 0.0 0.9453125 0.0546875 0.0 0.7265625 1075.139296844457 20.51173901258866 133
0.7946428571428571 0.19642857142857142 0.008928571428571428 0.7850467289719626 0.205607476635514 0.009345794392523364 0.9158878504672897 1039.9937694392927 20.827656104135173 112
0.8738738738738738 0.12612612612612611 0.0 0.8679245283018868 0.1320754716981132 0.0 0.8867924528301887 1087.177931613936 20.948497826794227 111
0.8956521739130435 0.09565217391304348 0.008695652173913044 0.8909090909090909 0.1 0.00909090909090909 0.7363636363636363 1071.7236109015455 22.876889135772494 115
0.9565217391304348 0.043478260869565216 0.0 0.9548872180451128 0.045112781954887216 0.0 0.8872180451127819 1064.41893760923 19.885570231956947 138
0.94 0.06 0.0 0.9368421052631579 0.06315789473684211 0.0 0.8421052631578947 1087.4662302695044 20.410699367391707 100
0.9642857142857143 0.03571428571428571 0.0 0.9620253164556962 0.0379746835443038 0.0 0.8354430379746836 1048.8644529326418 24.355320810653012 84
0.888 0.112 0.0 0.8833333333333333 0.11666666666666667 0.0 0.8416666666666667 1078.5753658788874 22.100236124771534 125
0.9225352112676056 0.07746478873239436 0.0 0.9197080291970803 0.08029197080291971 0.0 0.7737226277372263 1087.4165024724632 20.06304375905149 142
0.9557522123893806 0.04424778761061947 0.0 0.9537037037037037 0.046296296296296294 0.0 0.7962962962962963 1033.3523977589318 21.639450160519065 113
0.904 0.096 0.0 0.9 0.1 0.0 0.8083333333333333 1085.464187781763 22.381636042751033 125
0.8319327731092437 0.15966386554621848 0.008403361344537815 0.8245614035087719 0.16666666666666666 0.008771929824561403 1.0 1065.8810088656514 20.14869956063849 119
0.9203539823008849 0.07964601769911504 0.0 0.9166666666666666 0.08333333333333333 0.0 0.9351851851851852 1050.7743984421543 21.295465048973387 113
0.9191919191919192 0.08080808080808081 0.0 0.9148936170212766 0.0851063829787234 0.0 0.7340425531914894 1052.65347394658 22.28901171291981 99
0.8344827586206897 0.16551724137931034 0.0 0.8285714285714286 0.17142857142857143 0.0 0.7571428571428571 1047.6875404103541 19.80861559506523 145
0.9307692307692308 0.06153846153846154 0.007692307692307693 0.928 0.064 0.008 0.8 1086.0357716989681 19.69932773996453 130
0.9461538461538461 0.05384615384615385 0.0 0.944 0.056 0.0 0.856 1006.2061266789912 20.020768244340008 130
0.8811881188118812 0.1188118811881188 0.0 0.875 0.125 0.0 0.7708333333333334 1086.8043231081424 22.109244763303128 101
0.8125 0.1875 0.0 0.8130841121495327 0.18691588785046728 0.0 0.7663551401869159 1079.444533508301 20.930714529079555 112
0.9411764705882353 0.051470588235294115 0.007352941176470588 0.9389312977099237 0.05343511450381679 0.007633587786259542 0.8473282442748091 1087.3514997195555 20.098505789738 136
0.9008264462809917 0.09917355371900827 0.0 0.896551724137931 0.10344827586206896 0.0 0.6637931034482759 1050.232952707298 21.49884669903818 121
0.9586206896551724 0.041379310344827586 0.0 0.9571428571428572 0.04285714285714286 0.0 0.8071428571428572 1024.9499996553493 19.427972545869967 145
0.9117647058823529 0.08823529411764706 0.0 0.9083969465648855 0.0916030534351145 0.0 0.8549618320610687 1043.4212368625535 20.253057320985825 136
0.8613138686131386 0.10948905109489052 0.029197080291970802 0.8636363636363636 0.10606060606060606 0.030303030303030304 0.8863636363636364 1012.9139264063887 20.144500369313327 137
0.8706896551724138 0.12931034482758622 0.0 0.8828828828828829 0.11711711711711711 0.0 0.7657657657657657 1087.2442668929468 19.583582368187223 116
0.9074074074074074 0.09259259259259259 0.0 0.9029126213592233 0.0970873786407767 0.0 0.8932038834951457 1079.4949023353201 21.64108427063746 108
0.956140350877193 0.043859649122807015 0.0 0.963302752293578 0.03669724770642202 0.0 0.8715596330275229 906.5903966129491 19.839998627686025 114
0.8421052631578947 0.15789473684210525 0.0 0.8348623853211009 0.1651376146788991 0.0 0.7431192660550459 1070.9546901627048 21.084978532932695 114
0.8653846153846154 0.125 0.009615384615384616 0.8585858585858586 0.13131313131313133 0.010101010101010102 0.9292929292929293 1036.5540772972406 21.573068852107575 104
0.9428571428571428 0.05714285714285714 0.0 0.9407407407407408 0.05925925925925926 0.0 0.7407407407407407 1017.1686244577488 19.202049757453665 140
0.9818181818181818 0.01818181818181818 0.0 0.98125 0.01875 0.0 0.84375 1085.3916595144415 19.268645530898215 165
0.9313725490196079 0.06862745098039216 0.0 0.9278350515463918 0.07216494845360824 0.0 0.979381443298969 1060.682582225581 22.063466241646537 102
0.8290598290598291 0.15384615384615385 0.017094017094017096 0.8303571428571429 0.15178571428571427 0.017857142857142856 0.8571428571428571 1087.2040386897888 21.773207031720847 117
0.8551724137931035 0.14482758620689656 0.0 0.85 0.15 0.0 0.7357142857142858 1087.438426245721 18.85874601154965 145
0.7868852459016393 0.1557377049180328 0.05737704918032787 0.7777777777777778 0.1623931623931624 0.05982905982905983 0.8547008547008547 980.8992033876135 21.084440232585244 122
0.8288288288288288 0.13513513513513514 0.036036036036036036 0.8207547169811321 0.14150943396226415 0.03773584905660377 0.9716981132075472 960.387192540953 23.952449745175823 111
0.9173553719008265 0.08264462809917356 0.0 0.9137931034482759 0.08620689655172414 0.0 0.7758620689655172 1086.200495469167 19.43617821944088 121
0.8978102189781022 0.10218978102189781 0.0 0.8939393939393939 0.10606060606060606 0.0 0.7575757575757576 1064.47382040967 19.063384134714024 137
0.9333333333333333 0.06666666666666667 0.0 0.9307692307692308 0.06923076923076923 0.0 0.8846153846153846 1073.2234385729814 19.75104608184539 135
0.819672131147541 0.1721311475409836 0.00819672131147541 0.811965811965812 0.1794871794871795 0.008547008547008548 0.7606837606837606 1074.8129273060579 20.81345874952091 122
0.9745762711864406 0.025423728813559324 0.0 0.9734513274336283 0.02654867256637168 0.0 0.7168141592920354 991.7148920892118 19.296468481350626 118
0.9152542372881356 0.0847457627118644 0.0 0.911504424778761 0.08849557522123894 0.0 0.8938053097345132 1014.3312567992754 19.622380980060786 118
0.9493670886075949 0.05063291139240506 0.0 0.9459459459459459 0.05405405405405406 0.0 1.0 1049.4208248271718 24.484352077193833 79
0.8492063492063492 0.15079365079365079 0.0 0.8512396694214877 0.1487603305785124 0.0 0.8429752066115702 1038.4994014611068 19.79819599403053 126
0.9037037037037037 0.0962962962962963 0.0 0.9 0.1 0.0 0.7615384615384615 1086.4885145857684 19.89102642112641 135
0.9323308270676691 0.06766917293233082 0.0 0.9296875 0.0703125 0.0 0.890625 1046.794441458537 20.22232566579474 133
0.7787610619469026 0.19469026548672566 0.02654867256637168 0.7777777777777778 0.19444444444444445 0.027777777777777776 0.8240740740740741 1070.5173849643327 21.27238214129417 113
0.9322033898305084 0.06779661016949153 0.0 0.9380530973451328 0.061946902654867256 0.0 0.8672566371681416 1054.097630585017 21.61332818224968 118
0.8842975206611571 0.11570247933884298 0.0 0.8793103448275862 0.1206896551724138 0.0 0.9224137931034483 1022.9736862079785 20.663331186226532 121
0.9680851063829787 0.031914893617021274 0.0 0.9662921348314607 0.033707865168539325 0.0 0.8202247191011236 1029.1360124812195 21.92360805983099 94
0.936 0.064 0.0 0.9333333333333333 0.06666666666666667 0.0 0.65 1064.5301441767845 20.411281120561615 125
0.9130434782608695 0.08695652173913043 0.0 0.9080459770114943 0.09195402298850575 0.0 0.7816091954022989 1087.053583658393 21.149974820167447 92
0.8737864077669902 0.1262135922330097 0.0 0.8877551020408163 0.11224489795918367 0.0 0.8979591836734694 1080.5076501390836 22.572010142172246 103
0.9245283018867925 0.07547169811320754 0.0 0.9207920792079208 0.07920792079207921 0.0 0.7722772277227723 1087.4014950225642 21.098928142465997 106
0.976 0.024 0.0 0.975 0.025 0.0 0.8583333333333333 1018.2859025733304 20.213431914985136 125
0.96 0.04 0.0 0.9583333333333334 0.041666666666666664 0.0 0.8583333333333333 1084.2937746014215 20.700843236259157 125
0.9405940594059405 0.0594059405940594 0.0 0.9375 0.0625 0.0 0.9791666666666666 938.6186131010326 21.810448547712824 101
0.9285714285714286 0.07142857142857142 0.0 0.9252336448598131 0.07476635514018691 0.0 0.794392523364486 1056.6663383460423 21.724496485715537 112
0.92 0.08 0.0 0.9166666666666666 0.08333333333333333 0.0 0.7916666666666666 1013.5421685460257 20.629615081333174 125
0.9126984126984127 0.0873015873015873 0.0 0.9090909090909091 0.09090909090909091 0.0 0.8760330578512396 1041.0554876774988 22.21845932466089 126
0.824 0.176 0.0 0.8166666666666667 0.18333333333333332 0.0 0.9833333333333333 1040.4057606249191 21.75912753666142 125
0.9705882352941176 0.029411764705882353 0.0 0.9690721649484536 0.030927835051546393 0.0 0.7938144329896907 1064.6376010364113 21.02264048526383 102
0.9369369369369369 0.06306306306306306 0.0 0.9339622641509434 0.0660377358490566 0.0 0.7830188679245284 1023.7085712979516 20.514241521919033 111
0.9363636363636364 0.06363636363636363 0.0 0.9428571428571428 0.05714285714285714 0.0 0.7619047619047619 1069.2068513237343 21.286963972098864 110
0.9224137931034483 0.07758620689655173 0.0 0.918918918918919 0.08108108108108109 0.0 0.8018018018018018 1087.4253615185553 20.3667583340812 116
0.9183673469387755 0.08163265306122448 0.0 0.9139784946236559 0.08602150537634409 0.0 0.8279569892473119 1044.4785736094805 22.65814202818331 98
0.9568345323741008 0.04316546762589928 0.0 0.9552238805970149 0.04477611940298507 0.0 0.7611940298507462 1069.9548642810685 20.17703715605372 139
0.9375 0.0625 0.0 0.9349593495934959 0.06504065040650407 0.0 0.7560975609756098 1048.3629790826878 20.363836936869312 128
0.954248366013072 0.0457516339869281 0.0 0.9527027027027027 0.0472972972972973 0.0 0.7635135135135135 1086.451907635036 20.04815902750626 153
0.9375 0.0625 0.0 0.9349593495934959 0.06504065040650407 0.0 0.6504065040650406 1085.8033695941492 19.989416837757258 128
0.9479166666666666 0.052083333333333336 0.0 0.9560439560439561 0.04395604395604396 0.0 0.7692307692307693 1066.4168669949256 20.917589531512746 96
0.9020979020979021 0.0979020979020979 0.0 0.8985507246376812 0.10144927536231885 0.0 0.8985507246376812 1086.4416167324214 19.984461273573945 143
0.8992805755395683 0.10071942446043165 0.0 0.8955223880597015 0.1044776119402985 0.0 0.7761194029850746 1080.945999057926 20.310447493590697 139
0.8074074074074075 0.18518518518518517 0.007407407407407408 0.8153846153846154 0.17692307692307693 0.007692307692307693 0.8769230769230769 1027.3812238041728 20.91143459044957 135
0.8699186991869918 0.11382113821138211 0.016260162601626018 0.864406779661017 0.11864406779661017 0.01694915254237288 0.6864406779661016 1087.261251275486 19.36510535269181 123
0.9015151515151515 0.09848484848484848 0.0 0.8976377952755905 0.10236220472440945 0.0 0.7637795275590551 1085.9049096071956 20.05549211969542 132
0.9637681159420289 0.036231884057971016 0.0 0.9624060150375939 0.03759398496240601 0.0 0.7669172932330827 1086.83654207583 19.933079339955246 138
0.8442622950819673 0.1557377049180328 0.0 0.8376068376068376 0.1623931623931624 0.0 0.8547008547008547 1080.3813178831135 21.815121577998383 122
0.8857142857142857 0.09523809523809523 0.01904761904761905 0.88 0.1 0.02 0.85 1087.2816562817177 20.07131000375037 105
0.8061224489795918 0.12244897959183673 0.07142857142857142 0.7956989247311828 0.12903225806451613 0.07526881720430108 1.0 1032.2125373649187 23.82817534850219 98
0.8951612903225806 0.10483870967741936 0.0 0.8907563025210085 0.1092436974789916 0.0 0.7899159663865546 1081.7779370847231 21.428707817067338 124
0.9080459770114943 0.09195402298850575 0.0 0.9024390243902439 0.0975609756097561 0.0 0.9878048780487805 1035.0808206256952 21.79667776007576 87
0.905982905982906 0.09401709401709402 0.0 0.9017857142857143 0.09821428571428571 0.0 0.8125 1086.4035413011902 20.259655862435668 117
0.8899082568807339 0.11009174311926606 0.0 0.8846153846153846 0.11538461538461539 0.0 0.8461538461538461 1086.1334983933725 20.553180852766786 109
0.9252336448598131 0.07476635514018691 0.0 0.9215686274509803 0.0784313725490196 0.0 0.7647058823529411 1083.8607755080795 23.380801027245045 107
0.9242424242424242 0.07575757575757576 0.0 0.9212598425196851 0.07874015748031496 0.0 0.7637795275590551 1070.3861459838295 20.938595484383956 132
0.8691588785046729 0.11214953271028037 0.018691588785046728 0.8627450980392157 0.11764705882352941 0.0196078431372549 0.9411764705882353 1035.3077149346566 22.395214922030153 107
0.7790697674418605 0.20930232558139536 0.011627906976744186 0.7724550898203593 0.2155688622754491 0.011976047904191617 0.7425149700598802 1056.9471105002165 18.999084568007202 172
0.9252336448598131 0.07476635514018691 0.0 0.9313725490196079 0.06862745098039216 0.0 0.803921568627451 1073.1753136758537 21.30515419001137 107
0.9538461538461539 0.046153846153846156 0.0 0.952 0.048 0.0 0.6 1062.9931642717936 20.811304481845706 130
0.9310344827586207 0.06896551724137931 0.0 0.9285714285714286 0.07142857142857142 0.0 0.7 1053.8293181593183 19.938888737818235 145
0.9316239316239316 0.06837606837606838 0.0 0.9285714285714286 0.07142857142857142 0.0 0.7589285714285714 1086.4719506360555 19.907841853386813 117
0.9224137931034483 0.07758620689655173 0.0 0.9279279279279279 0.07207207207207207 0.0 0.8108108108108109 1017.6768723967024 21.001715380122707 116
0.8521739130434782 0.1391304347826087 0.008695652173913044 0.8454545454545455 0.14545454545454545 0.00909090909090909 0.9 1051.049752338057 22.855861279892018 115
0.905982905982906 0.09401709401709402 0.0 0.9017857142857143 0.09821428571428571 0.0 0.875 1065.37662103245 21.802025518455952 117
0.9423076923076923 0.057692307692307696 0.0 0.9393939393939394 0.06060606060606061 0.0 0.8282828282828283 1051.543604852794 21.013419270658158 104
0.9752066115702479 0.024793388429752067 0.0 0.9741379310344828 0.02586206896551724 0.0 0.7413793103448276 1087.1307317605288 19.727539529468658 121
0.8445945945945946 0.14189189189189189 0.013513513513513514 0.8391608391608392 0.14685314685314685 0.013986013986013986 0.8251748251748252 1056.6550774462742 19.706951948029676 148
0.8588235294117647 0.09411764705882353 0.047058823529411764 0.85 0.1 0.05 0.875 1009.6097592807822 23.414691645831226 85
0.94 0.06 0.0 0.9368421052631579 0.06315789473684211 0.0 0.7368421052631579 1051.5411273249051 21.604198157998013 100
0.9207920792079208 0.07920792079207921 0.0 0.9166666666666666 0.08333333333333333 0.0 0.7604166666666666 1083.5806721840597 20.41723646729959 101
0.9426229508196722 0.05737704918032787 0.0 0.9401709401709402 0.05982905982905983 0.0 0.8803418803418803 1065.9423020404017 20.606644865024823 122
0.8709677419354839 0.12903225806451613 0.0 0.8733333333333333 0.12666666666666668 0.0 0.7933333333333333 1072.8936464343187 19.440200514154366 155
0.8504672897196262 0.12149532710280374 0.028037383177570093 0.8431372549019608 0.12745098039215685 0.029411764705882353 1.0 1070.083576852922 22.210682316998344 107
0.9680851063829787 0.031914893617021274 0.0 0.9662921348314607 0.033707865168539325 0.0 0.6966292134831461 1085.5635739218185 22.31431486211758 94
0.9473684210526315 0.05263157894736842 0.0 0.9453125 0.0546875 0.0 0.8046875 1086.086204238772 20.254602017622364 133
0.9080459770114943 0.09195402298850575 0.0 0.9146341463414634 0.08536585365853659 0.0 0.8048780487804879 1075.9459211949104 22.815424752497098 87
0.9090909090909091 0.09090909090909091 0.0 0.9051724137931034 0.09482758620689655 0.0 0.9051724137931034 1081.5335626716267 21.040824116766956 121
0.9117647058823529 0.08823529411764706 0.0 0.9083969465648855 0.0916030534351145 0.0 0.9083969465648855 1075.4804502726952 19.87103093465337 136
0.9652173913043478 0.034782608695652174 0.0 0.9636363636363636 0.03636363636363636 0.0 0.9454545454545454 1036.382372523201 21.82261552228593 115
0.9207920792079208 0.07920792079207921 0.0 0.9166666666666666 0.08333333333333333 0.0 0.6458333333333334 1080.147654261313 19.746370919946116 101
0.9024390243902439 0.0975609756097561 0.0 0.8983050847457628 0.1016949152542373 0.0 0.8050847457627118 1021.6824105130675 21.457074627520065 123
0.9343065693430657 0.06569343065693431 0.0 0.9318181818181818 0.06818181818181818 0.0 0.8560606060606061 949.1157405379397 19.720353914729596 137
0.9159663865546218 0.08403361344537816 0.0 0.9210526315789473 0.07894736842105263 0.0 0.6403508771929824 1087.3347475109256 20.14922743514638 119
0.8943661971830986 0.08450704225352113 0.02112676056338028 0.8905109489051095 0.08759124087591241 0.021897810218978103 0.8467153284671532 1038.9034044349187 19.826509116908564 142
0.9078947368421053 0.09210526315789473 0.0 0.9014084507042254 0.09859154929577464 0.0 0.9859154929577465 1019.398628989586 23.79533623452024 76
0.765625 0.2265625 0.0078125 0.7560975609756098 0.23577235772357724 0.008130081300813009 0.6585365853658537 1030.094533218513 18.99051618228652 128
0.8467153284671532 0.145985401459854 0.0072992700729927005 0.8409090909090909 0.15151515151515152 0.007575757575757576 0.8181818181818182 1086.3998131669275 20.984589254046725 137
0.7583333333333333 0.19166666666666668 0.05 0.7478260869565218 0.2 0.05217391304347826 0.9739130434782609 1057.375447942577 21.06107906938997 120
0.8067226890756303 0.18487394957983194 0.008403361344537815 0.7982456140350878 0.19298245614035087 0.008771929824561403 0.7368421052631579 1087.427654104966 20.195181762432178 119
0.967479674796748 0.024390243902439025 0.008130081300813009 0.9661016949152542 0.025423728813559324 0.00847457627118644 0.7966101694915254 1066.1800225890627 20.554750195078974 123
0.9469026548672567 0.05309734513274336 0.0 0.9444444444444444 0.05555555555555555 0.0 0.7592592592592593 1085.9440740435193 21.152930175863727 113
0.9574468085106383 0.0425531914893617 0.0 0.9558823529411765 0.04411764705882353 0.0 0.8161764705882353 1084.12918705133 21.583192212350504 141
0.9019607843137255 0.09803921568627451 0.0 0.8986486486486487 0.10135135135135136 0.0 0.4864864864864865 1072.2521480736063 19.596517829761932 153
0.8785046728971962 0.102803738317757 0.018691588785046728 0.8725490196078431 0.10784313725490197 0.0196078431372549 0.8431372549019608 1077.1163441655772 20.320473695516505 107
0.8591549295774648 0.14084507042253522 0.0 0.8540145985401459 0.145985401459854 0.0 0.7591240875912408 1025.7054489724674 20.154956458870647 142
0.9202898550724637 0.07971014492753623 0.0 0.9172932330827067 0.08270676691729323 0.0 0.8796992481203008 1081.965003173428 20.832073053969783 138
0.9655172413793104 0.034482758620689655 0.0 0.9642857142857143 0.03571428571428571 0.0 0.8142857142857143 1087.4879925753617 19.452675905619166 145
0.90625 0.09375 0.0 0.9024390243902439 0.0975609756097561 0.0 0.8780487804878049 992.016488118331 20.001165699030274 128
0.9159663865546218 0.08403361344537816 0.0 0.9122807017543859 0.08771929824561403 0.0 0.9473684210526315 1079.757438682923 22.111883625134222 119
0.9831932773109243 0.01680672268907563 0.0 0.9824561403508771 0.017543859649122806 0.0 0.8421052631578947 958.4145532338562 19.679183338406236 119
0.9 0.1 0.0 0.8956521739130435 0.10434782608695652 0.0 0.7391304347826086 1082.0204737126917 21.4686761108649 120
0.9032258064516129 0.0967741935483871 0.0 0.8991596638655462 0.10084033613445378 0.0 0.7815126050420168 1052.4032061267342 21.04427953305871 124
0.944954128440367 0.05504587155963303 0.0 0.9423076923076923 0.057692307692307696 0.0 0.6826923076923077 1087.2429441027427 21.705655801954624 109
0.8863636363636364 0.11363636363636363 0.0 0.8818897637795275 0.11811023622047244 0.0 0.9763779527559056 1085.086634911462 21.492098979365494 132
0.956989247311828 0.043010752688172046 0.0 0.9545454545454546 0.045454545454545456 0.0 1.0 1046.4278099747046 22.212980115413536 93
0.9238095238095239 0.06666666666666667 0.009523809523809525 0.92 0.07 0.01 0.87 996.7347563636025 21.66318115668169 105
0.9428571428571428 0.05714285714285714 0.0 0.94 0.06 0.0 0.62 1063.6875779230597 20.266511499080476 105
0.9448275862068966 0.05517241379310345 0.0 0.9428571428571428 0.05714285714285714 0.0 0.7785714285714286 1081.7472599295147 19.838342689858724 145
0.9262295081967213 0.07377049180327869 0.0 0.9230769230769231 0.07692307692307693 0.0 0.8376068376068376 1084.2263055192948 20.939079939742815 122
0.967741935483871 0.03225806451612903 0.0 0.9663865546218487 0.03361344537815126 0.0 0.7394957983193278 995.090447387067 20.417739268409967 124
0.9090909090909091 0.09090909090909091 0.0 0.9042553191489362 0.09574468085106383 0.0 0.8404255319148937 1075.6835930348275 23.159474826766104 99
0.9177215189873418 0.08227848101265822 0.0 0.9150326797385621 0.08496732026143791 0.0 0.7647058823529411 1087.3815702598165 19.57972699349235 158
0.9519230769230769 0.04807692307692308 0.0 0.9494949494949495 0.050505050505050504 0.0 0.7474747474747475 1055.9110007951087 19.611165093537213 104
0.912751677852349 0.087248322147651 0.0 0.9097222222222222 0.09027777777777778 0.0 0.8055555555555556 1087.4327472005195 19.631874166484153 149
0.8984375 0.1015625 0.0 0.8943089430894309 0.10569105691056911 0.0 0.7967479674796748 1087.2991916211931 21.283860919231987 128
0.8557692307692307 0.125 0.019230769230769232 0.8585858585858586 0.12121212121212122 0.020202020202020204 0.8080808080808081 1065.6493061546082 21.90982620818139 104
0.9354838709677419 0.06451612903225806 0.0 0.9318181818181818 0.06818181818181818 0.0 0.7159090909090909 1086.8052649029808 19.619519773466745 93
0.9294117647058824 0.07058823529411765 0.0 0.9272727272727272 0.07272727272727272 0.0 0.7636363636363637 1085.39491925614 18.393771460723315 170
0.9385964912280702 0.06140350877192982 0.0 0.9357798165137615 0.06422018348623854 0.0 0.8440366972477065 1077.2598958194897 21.05344047100697 114
0.8849557522123894 0.11504424778761062 0.0 0.8796296296296297 0.12037037037037036 0.0 0.8333333333333334 1030.1390684255327 20.6286599272057 113
0.8648648648648649 0.13513513513513514 0.0 0.8584905660377359 0.14150943396226415 0.0 0.6415094339622641 1085.3041285885363 19.858029296973527 111
0.864406779661017 0.1271186440677966 0.00847457627118644 0.8584070796460177 0.13274336283185842 0.008849557522123894 0.7699115044247787 1064.3235200267068 21.39643780822935 118
0.8857142857142857 0.1 0.014285714285714285 0.8814814814814815 0.1037037037037037 0.014814814814814815 0.7925925925925926 1008.9092507303625 20.972130576339314 140
0.9316239316239316 0.06837606837606838 0.0 0.9285714285714286 0.07142857142857142 0.0 0.8392857142857143 1086.9145473203748 21.666376200732604 117
0.84 0.16 0.0 0.8315789473684211 0.16842105263157894 0.0 0.8842105263157894 1034.6045069490012 23.047112971777864 100
0.9252336448598131 0.07476635514018691 0.0 0.9215686274509803 0.0784313725490196 0.0 0.8529411764705882 1059.4102282986364 21.453208223167987 107
0.968421052631579 0.031578947368421054 0.0 0.9666666666666667 0.03333333333333333 0.0 0.8 970.405070827826 22.285339024968618 95
0.9565217391304348 0.036231884057971016 0.007246376811594203 0.9624060150375939 0.03007518796992481 0.007518796992481203 0.7969924812030075 981.217293242557 19.99690751821555 138
0.8366013071895425 0.16339869281045752 0.0 0.831081081081081 0.16891891891891891 0.0 0.7364864864864865 1087.321258247481 19.003386871835673 153
0.9485294117647058 0.051470588235294115 0.0 0.9465648854961832 0.05343511450381679 0.0 0.8931297709923665 1028.5085141713819 19.725671562237817 136
0.92 0.07 0.01 0.9157894736842105 0.07368421052631578 0.010526315789473684 0.8947368421052632 1042.38846763268 21.79326230004184 100
0.9636363636363636 0.03636363636363636 0.0 0.9619047619047619 0.0380952380952381 0.0 0.8761904761904762 981.2941851755952 20.815041824880712 110
0.8888888888888888 0.10185185185185185 0.009259259259259259 0.883495145631068 0.10679611650485436 0.009708737864077669 0.9223300970873787 1033.3846519025742 22.64889960795202 108
0.9090909090909091 0.09090909090909091 0.0 0.9142857142857143 0.08571428571428572 0.0 0.6761904761904762 987.9924499697211 20.76436542545443 110
0.937984496124031 0.06201550387596899 0.0 0.9354838709677419 0.06451612903225806 0.0 0.8467741935483871 1025.2228499148082 19.468864991918295 129
0.9846153846153847 0.015384615384615385 0.0 0.9833333333333333 0.016666666666666666 0.0 0.8833333333333333 1085.7551099805416 19.872638615173393 65
0.8130081300813008 0.17073170731707318 0.016260162601626018 0.8050847457627118 0.17796610169491525 0.01694915254237288 0.9915254237288136 1009.536285691026 22.494871888301084 123
0.91 0.09 0.0 0.9052631578947369 0.09473684210526316 0.0 0.6842105263157895 1087.4670990339673 19.588557508983662 100
0.9036144578313253 0.0963855421686747 0.0 0.8974358974358975 0.10256410256410256 0.0 0.8589743589743589 1075.7035011387122 24.219905408035924 83
0.9056603773584906 0.09433962264150944 0.0 0.900990099009901 0.09900990099009901 0.0 0.7920792079207921 1052.381739920525 22.166575815343226 106
0.8918918918918919 0.10810810810810811 0.0 0.8881118881118881 0.11188811188811189 0.0 0.7762237762237763 1007.262610750825 20.063750874592767 148
0.9306930693069307 0.06930693069306931 0.0 0.9270833333333334 0.07291666666666667 0.0 0.9791666666666666 1004.4419150597065 21.25267102085802 101
0.8829787234042553 0.09574468085106383 0.02127659574468085 0.8764044943820225 0.10112359550561797 0.02247191011235955 1.0 1045.0496208043307 23.33472365583594 94
0.9322033898305084 0.06779661016949153 0.0 0.9292035398230089 0.07079646017699115 0.0 0.9380530973451328 1081.591914352356 21.314851393841433 118
0.7087378640776699 0.27184466019417475 0.019417475728155338 0.7040816326530612 0.2755102040816326 0.02040816326530612 0.9183673469387755 998.9178549684849 21.682163771537834 103
0.9659090909090909 0.03409090909090909 0.0 0.963855421686747 0.03614457831325301 0.0 0.8313253012048193 1048.6197266385484 22.66112106243077 88
0.9393939393939394 0.06060606060606061 0.0 0.9361702127659575 0.06382978723404255 0.0 0.9787234042553191 1076.7346430362238 22.948417455133693 99
0.9224806201550387 0.07751937984496124 0.0 0.9193548387096774 0.08064516129032258 0.0 0.8870967741935484 1022.6535249791168 21.230937885545785 129
0.8888888888888888 0.1111111111111111 0.0 0.8839285714285714 0.11607142857142858 0.0 0.7232142857142857 1087.4033655256696 19.52114598453732 117
0.9043478260869565 0.08695652173913043 0.008695652173913044 0.9 0.09090909090909091 0.00909090909090909 0.8272727272727273 1050.0447882076244 20.545193810423644 115
0.9548387096774194 0.04516129032258064 0.0 0.9533333333333334 0.04666666666666667 0.0 0.7666666666666667 1087.0783219545078 18.434443555446034 155
0.9098360655737705 0.09016393442622951 0.0 0.905982905982906 0.09401709401709402 0.0 0.811965811965812 1085.669110426224 20.970239441860336 122
0.8617021276595744 0.13829787234042554 0.0 0.8539325842696629 0.14606741573033707 0.0 0.9550561797752809 1054.9691884669883 22.43776464375829 94
0.875 0.11029411764705882 0.014705882352941176 0.8702290076335878 0.11450381679389313 0.015267175572519083 0.9923664122137404 1063.5364163087418 20.62928290807357 136
0.9310344827586207 0.06896551724137931 0.0 0.9279279279279279 0.07207207207207207 0.0 0.8018018018018018 1040.7747876860913 21.500143922793196 116
0.90625 0.09375 0.0 0.9024390243902439 0.0975609756097561 0.0 0.7317073170731707 1086.7350468410377 20.029773230634188 128
0.8660714285714286 0.13392857142857142 0.0 0.8598130841121495 0.14018691588785046 0.0 0.7289719626168224 1082.8905627493925 22.145993005139808 112
0.9727272727272728 0.02727272727272727 0.0 0.9714285714285714 0.02857142857142857 0.0 0.8095238095238095 1031.740001348333 21.487060166074844 110
0.9256756756756757 0.07432432432432433 0.0 0.9300699300699301 0.06993006993006994 0.0 0.7412587412587412 993.4938547687464 20.11466820178436 148
0.8905109489051095 0.10218978102189781 0.0072992700729927005 0.8939393939393939 0.09848484848484848 0.007575757575757576 0.6893939393939394 1084.0112917689296 21.923611169444584 137
0.8787878787878788 0.12121212121212122 0.0 0.8723404255319149 0.1276595744680851 0.0 0.9893617021276596 1036.5767420255327 22.550376087155325 99
0.9047619047619048 0.08571428571428572 0.009523809523809525 0.9 0.09 0.01 0.76 1075.1231709258088 22.631833415371343 105
0.8888888888888888 0.1111111111111111 0.0 0.8839285714285714 0.11607142857142858 0.0 0.7857142857142857 1026.471158032001 20.365923702063498 117
0.8740740740740741 0.1259259259259259 0.0 0.8692307692307693 0.13076923076923078 0.0 0.8307692307692308 1046.963767182939 19.86162930688989 135
0.9347826086956522 0.06521739130434782 0.0 0.9323308270676691 0.06766917293233082 0.0 0.6842105263157895 1082.1388048506237 20.05378943038451 138
0.865546218487395 0.13445378151260504 0.0 0.8596491228070176 0.14035087719298245 0.0 0.9210526315789473 1046.035889797544 20.18489673204751 119
0.9157894736842105 0.08421052631578947 0.0 0.9111111111111111 0.08888888888888889 0.0 0.9888888888888889 1032.6692328048794 21.801880811367017 95
0.9008264462809917 0.09917355371900827 0.0 0.896551724137931 0.10344827586206896 0.0 0.7327586206896551 1087.4680209612982 20.46643565051132 121
0.9693877551020408 0.030612244897959183 0.0 0.967741935483871 0.03225806451612903 0.0 0.7849462365591398 1047.1351473908555 20.92423741422975 98
0.9361702127659575 0.06382978723404255 0.0 0.9411764705882353 0.058823529411764705 0.0 0.8235294117647058 1082.410743827955 20.384269950074348 141
0.9619047619047619 0.0380952380952381 0.0 0.96 0.04 0.0 0.78 1022.415782242641 20.840429700089725 105
0.9098360655737705 0.09016393442622951 0.0 0.905982905982906 0.09401709401709402 0.0 0.8290598290598291 1060.1302975535984 20.49864942081103 122
0.9238095238095239 0.0761904761904762 0.0 0.92 0.08 0.0 0.82 1011.6762365578024 20.704047878373885 105
0.9142857142857143 0.08571428571428572 0.0 0.9111111111111111 0.08888888888888889 0.0 0.8148148148148148 1041.0103461120088 20.362383580686195 140
0.9166666666666666 0.08333333333333333 0.0 0.912621359223301 0.08737864077669903 0.0 0.9805825242718447 1041.9102986151388 22.22652345869842 108
0.944 0.056 0.0 0.95 0.05 0.0 0.8166666666666667 1047.2053856393627 19.970726066162843 125
0.9027777777777778 0.09722222222222222 0.0 0.8992805755395683 0.10071942446043165 0.0 0.7985611510791367 1087.112379770674 19.446188217401655 144
0.9528301886792453 0.04716981132075472 0.0 0.9504950495049505 0.04950495049504951 0.0 0.8811881188118812 1053.049494730711 22.45110197335965 106
0.7477477477477478 0.22522522522522523 0.02702702702702703 0.7358490566037735 0.2358490566037736 0.02830188679245283 0.9339622641509434 1036.068255778623 21.231244188961252 111
0.8888888888888888 0.1111111111111111 0.0 0.8839285714285714 0.11607142857142858 0.0 0.8660714285714286 1032.3453715382584 21.15768269701438 117
0.8791946308724832 0.12080536912751678 0.0 0.875 0.125 0.0 0.7986111111111112 1086.35126047233 19.283846617161448 149
0.99 0.01 0.0 0.9894736842105263 0.010526315789473684 0.0 0.7473684210526316 1050.1910908036086 19.805925364498776 100
0.9166666666666666 0.08333333333333333 0.0 0.9130434782608695 0.08695652173913043 0.0 0.7565217391304347 1081.065248951382 19.986175009351978 120
0.9279279279279279 0.07207207207207207 0.0 0.9245283018867925 0.07547169811320754 0.0 0.839622641509434 1087.3533242218134 22.269586248312972 111
0.954954954954955 0.04504504504504504 0.0 0.9528301886792453 0.04716981132075472 0.0 1.0 1058.0035366668815 21.687675747725102 111
0.8780487804878049 0.12195121951219512 0.0 0.8728813559322034 0.1271186440677966 0.0 0.8220338983050848 1061.467311465506 20.755817508779064 123
0.9347826086956522 0.06521739130434782 0.0 0.9323308270676691 0.06766917293233082 0.0 0.7969924812030075 1040.9842395340818 19.776193719705468 138
0.8939393939393939 0.10606060606060606 0.0 0.889763779527559 0.11023622047244094 0.0 0.8818897637795275 1003.6400842210982 20.44443034291053 132
0.8130841121495327 0.14953271028037382 0.037383177570093455 0.803921568627451 0.1568627450980392 0.0392156862745098 0.6764705882352942 1057.571326686632 22.62455079091074 107
0.9357798165137615 0.06422018348623854 0.0 0.9519230769230769 0.04807692307692308 0.0 0.6923076923076923 1051.1310468385732 19.138035097639627 109
0.9456521739130435 0.05434782608695652 0.0 0.9425287356321839 0.05747126436781609 0.0 0.6896551724137931 1087.1125467048794 22.398296758418233 92
0.75 0.22972972972972974 0.02027027027027027 0.7412587412587412 0.23776223776223776 0.02097902097902098 0.7832167832167832 1081.0006216765814 19.76669045737873 148
0.9553571428571429 0.044642857142857144 0.0 0.9532710280373832 0.04672897196261682 0.0 0.6822429906542056 1087.035781071036 20.265432553690353 112
0.8979591836734694 0.10204081632653061 0.0 0.8943661971830986 0.1056338028169014 0.0 0.7464788732394366 1087.289414374624 19.773113418875578 147
0.8863636363636364 0.11363636363636363 0.0 0.8795180722891566 0.12048192771084337 0.0 1.0 1060.7799828138134 26.98066302348869 88
0.9772727272727273 0.022727272727272728 0.0 0.9759036144578314 0.024096385542168676 0.0 1.0 1051.3289515013853 24.18599269579396 88
0.9655172413793104 0.034482758620689655 0.0 0.972972972972973 0.02702702702702703 0.0 0.7657657657657657 1020.6283529466922 19.624468897583547 116
0.9173553719008265 0.08264462809917356 0.0 0.9137931034482759 0.08620689655172414 0.0 0.7327586206896551 1087.3349708350338 20.87418560549211 121
0.9307692307692308 0.06923076923076923 0.0 0.928 0.072 0.0 1.0 1047.84450372195 21.150877092044084 130
0.9809523809523809 0.01904761904761905 0.0 0.98 0.02 0.0 0.76 1069.6909533777855 21.477196783099608 105
0.8348623853211009 0.11926605504587157 0.045871559633027525 0.8269230769230769 0.125 0.04807692307692308 0.8846153846153846 1074.9538408096455 21.581764879251217 109
0.7419354838709677 0.23225806451612904 0.025806451612903226 0.7333333333333333 0.24 0.02666666666666667 0.9066666666666666 1074.624764983602 18.607862386570933 155
0.8947368421052632 0.10526315789473684 0.0 0.8899082568807339 0.11009174311926606 0.0 0.7247706422018348 1041.6751818320856 21.341468052273903 114
0.9629629629629629 0.037037037037037035 0.0 0.9611650485436893 0.038834951456310676 0.0 0.8932038834951457 1051.3853967989187 22.673930284570595 108
0.8739495798319328 0.12605042016806722 0.0 0.8771929824561403 0.12280701754385964 0.0 0.7807017543859649 1044.7429171453346 19.900072904123668 119
0.922077922077922 0.07792207792207792 0.0 0.9194630872483222 0.08053691275167785 0.0 0.6644295302013423 1087.3841764097835 19.68433104732231 154
0.946969696969697 0.045454545454545456 0.007575757575757576 0.9448818897637795 0.047244094488188976 0.007874015748031496 0.7874015748031497 1073.1537870471661 21.613197163067692 132
0.9047619047619048 0.09523809523809523 0.0 0.9008264462809917 0.09917355371900827 0.0 0.8429752066115702 1053.1196217038578 20.541614077544935 126
0.8802816901408451 0.11971830985915492 0.0 0.8759124087591241 0.12408759124087591 0.0 0.9781021897810219 1080.7176583803237 21.255615058487347 142
0.8961038961038961 0.1038961038961039 0.0 0.8888888888888888 0.1111111111111111 0.0 0.7916666666666666 1058.0641079647085 20.263204269418715 77
0.7769784172661871 0.22302158273381295 0.0 0.7761194029850746 0.22388059701492538 0.0 0.5149253731343284 1077.7898500543088 21.27607950258026 139
0.9338842975206612 0.06611570247933884 0.0 0.9310344827586207 0.06896551724137931 0.0 0.7931034482758621 1079.2702334274168 20.32746458206346 121
0.908256880733945 0.09174311926605505 0.0 0.9038461538461539 0.09615384615384616 0.0 0.7596153846153846 1087.3767234196148 21.61133118744084 109
0.8976377952755905 0.10236220472440945 0.0 0.8934426229508197 0.10655737704918032 0.0 0.8032786885245902 1000.5491758723008 20.29301468153876 127
0.9134615384615384 0.08653846153846154 0.0 0.9090909090909091 0.09090909090909091 0.0 0.7272727272727273 1012.1147652310227 22.788882861868665 104
0.8833333333333333 0.11666666666666667 0.0 0.8782608695652174 0.12173913043478261 0.0 0.808695652173913 1081.7588305797365 21.526986215372002 120
0.8796296296296297 0.12037037037037036 0.0 0.883495145631068 0.11650485436893204 0.0 0.7766990291262136 1009.1734291513806 20.379733263590786 108
0.9270833333333334 0.07291666666666667 0.0 0.9340659340659341 0.06593406593406594 0.0 0.6263736263736264 1058.0626388558967 20.973562340588334 96
0.8981481481481481 0.10185185185185185 0.0 0.8932038834951457 0.10679611650485436 0.0 0.7961165048543689 1071.2262419848366 21.711495272841628 108
0.7741935483870968 0.18548387096774194 0.04032258064516129 0.7647058823529411 0.19327731092436976 0.04201680672268908 0.7226890756302521 1087.4632422769541 20.40395631621216 124
0.9477611940298507 0.05223880597014925 0.0 0.9457364341085271 0.05426356589147287 0.0 0.7441860465116279 1087.4107078438315 19.258672897659565 134
0.8737864077669902 0.1262135922330097 0.0 0.8673469387755102 0.1326530612244898 0.0 0.8775510204081632 1056.871511200371 23.011598626344604 103
0.9052631578947369 0.09473684210526316 0.0 0.9 0.1 0.0 0.8888888888888888 1078.5729261404078 21.205894942456922 95
0.9290322580645162 0.07096774193548387 0.0 0.9266666666666666 0.07333333333333333 0.0 0.7666666666666667 1084.5309377301753 19.676858474609624 155
0.8854961832061069 0.11450381679389313 0.0 0.8809523809523809 0.11904761904761904 0.0 0.8253968253968254 1050.6582039428017 20.634993985368 131
0.8852459016393442 0.11475409836065574 0.0 0.8803418803418803 0.11965811965811966 0.0 0.9914529914529915 1082.6917917144972 21.69512830992006 122
0.9325842696629213 0.056179775280898875 0.011235955056179775 0.9285714285714286 0.05952380952380952 0.011904761904761904 0.9166666666666666 1086.0255180563843 24.146881585728874 89
0.9846153846153847 0.015384615384615385 0.0 0.9833333333333333 0.016666666666666666 0.0 1.0 1005.3782677165193 22.805864495195877 65
0.8813559322033898 0.11864406779661017 0.0 0.8849557522123894 0.11504424778761062 0.0 0.672566371681416 1078.3456402144673 20.69152000927077 118
0.9217391304347826 0.0782608695652174 0.0 0.9181818181818182 0.08181818181818182 0.0 0.9363636363636364 1073.4524334376238 21.373864014433217 115
0.9008264462809917 0.09917355371900827 0.0 0.896551724137931 0.10344827586206896 0.0 0.7327586206896551 1076.9738609544984 20.115390974494773 121
0.84 0.12 0.04 0.8315789473684211 0.12631578947368421 0.042105263157894736 0.9473684210526315 1070.7733125208501 23.139656083906466 100
0.9032258064516129 0.08602150537634409 0.010752688172043012 0.8977272727272727 0.09090909090909091 0.011363636363636364 0.9659090909090909 1032.7340651732861 22.524429524067493 93
0.9595959595959596 0.04040404040404041 0.0 0.9574468085106383 0.0425531914893617 0.0 0.8191489361702128 1033.9213334872343 20.988170998078512 99
0.7635135135135135 0.1891891891891892 0.0472972972972973 0.7552447552447552 0.1958041958041958 0.04895104895104895 0.6363636363636364 1087.423986619951 20.499742801476838 148
0.9606299212598425 0.03937007874015748 0.0 0.9590163934426229 0.040983606557377046 0.0 0.8524590163934426 1051.9090171550863 21.12232285520905 127
0.9204545454545454 0.06818181818181818 0.011363636363636364 0.9156626506024096 0.07228915662650602 0.012048192771084338 0.927710843373494 962.7677639640352 23.889376008896935 88
0.9327731092436975 0.06722689075630252 0.0 0.9298245614035088 0.07017543859649122 0.0 0.7719298245614035 1054.0234363108273 20.1031184409314 119
0.9333333333333333 0.06666666666666667 0.0 0.9294117647058824 0.07058823529411765 0.0 1.0 1076.1956964871767 24.865608062220392 90
0.946236559139785 0.053763440860215055 0.0 0.9431818181818182 0.056818181818181816 0.0 0.7386363636363636 962.4991459484221 22.381992793295204 93
0.9291338582677166 0.07086614173228346 0.0 0.9262295081967213 0.07377049180327869 0.0 0.7868852459016393 1087.4882536076907 21.43958649240365 127
0.9357798165137615 0.06422018348623854 0.0 0.9326923076923077 0.0673076923076923 0.0 0.8942307692307693 1034.8369642972295 20.426916078632118 109
0.9391304347826087 0.06086956521739131 0.0 0.9363636363636364 0.06363636363636363 0.0 0.9 1035.9281246753453 21.541718683903515 115
0.9923664122137404 0.007633587786259542 0.0 0.9920634920634921 0.007936507936507936 0.0 0.8174603174603174 966.9369856063814 20.34913328485002 131
0.8165137614678899 0.13761467889908258 0.045871559633027525 0.8173076923076923 0.1346153846153846 0.04807692307692308 0.75 1020.176722109155 20.215887095553594 109
0.890625 0.109375 0.0 0.8861788617886179 0.11382113821138211 0.0 1.0 1067.0387172357268 22.091864842747693 128
0.9252336448598131 0.07476635514018691 0.0 0.9215686274509803 0.0784313725490196 0.0 0.803921568627451 1080.254834075951 21.69991679019198 107
0.9326923076923077 0.0673076923076923 0.0 0.9292929292929293 0.0707070707070707 0.0 0.8282828282828283 1086.1667638825256 21.637093509040145 104
0.9158878504672897 0.08411214953271028 0.0 0.9117647058823529 0.08823529411764706 0.0 0.6274509803921569 1086.941104545889 19.982738029649788 107
0.8829787234042553 0.11702127659574468 0.0 0.8876404494382022 0.11235955056179775 0.0 0.8539325842696629 1031.8640644675013 24.579207984070038 94
0.8709677419354839 0.12903225806451613 0.0 0.865546218487395 0.13445378151260504 0.0 0.7815126050420168 1087.368867793979 21.994654708345237 124
0.9469026548672567 0.05309734513274336 0.0 0.9444444444444444 0.05555555555555555 0.0 0.7222222222222222 1087.0570798582303 19.557552119371795 113
0.9166666666666666 0.08333333333333333 0.0 0.9136690647482014 0.08633093525179857 0.0 0.7913669064748201 1087.2154903521282 20.0198381792448 144
0.92 0.08 0.0 0.9172413793103448 0.08275862068965517 0.0 0.8482758620689655 1074.2573388543144 19.52659420175349 150
0.9247311827956989 0.07526881720430108 0.0 0.9204545454545454 0.07954545454545454 0.0 0.6363636363636364 1087.246472500444 21.053092512520006 93
0.9098360655737705 0.09016393442622951 0.0 0.905982905982906 0.09401709401709402 0.0 0.8632478632478633 1055.7974239780776 21.172230558074318 122
0.9173553719008265 0.08264462809917356 0.0 0.9137931034482759 0.08620689655172414 0.0 0.853448275862069 1084.700750316259 22.1887422790055 121
0.8869565217391304 0.09565217391304348 0.017391304347826087 0.8818181818181818 0.1 0.01818181818181818 0.8636363636363636 1053.2216794774154 22.866717648867816 115
0.9150943396226415 0.08490566037735849 0.0 0.9108910891089109 0.0891089108910891 0.0 0.7722772277227723 1053.4530879151196 19.52383654856674 106
0.8584070796460177 0.1415929203539823 0.0 0.8518518518518519 0.14814814814814814 0.0 0.8148148148148148 1080.2324622552478 21.334373425457635 113
0.952 0.048 0.0 0.95 0.05 0.0 0.7166666666666667 1040.0067698540993 19.644951779540698 125
0.8333333333333334 0.15625 0.010416666666666666 0.8241758241758241 0.16483516483516483 0.01098901098901099 0.8351648351648352 1034.2798416050673 22.193383871242023 96
0.9036144578313253 0.0963855421686747 0.0 0.8974358974358975 0.10256410256410256 0.0 0.8974358974358975 1025.3782431102304 21.269439804779672 83
0.8674698795180723 0.12048192771084337 0.012048192771084338 0.8589743589743589 0.1282051282051282 0.01282051282051282 0.9615384615384616 1005.608412328405 24.04861535414882 83
0.9078014184397163 0.09219858156028368 0.0 0.9044117647058824 0.09558823529411764 0.0 0.9779411764705882 1044.5642035084074 21.18406571828702 141
0.7952755905511811 0.2047244094488189 0.0 0.7868852459016393 0.21311475409836064 0.0 0.8278688524590164 1075.2650596530968 20.916107418443158 127
0.9117647058823529 0.08823529411764706 0.0 0.9083969465648855 0.0916030534351145 0.0 0.8091603053435115 1051.018966882172 20.326429098973684 136
0.9325842696629213 0.06741573033707865 0.0 0.9285714285714286 0.07142857142857142 0.0 0.9404761904761905 1060.7209016790703 23.243232742810225 89
0.9122807017543859 0.08771929824561403 0.0 0.908256880733945 0.09174311926605505 0.0 0.7798165137614679 1079.089817435391 22.538974039483534 114
0.8449612403100775 0.15503875968992248 0.0 0.8387096774193549 0.16129032258064516 0.0 0.6693548387096774 1087.1652190858708 20.359824690922657 129
0.8888888888888888 0.1111111111111111 0.0 0.883495145631068 0.11650485436893204 0.0 0.8446601941747572 1072.8483272843487 22.330424324303998 108
0.8429752066115702 0.15702479338842976 0.0 0.8448275862068966 0.15517241379310345 0.0 0.8706896551724138 1079.3565726212307 22.782406622405986 121
0.9444444444444444 0.05555555555555555 0.0 0.9421487603305785 0.05785123966942149 0.0 0.8181818181818182 1053.1805313200384 21.25566234662867 126
0.979381443298969 0.020618556701030927 0.0 0.9782608695652174 0.021739130434782608 0.0 1.0 1062.935538024107 23.482059357340606 97
0.9583333333333334 0.041666666666666664 0.0 0.9560439560439561 0.04395604395604396 0.0 0.7912087912087912 1078.262805072028 21.217682817268965 96
0.8294573643410853 0.16279069767441862 0.007751937984496124 0.8225806451612904 0.1693548387096774 0.008064516129032258 1.0 1056.3939607408454 21.319394596986434 129
0.8991596638655462 0.09243697478991597 0.008403361344537815 0.8947368421052632 0.09649122807017543 0.008771929824561403 0.8771929824561403 1001.6964435431167 22.26138983351299 119
0.912621359223301 0.07766990291262135 0.009708737864077669 0.9081632653061225 0.08163265306122448 0.01020408163265306 0.9081632653061225 1044.4602012525802 21.876866692689614 103
0.9636363636363636 0.03636363636363636 0.0 0.9619047619047619 0.0380952380952381 0.0 0.7904761904761904 1086.7762414894903 23.098147594762313 110
0.8879310344827587 0.11206896551724138 0.0 0.8828828828828829 0.11711711711711711 0.0 0.7927927927927928 1074.3104515159341 20.918680458713663 116
0.9692307692307692 0.03076923076923077 0.0 0.968 0.032 0.0 0.832 1064.662633965833 20.956730294083425 130
0.9318181818181818 0.06818181818181818 0.0 0.9397590361445783 0.060240963855421686 0.0 0.8192771084337349 1016.9345558268392 21.472000795661152 88
0.8857142857142857 0.11428571428571428 0.0 0.8814814814814815 0.11851851851851852 0.0 0.7925925925925926 1052.1999099774575 20.1489418400492 140
0.976 0.024 0.0 0.975 0.025 0.0 0.7333333333333333 1069.1125126068976 19.497876045972603 125
0.9230769230769231 0.07692307692307693 0.0 0.92 0.08 0.0 0.856 1084.711159769741 20.624184384585586 130
0.8278688524590164 0.16393442622950818 0.00819672131147541 0.8205128205128205 0.17094017094017094 0.008547008547008548 0.8290598290598291 1027.2645593890466 19.446689807713177 122
0.875 0.125 0.0 0.8705035971223022 0.12949640287769784 0.0 0.7769784172661871 1083.1122569276597 19.960900500319184 144
0.9296482412060302 0.06030150753768844 0.010050251256281407 0.9278350515463918 0.061855670103092786 0.010309278350515464 0.7731958762886598 1087.1640994915224 18.23859313456949 199
0.8490566037735849 0.12264150943396226 0.02830188679245283 0.8514851485148515 0.1188118811881188 0.0297029702970297 0.900990099009901 1059.9128513594121 20.79228940469856 106
0.9256198347107438 0.0743801652892562 0.0 0.9224137931034483 0.07758620689655173 0.0 0.8793103448275862 1035.503053472301 20.576498400109593 121
0.8383838383838383 0.15151515151515152 0.010101010101010102 0.8404255319148937 0.14893617021276595 0.010638297872340425 0.7872340425531915 1071.9884254236836 21.46083899889964 99
0.8 0.15 0.05 0.7913043478260869 0.1565217391304348 0.05217391304347826 0.9217391304347826 1071.7290969403166 21.396412335637823 120
0.904 0.096 0.0 0.9 0.1 0.0 0.65 1071.9833674998797 22.009414966751027 125
0.9734513274336283 0.02654867256637168 0.0 0.9722222222222222 0.027777777777777776 0.0 0.7685185185185185 953.451406482305 20.010473533578953 113
0.9401709401709402 0.05982905982905983 0.0 0.9375 0.0625 0.0 0.8571428571428571 1087.3304246552261 21.19417835128584 117
0.9324324324324325 0.06756756756756757 0.0 0.9300699300699301 0.06993006993006994 0.0 0.8811188811188811 1086.9219400095149 20.09130529629588 148
0.9572649572649573 0.042735042735042736 0.0 0.9553571428571429 0.044642857142857144 0.0 0.9107142857142857 1072.634540152315 20.11231790286127 117
0.9470198675496688 0.052980132450331126 0.0 0.9452054794520548 0.0547945205479452 0.0 0.773972602739726 1075.1304276280396 19.668291777843194 151
0.9101123595505618 0.0898876404494382 0.0 0.9047619047619048 0.09523809523809523 0.0 0.9761904761904762 1079.095957718238 21.15721414388702 89
0.868421052631579 0.13157894736842105 0.0 0.8639455782312925 0.1360544217687075 0.0 0.8639455782312925 1087.4554524620853 19.33978415846796 152
0.8823529411764706 0.11764705882352941 0.0 0.8762886597938144 0.12371134020618557 0.0 0.7835051546391752 1026.171745721097 22.147958018984692 102
0.9512195121951219 0.04878048780487805 0.0 0.9491525423728814 0.05084745762711865 0.0 0.8389830508474576 1009.7499816270774 19.79470238886524 123
0.8396946564885496 0.16030534351145037 0.0 0.8333333333333334 0.16666666666666666 0.0 0.873015873015873 1036.6767321352015 21.159651642155257 131
0.9105691056910569 0.08130081300813008 0.008130081300813009 0.9067796610169492 0.0847457627118644 0.00847457627118644 0.6779661016949152 1086.4232872095695 21.105896869519523 123
0.9333333333333333 0.06666666666666667 0.0 0.9307692307692308 0.06923076923076923 0.0 0.7 1087.4736875024896 20.10638495737971 135
0.907563025210084 0.09243697478991597 0.0 0.9035087719298246 0.09649122807017543 0.0 0.8859649122807017 1070.9117395418627 21.783540679772173 119
0.8717948717948718 0.1282051282051282 0.0 0.8660714285714286 0.13392857142857142 0.0 0.9910714285714286 1068.0441882898199 22.414615539037573 117
0.89 0.11 0.0 0.8842105263157894 0.11578947368421053 0.0 0.7684210526315789 1065.266611678935 21.38188049688975 100
0.9175257731958762 0.08247422680412371 0.0 0.9130434782608695 0.08695652173913043 0.0 0.8043478260869565 1082.8672674398103 21.55135203708366 97
0.9202898550724637 0.07971014492753623 0.0 0.924812030075188 0.07518796992481203 0.0 0.8947368421052632 1083.8730386801444 19.556888453655628 138
0.9504132231404959 0.049586776859504134 0.0 0.9482758620689655 0.05172413793103448 0.0 0.6637931034482759 1087.439126653379 20.710635721233068 121
0.87 0.13 0.0 0.8631578947368421 0.1368421052631579 0.0 0.7789473684210526 1087.194436995913 22.942636179713965 100
0.9606299212598425 0.03937007874015748 0.0 0.9590163934426229 0.040983606557377046 0.0 0.8278688524590164 1024.560052657113 20.46335602142747 127
0.8823529411764706 0.11764705882352941 0.0 0.8762886597938144 0.12371134020618557 0.0 0.6907216494845361 1047.2713687896776 23.212514605159818 102
0.8571428571428571 0.14285714285714285 0.0 0.8494623655913979 0.15053763440860216 0.0 0.9032258064516129 1084.6031974920752 22.65109019407729 98
0.90625 0.09375 0.0 0.9010989010989011 0.0989010989010989 0.0 0.7362637362637363 1035.06952067149 22.40529647806242 96
0.8440366972477065 0.14678899082568808 0.009174311926605505 0.8461538461538461 0.14423076923076922 0.009615384615384616 0.8846153846153846 935.2852629240278 19.93104891223493 109
0.897196261682243 0.102803738317757 0.0 0.8921568627450981 0.10784313725490197 0.0 0.8725490196078431 1008.4743422397833 20.639178567311667 107
0.9145299145299145 0.08547008547008547 0.0 0.9107142857142857 0.08928571428571429 0.0 0.9732142857142857 1086.3934332535769 19.4669673036645 117
0.9672131147540983 0.03278688524590164 0.0 0.9658119658119658 0.03418803418803419 0.0 0.8034188034188035 1002.8932820927117 19.7637158455868 122
0.983739837398374 0.016260162601626018 0.0 0.9830508474576272 0.01694915254237288 0.0 0.940677966101695 1073.4135538572245 21.192829742940198 123
0.8363636363636363 0.16363636363636364 0.0 0.8285714285714286 0.17142857142857143 0.0 0.7714285714285715 1085.91400007325 21.499734555191882 110
0.8790322580645161 0.12096774193548387 0.0 0.8739495798319328 0.12605042016806722 0.0 0.8403361344537815 1049.7604604037135 21.3632761924936 124
0.9065420560747663 0.09345794392523364 0.0 0.9019607843137255 0.09803921568627451 0.0 0.8529411764705882 1059.203972946899 21.19379679268191 107
0.912621359223301 0.08737864077669903 0.0 0.9081632653061225 0.09183673469387756 0.0 0.9081632653061225 1059.9687832054244 22.56911047370044 103
0.8981481481481481 0.10185185185185185 0.0 0.8932038834951457 0.10679611650485436 0.0 0.8932038834951457 1086.3958837119535 21.069745760862943 108
0.9158878504672897 0.08411214953271028 0.0 0.9117647058823529 0.08823529411764706 0.0 0.9803921568627451 1083.5711529820076 22.673800951701775 107
0.9051094890510949 0.0948905109489051 0.0 0.9015151515151515 0.09848484848484848 0.0 0.7651515151515151 1087.2242271965986 20.07329369571587 137
0.9690721649484536 0.030927835051546393 0.0 0.967391304347826 0.03260869565217391 0.0 0.782608695652174 1086.2092012632309 21.910564595351467 97
0.9416666666666667 0.058333333333333334 0.0 0.9391304347826087 0.06086956521739131 0.0 0.7130434782608696 1078.0262287962364 20.65236170044049 120
0.9029850746268657 0.09701492537313433 0.0 0.8992248062015504 0.10077519379844961 0.0 0.875968992248062 993.7259637670237 20.06351769067286 134
0.8715596330275229 0.11926605504587157 0.009174311926605505 0.8653846153846154 0.125 0.009615384615384616 0.8846153846153846 947.5665979606334 21.823678029799723 109
0.9519230769230769 0.04807692307692308 0.0 0.9494949494949495 0.050505050505050504 0.0 0.797979797979798 1065.1292611431836 23.33831332297857 104
0.96875 0.03125 0.0 0.967032967032967 0.03296703296703297 0.0 0.8461538461538461 1084.9819543095746 20.103634434980815 96
0.91 0.09 0.0 0.9052631578947369 0.09473684210526316 0.0 1.0 1047.7177086170416 22.502725838326093 100
0.9652173913043478 0.034782608695652174 0.0 0.9636363636363636 0.03636363636363636 0.0 1.0 1064.5999357806277 22.882088175984116 115
0.8682170542635659 0.13178294573643412 0.0 0.8709677419354839 0.12903225806451613 0.0 0.7338709677419355 1078.6684060150506 20.128094331436206 129
0.9264705882352942 0.07352941176470588 0.0 0.9236641221374046 0.07633587786259542 0.0 0.7709923664122137 1087.005581481191 19.38678383931691 136
0.8924731182795699 0.10752688172043011 0.0 0.8863636363636364 0.11363636363636363 0.0 1.0 1046.847799595043 23.23620280273336 93
0.8554216867469879 0.13253012048192772 0.012048192771084338 0.8461538461538461 0.14102564102564102 0.01282051282051282 1.0 1056.3133104816495 25.438551454605914 83
0.9496402877697842 0.050359712230215826 0.0 0.9477611940298507 0.05223880597014925 0.0 0.7014925373134329 1087.0020078315233 20.282303239083852 139
0.8727272727272727 0.11818181818181818 0.00909090909090909 0.8666666666666667 0.12380952380952381 0.009523809523809525 0.7047619047619048 1087.2895031044009 19.396778164233844 110
0.9156626506024096 0.08433734939759036 0.0 0.9102564102564102 0.08974358974358974 0.0 0.8846153846153846 1062.4216507567176 20.31682294096916 83
0.90625 0.09375 0.0 0.9105691056910569 0.08943089430894309 0.0 0.7479674796747967 1087.480752421489 20.712319724169415 128
0.9083969465648855 0.0916030534351145 0.0 0.9047619047619048 0.09523809523809523 0.0 0.8174603174603174 1087.313517524861 21.561756191038903 131
0.9238095238095239 0.0761904761904762 0.0 0.92 0.08 0.0 0.67 1084.9875178748864 21.288155814570125 105
0.8148148148148148 0.17777777777777778 0.007407407407407408 0.8076923076923077 0.18461538461538463 0.007692307692307693 0.7384615384615385 942.0146300281901 20.23421623772604 135
0.9041095890410958 0.0958904109589041 0.0 0.900709219858156 0.09929078014184398 0.0 0.7375886524822695 1084.2040919471265 20.182205667126247 146
0.9191919191919192 0.08080808080808081 0.0 0.9148936170212766 0.0851063829787234 0.0 0.8936170212765957 1051.6071895544394 22.465446399773988 99
0.9428571428571428 0.05714285714285714 0.0 0.94 0.06 0.0 0.98 1041.2831556297506 21.76624007232518 105
0.9338842975206612 0.05785123966942149 0.008264462809917356 0.9396551724137931 0.05172413793103448 0.008620689655172414 0.8103448275862069 1041.0389985410015 20.02459736939818 121
0.9 0.1 0.0 0.8947368421052632 0.10526315789473684 0.0 0.9157894736842105 1007.0322693054806 20.51428916420264 100
0.9465648854961832 0.05343511450381679 0.0 0.9444444444444444 0.05555555555555555 0.0 0.9365079365079365 1057.7297846935787 20.16616794931708 131
0.9032258064516129 0.0967741935483871 0.0 0.8991596638655462 0.10084033613445378 0.0 0.7899159663865546 1082.8441423763115 19.992612358456526 124
0.8863636363636364 0.10606060606060606 0.007575757575757576 0.8818897637795275 0.11023622047244094 0.007874015748031496 0.8188976377952756 1081.2029567772252 20.093721185789843 132
0.9145299145299145 0.08547008547008547 0.0 0.9107142857142857 0.08928571428571429 0.0 1.0 1060.4622173916791 21.166284065316084 117
0.9647058823529412 0.03529411764705882 0.0 0.9625 0.0375 0.0 1.0 1017.2862540506237 23.454739612235443 85
0.9484536082474226 0.05154639175257732 0.0 0.9456521739130435 0.05434782608695652 0.0 0.8913043478260869 1085.296319693783 22.515004762324626 97
0.8807339449541285 0.11009174311926606 0.009174311926605505 0.875 0.11538461538461539 0.009615384615384616 0.8076923076923077 1086.7922718701564 21.107649917319574 109
0.8365384615384616 0.16346153846153846 0.0 0.8282828282828283 0.1717171717171717 0.0 1.0 1053.3338392368155 23.914458022484602 104
0.865979381443299 0.12371134020618557 0.010309278350515464 0.8586956521739131 0.13043478260869565 0.010869565217391304 0.7934782608695652 1036.721811383068 20.831575028056275 97
0.9911504424778761 0.008849557522123894 0.0 0.9907407407407407 0.009259259259259259 0.0 0.8055555555555556 983.0291184025488 19.38723024622372 113
0.8916666666666667 0.10833333333333334 0.0 0.8869565217391304 0.11304347826086956 0.0 0.8869565217391304 1054.1177200577667 21.44274698273859 120
0.9504950495049505 0.04950495049504951 0.0 0.9479166666666666 0.052083333333333336 0.0 0.8958333333333334 1033.4588850334185 22.92883977094183 101
0.852112676056338 0.1267605633802817 0.02112676056338028 0.8467153284671532 0.13138686131386862 0.021897810218978103 0.6788321167883211 1087.2352031349305 19.93740938410388 142
0.8837209302325582 0.11627906976744186 0.0 0.8765432098765432 0.12345679012345678 0.0 1.0 1050.44653658792 25.093983101113604 86
0.9435483870967742 0.056451612903225805 0.0 0.9411764705882353 0.058823529411764705 0.0 0.8151260504201681 1086.883294658547 19.831236074352 124
0.9032258064516129 0.0967741935483871 0.0 0.8991596638655462 0.10084033613445378 0.0 0.8403361344537815 1075.8339243194714 20.736751207800516 124
0.9323308270676691 0.06766917293233082 0.0 0.9296875 0.0703125 0.0 0.953125 1061.7278339369977 20.56050553089522 133
0.9696969696969697 0.030303030303030304 0.0 0.968503937007874 0.031496062992125984 0.0 0.8661417322834646 1038.1771244738914 20.38739355371099 132
0.911504424778761 0.08849557522123894 0.0 0.9074074074074074 0.09259259259259259 0.0 0.8240740740740741 1076.6303037087664 20.262046130248322 113
0.8529411764705882 0.14705882352941177 0.0 0.845360824742268 0.15463917525773196 0.0 0.7835051546391752 1074.600246667606 18.99273386188495 102
0.9735099337748344 0.026490066225165563 0.0 0.9726027397260274 0.0273972602739726 0.0 0.8767123287671232 991.6171711514314 18.88242953308254 151
0.9692307692307692 0.03076923076923077 0.0 0.976 0.024 0.0 0.904 1067.4571321350993 20.07499825640453 130
0.9523809523809523 0.047619047619047616 0.0 0.95 0.05 0.0 0.86 1029.7145385712165 20.33422217086846 105
0.851063829787234 0.13829787234042554 0.010638297872340425 0.8426966292134831 0.14606741573033707 0.011235955056179775 0.9101123595505618 951.5635607405054 22.322884372686506 94
0.9680851063829787 0.031914893617021274 0.0 0.9662921348314607 0.033707865168539325 0.0 0.9438202247191011 1079.6881633576436 22.412177181892773 94
0.918918918918919 0.08108108108108109 0.0 0.916083916083916 0.08391608391608392 0.0 0.7552447552447552 1082.617423448263 18.662139780719617 148
0.9166666666666666 0.08333333333333333 0.0 0.912621359223301 0.08737864077669903 0.0 0.7961165048543689 1051.9786407262563 21.660135418969897 108
0.822429906542056 0.1588785046728972 0.018691588785046728 0.8137254901960784 0.16666666666666666 0.0196078431372549 0.8823529411764706 1082.9592322322517 22.165409761197292 107
0.8796296296296297 0.1111111111111111 0.009259259259259259 0.883495145631068 0.10679611650485436 0.009708737864077669 0.6990291262135923 1075.311990669532 21.9777156821289 108
0.9245283018867925 0.07547169811320754 0.0 0.9207920792079208 0.07920792079207921 0.0 0.8217821782178217 1064.377123861174 22.812575456383428 106
0.9438202247191011 0.056179775280898875 0.0 0.9404761904761905 0.05952380952380952 0.0 0.8452380952380952 1079.1769206202896 21.886281368966504 89
0.860655737704918 0.13934426229508196 0.0 0.8632478632478633 0.13675213675213677 0.0 0.7692307692307693 1086.1424299131734 21.1394053725717 122
0.9420289855072463 0.057971014492753624 0.0 0.9473684210526315 0.05263157894736842 0.0 0.8571428571428571 1078.4277201397035 20.48548326380041 138
0.8863636363636364 0.11363636363636363 0.0 0.8818897637795275 0.11811023622047244 0.0 0.8188976377952756 1017.4870317168927 20.60732281197143 132
0.8928571428571429 0.10714285714285714 0.0 0.8888888888888888 0.1111111111111111 0.0 0.9407407407407408 1073.9033664639037 20.763048429934273 140
0.9214285714285714 0.07142857142857142 0.007142857142857143 0.9185185185185185 0.07407407407407407 0.007407407407407408 0.7851851851851852 1087.2606073825639 19.003489820609218 140
0.8978102189781022 0.10218978102189781 0.0 0.8939393939393939 0.10606060606060606 0.0 0.7272727272727273 1087.4705791298463 19.22458515528371 137
0.90625 0.09375 0.0 0.9024390243902439 0.0975609756097561 0.0 0.9349593495934959 1019.6501829820729 20.349049501636284 128
0.925531914893617 0.07446808510638298 0.0 0.9213483146067416 0.07865168539325842 0.0 0.8539325842696629 1051.049812714265 22.327199352867662 94
0.905982905982906 0.09401709401709402 0.0 0.9017857142857143 0.09821428571428571 0.0 0.9732142857142857 983.0848680760769 21.193507498370643 117
0.8828125 0.109375 0.0078125 0.8780487804878049 0.11382113821138211 0.008130081300813009 0.7398373983739838 1067.213436374588 20.708530030254206 128
0.88 0.12 0.0 0.8736842105263158 0.12631578947368421 0.0 0.7263157894736842 1074.60070952715 22.929221890908313 100
0.8765432098765432 0.1111111111111111 0.012345679012345678 0.868421052631579 0.11842105263157894 0.013157894736842105 0.8157894736842105 996.2527188632899 22.149992871090483 81
0.952755905511811 0.047244094488188976 0.0 0.9508196721311475 0.04918032786885246 0.0 0.7213114754098361 1087.3174566248179 19.934622636970076 127
0.9166666666666666 0.07407407407407407 0.009259259259259259 0.912621359223301 0.07766990291262135 0.009708737864077669 0.941747572815534 1059.198674344574 21.683952221428086 108
0.9112903225806451 0.08064516129032258 0.008064516129032258 0.907563025210084 0.08403361344537816 0.008403361344537815 0.7983193277310925 1034.6094961534075 20.965404888712865 124
0.9504132231404959 0.049586776859504134 0.0 0.9482758620689655 0.05172413793103448 0.0 0.9913793103448276 1083.4973397681993 21.036466694049984 121
0.8898305084745762 0.11016949152542373 0.0 0.8849557522123894 0.11504424778761062 0.0 0.9646017699115044 1055.9651339645886 22.390680795773374 118
0.9090909090909091 0.09090909090909091 0.0 0.9051724137931034 0.09482758620689655 0.0 0.896551724137931 1032.24969298359 20.47533118774051 121
0.9647058823529412 0.03529411764705882 0.0 0.9625 0.0375 0.0 0.75 1045.037344284263 22.63350754584087 85
0.8992248062015504 0.10077519379844961 0.0 0.8951612903225806 0.10483870967741936 0.0 0.9193548387096774 1046.1654402535846 19.63727920470396 129
0.9338842975206612 0.06611570247933884 0.0 0.9310344827586207 0.06896551724137931 0.0 0.7068965517241379 1087.327634911881 19.89988578679172 121
0.8712871287128713 0.10891089108910891 0.019801980198019802 0.8645833333333334 0.11458333333333333 0.020833333333333332 0.96875 1053.0463984881803 23.14916447522217 101
0.897196261682243 0.102803738317757 0.0 0.9019607843137255 0.09803921568627451 0.0 0.8823529411764706 1079.3793570837267 22.98637832388021 107
0.9069767441860465 0.09302325581395349 0.0 0.9012345679012346 0.09876543209876543 0.0 0.8271604938271605 1069.7394124632215 20.505237485961683 86
0.680327868852459 0.2786885245901639 0.040983606557377046 0.6666666666666666 0.2905982905982906 0.042735042735042736 1.0 1077.9591985054292 20.42544234358661 122
0.8814814814814815 0.11851851851851852 0.0 0.8769230769230769 0.12307692307692308 0.0 0.7076923076923077 1071.6097761454591 21.222852252405502 135
0.851063829787234 0.14893617021276595 0.0 0.8529411764705882 0.14705882352941177 0.0 0.7058823529411765 1087.4306427699967 18.69064965173698 141
0.9305555555555556 0.06944444444444445 0.0 0.9280575539568345 0.07194244604316546 0.0 0.920863309352518 996.5292508798892 19.509773738742677 144
0.7608695652173914 0.21739130434782608 0.021739130434782608 0.7471264367816092 0.22988505747126436 0.022988505747126436 0.8505747126436781 1073.9479934273643 23.33999708876927 92
0.9574468085106383 0.0425531914893617 0.0 0.9550561797752809 0.0449438202247191 0.0 0.9887640449438202 976.9526041182876 22.417958161430953 94
0.9065420560747663 0.09345794392523364 0.0 0.9019607843137255 0.09803921568627451 0.0 0.7450980392156863 1053.3374497399466 20.09236360577208 107
0.9133333333333333 0.08666666666666667 0.0 0.9103448275862069 0.0896551724137931 0.0 0.6827586206896552 1013.133242106474 19.72306575695857 150
0.91 0.09 0.0 0.9052631578947369 0.09473684210526316 0.0 0.7578947368421053 1060.2299058369035 21.39849913181582 100
0.9634146341463414 0.036585365853658534 0.0 0.961038961038961 0.03896103896103896 0.0 0.7402597402597403 1081.80782492293 22.61688715710214 82
0.8888888888888888 0.09259259259259259 0.018518518518518517 0.883495145631068 0.0970873786407767 0.019417475728155338 0.8446601941747572 1013.9569277968058 21.678915075974686 108
0.9403973509933775 0.059602649006622516 0.0 0.9383561643835616 0.06164383561643835 0.0 0.773972602739726 1027.556238121136 20.705585834106476 151
0.9576271186440678 0.0423728813559322 0.0 0.9557522123893806 0.04424778761061947 0.0 0.8495575221238938 1059.2286332573942 20.238680525244597 118
0.8955223880597015 0.1044776119402985 0.0 0.8914728682170543 0.10852713178294573 0.0 0.6821705426356589 1086.9456704378545 19.921255752054268 134
0.9272727272727272 0.07272727272727272 0.0 0.9238095238095239 0.0761904761904762 0.0 0.8285714285714286 1049.4943546718118 23.142510749862225 110
0.9390243902439024 0.06097560975609756 0.0 0.935064935064935 0.06493506493506493 0.0 0.8961038961038961 1052.7361803070519 21.79125076308154 82
0.8827586206896552 0.11724137931034483 0.0 0.8785714285714286 0.12142857142857143 0.0 0.8357142857142857 1063.575858068446 19.470541303946483 145
0.8677685950413223 0.12396694214876033 0.008264462809917356 0.8620689655172413 0.12931034482758622 0.008620689655172414 0.7672413793103449 1087.4520660938 20.988535099832177 121
0.9615384615384616 0.038461538461538464 0.0 0.9595959595959596 0.04040404040404041 0.0 0.9494949494949495 1029.363812014925 22.00810182709011 104
0.8620689655172413 0.13793103448275862 0.0 0.8536585365853658 0.14634146341463414 0.0 1.0 1050.484844258334 23.097770172034856 87
0.9166666666666666 0.08333333333333333 0.0 0.912621359223301 0.08737864077669903 0.0 0.9320388349514563 1076.5488322999847 22.544842065330254 108
0.9180327868852459 0.08196721311475409 0.0 0.9145299145299145 0.08547008547008547 0.0 0.8461538461538461 1051.2534367322514 21.11647080265105 122
0.9411764705882353 0.058823529411764705 0.0 0.9365079365079365 0.06349206349206349 0.0 1.0 1056.9088080833465 27.238856123905315 68
0.9375 0.0625 0.0 0.9349593495934959 0.06504065040650407 0.0 0.6422764227642277 1082.5416009455214 19.896984611708962 128
0.8913043478260869 0.10144927536231885 0.007246376811594203 0.8872180451127819 0.10526315789473684 0.007518796992481203 0.706766917293233 1023.8213785370571 20.14144664915351 138
0.9367088607594937 0.06329113924050633 0.0 0.9324324324324325 0.06756756756756757 0.0 0.8648648648648649 1027.9366026148584 21.801339952470137 79
0.937007874015748 0.06299212598425197 0.0 0.9344262295081968 0.06557377049180328 0.0 0.819672131147541 1035.3928416670576 20.483726258004353 127
0.9090909090909091 0.09090909090909091 0.0 0.9027777777777778 0.09722222222222222 0.0 0.875 1045.5213453199483 23.729140478323327 77
0.8666666666666667 0.13333333333333333 0.0 0.8695652173913043 0.13043478260869565 0.0 0.7913043478260869 1066.676147654975 21.067966924298137 120
0.952755905511811 0.047244094488188976 0.0 0.9508196721311475 0.04918032786885246 0.0 0.8114754098360656 1056.0936964105774 20.9101958778983 127
0.8961038961038961 0.1038961038961039 0.0 0.8993288590604027 0.10067114093959731 0.0 0.8993288590604027 1085.6848114373377 20.29856265393995 154
0.8536585365853658 0.14634146341463414 0.0 0.847457627118644 0.15254237288135594 0.0 0.7966101694915254 1058.5030517324594 20.979736235766183 123
0.8547008547008547 0.1452991452991453 0.0 0.8482142857142857 0.15178571428571427 0.0 0.9017857142857143 1000.0884174360035 20.385729954516133 117
0.9739130434782609 0.02608695652173913 0.0 0.9727272727272728 0.02727272727272727 0.0 0.9727272727272728 1067.3046540343062 22.006381289363052 115
0.925 0.075 0.0 0.92 0.08 0.0 0.8266666666666667 923.5282258429525 23.794995308234697 80
0.8931297709923665 0.10687022900763359 0.0 0.8888888888888888 0.1111111111111111 0.0 0.8571428571428571 1079.2053560168752 20.632192039771947 131
0.86875 0.13125 0.0 0.864516129032258 0.13548387096774195 0.0 0.7483870967741936 1084.5203717064355 19.890863804652103 160
0.9191919191919192 0.08080808080808081 0.0 0.9148936170212766 0.0851063829787234 0.0 0.6382978723404256 1041.132184333237 21.425093803910467 99
0.95 0.05 0.0 0.9473684210526315 0.05263157894736842 0.0 0.8210526315789474 1065.086193781412 19.926663500232728 100
0.8648648648648649 0.12612612612612611 0.009009009009009009 0.8584905660377359 0.1320754716981132 0.009433962264150943 0.7547169811320755 999.6317584976193 21.299550804849915 111
0.9020979020979021 0.0979020979020979 0.0 0.8985507246376812 0.10144927536231885 0.0 0.855072463768116 1087.4083074811895 20.921555645429255 143
0.8939393939393939 0.10606060606060606 0.0 0.889763779527559 0.11023622047244094 0.0 0.984251968503937 997.8618386961784 19.348285827633855 132
