1.0 0.0 0.0 1.0 0.0 0.0 0.9908256880733946 1015.8977800182852 20.442339095005025 114
0.9433962264150944 0.05660377358490566 0.0 0.9415584415584416 0.05844155844155844 0.0 0.7077922077922078 1087.0606018544188 18.664570586441346 159
1.0 0.0 0.0 1.0 0.0 0.0 0.773109243697479 1034.6235550820763 18.693697590589323 124
0.8888888888888888 0.1111111111111111 0.0 0.8823529411764706 0.11764705882352941 0.0 0.7058823529411765 1050.8435541150072 19.97957607218057 90
0.9849624060150376 0.015037593984962405 0.0 0.984375 0.015625 0.0 0.6953125 1083.2324002294126 20.26098024256631 133
0.9508196721311475 0.04918032786885246 0.0 0.9487179487179487 0.05128205128205128 0.0 0.7094017094017094 1087.398119403196 19.00830398511627 122
1.0 0.0 0.0 1.0 0.0 0.0 0.848 1084.0550295374885 20.814529290091407 130
0.963963963963964 0.036036036036036036 0.0 0.9622641509433962 0.03773584905660377 0.0 0.7924528301886793 1064.3138159133723 18.960562423665248 111
0.96875 0.03125 0.0 0.967032967032967 0.03296703296703297 0.0 0.7912087912087912 1040.2110691657415 20.187753930518287 96
0.8951612903225806 0.10483870967741936 0.0 0.8991596638655462 0.10084033613445378 0.0 0.7058823529411765 1075.2416221407475 19.22721629069422 124
0.9637681159420289 0.036231884057971016 0.0 0.9624060150375939 0.03759398496240601 0.0 0.8947368421052632 1079.0582574988257 18.624349364152756 138
0.9905660377358491 0.009433962264150943 0.0 0.9900990099009901 0.009900990099009901 0.0 0.9702970297029703 1039.835488189621 20.553091790347423 106
0.9846153846153847 0.015384615384615385 0.0 0.984 0.016 0.0 0.776 1086.930958767874 20.40543416806811 130
0.994413407821229 0.00558659217877095 0.0 0.9942528735632183 0.005747126436781609 0.0 0.6781609195402298 1082.2937922408387 17.595302308518686 179
0.9908256880733946 0.009174311926605505 0.0 0.9903846153846154 0.009615384615384616 0.0 0.8846153846153846 1064.7542418891182 20.799649226640163 109
0.9927007299270073 0.0072992700729927005 0.0 0.9924242424242424 0.007575757575757576 0.0 0.8333333333333334 1071.2409222190854 19.630213781942974 137
0.9761904761904762 0.023809523809523808 0.0 0.9752066115702479 0.024793388429752067 0.0 0.8760330578512396 998.0148382415742 18.945430290519266 126
1.0 0.0 0.0 1.0 0.0 0.0 0.8874172185430463 1044.9848220210013 19.279772937492226 156
0.9828571428571429 0.017142857142857144 0.0 0.9823529411764705 0.01764705882352941 0.0 0.0 1044.4131122867407 16.793750633458227 175
1.0 0.0 0.0 1.0 0.0 0.0 0.6301369863013698 1078.5558219789339 18.261808537005635 151
0.9882352941176471 0.011764705882352941 0.0 0.9878787878787879 0.012121212121212121 0.0 0.0 1026.3802878498984 16.930893259156907 170
0.9649122807017544 0.03508771929824561 0.0 0.963302752293578 0.03669724770642202 0.0 0.5596330275229358 1087.2261495170758 19.593525097431122 114
0.890625 0.109375 0.0 0.8861788617886179 0.11382113821138211 0.0 0.6585365853658537 1085.5808591890234 20.39630324692759 128
0.9879518072289156 0.012048192771084338 0.0 0.9875776397515528 0.012422360248447204 0.0 0.8136645962732919 1081.0422387138722 18.522665186812247 166
0.972027972027972 0.027972027972027972 0.0 0.9710144927536232 0.028985507246376812 0.0 0.9202898550724637 1075.0965400058687 20.122686512637255 143
0.9875 0.0125 0.0 0.9870967741935484 0.012903225806451613 0.0 0.6903225806451613 1086.4635107760482 18.874445338203117 160
0.991304347826087 0.008695652173913044 0.0 0.990909090909091 0.00909090909090909 0.0 0.8454545454545455 1056.4631336814653 19.9243422097044 115
0.9766081871345029 0.023391812865497075 0.0 0.9759036144578314 0.024096385542168676 0.0 0.6807228915662651 1078.4593692418132 18.688156527702827 171
1.0 0.0 0.0 1.0 0.0 0.0 0.904 1068.9160362457285 20.632284225460303 130
1.0 0.0 0.0 1.0 0.0 0.0 0.8656716417910447 1070.5712651927563 17.238178574150727 139
1.0 0.0 0.0 1.0 0.0 0.0 0.8958333333333334 1075.681673964428 21.053468994540033 101
0.9838709677419355 0.016129032258064516 0.0 0.9831932773109243 0.01680672268907563 0.0 0.8403361344537815 1084.532795571183 19.158382024366365 124
1.0 0.0 0.0 1.0 0.0 0.0 0.5032679738562091 999.1069424609661 17.89265952639572 158
0.9933774834437086 0.006622516556291391 0.0 0.9931506849315068 0.00684931506849315 0.0 0.8287671232876712 1085.2998615785739 18.29363677506246 151
1.0 0.0 0.0 1.0 0.0 0.0 0.5370370370370371 1086.8489834551453 19.488492754546122 113
0.9921259842519685 0.007874015748031496 0.0 0.9918032786885246 0.00819672131147541 0.0 0.639344262295082 1008.2109094978568 19.45803602180389 127
0.9941520467836257 0.005847953216374269 0.0 0.9939759036144579 0.006024096385542169 0.0 0.7951807228915663 1055.3482991548656 17.450869514597105 171
1.0 0.0 0.0 1.0 0.0 0.0 0.7131147540983607 1073.0927738828198 19.668478982730843 127
0.9453125 0.0546875 0.0 0.9512195121951219 0.04878048780487805 0.0 0.5853658536585366 1081.821964928389 18.514074113002454 128
0.9366197183098591 0.06338028169014084 0.0 0.9343065693430657 0.06569343065693431 0.0 0.6277372262773723 1069.1311313203244 18.15596194837526 142
1.0 0.0 0.0 1.0 0.0 0.0 0.5700934579439252 1085.6165845189546 21.379182538806898 112
1.0 0.0 0.0 1.0 0.0 0.0 0.8088235294117647 1077.108458910925 19.590546861904024 141
0.9626865671641791 0.03731343283582089 0.0 0.9612403100775194 0.03875968992248062 0.0 0.5271317829457365 1087.3893277819254 19.87308159379546 134
0.9857142857142858 0.014285714285714285 0.0 0.9851851851851852 0.014814814814814815 0.0 0.5555555555555556 1041.5845324072384 18.387109052598806 140
0.8471337579617835 0.15286624203821655 0.0 0.8421052631578947 0.15789473684210525 0.0 0.631578947368421 1087.2909793072388 18.450068212314722 157
0.9738562091503268 0.026143790849673203 0.0 0.972972972972973 0.02702702702702703 0.0 0.581081081081081 1051.7747570119075 18.287361300190994 153
0.9862068965517241 0.013793103448275862 0.0 0.9857142857142858 0.014285714285714285 0.0 0.7142857142857143 1055.3434760559578 19.087114001334356 145
0.9903846153846154 0.009615384615384616 0.0 0.98989898989899 0.010101010101010102 0.0 0.8181818181818182 1070.889317858385 20.928423943386825 104
1.0 0.0 0.0 1.0 0.0 0.0 0.9523809523809523 1077.8192935278719 22.1175235437823 89
0.9767441860465116 0.023255813953488372 0.0 0.9758064516129032 0.024193548387096774 0.0 0.782258064516129 1033.0596725504952 19.896905662609623 129
1.0 0.0 0.0 1.0 0.0 0.0 0.9523809523809523 1052.288595577514 20.36756618109902 110
0.948905109489051 0.051094890510948905 0.0 0.946969696969697 0.05303030303030303 0.0 0.8257575757575758 1082.6092878340812 19.658564546166602 137
1.0 0.0 0.0 1.0 0.0 0.0 0.8165137614678899 1087.431178386067 20.387232370485627 114
0.9782608695652174 0.021739130434782608 0.0 0.9774436090225563 0.022556390977443608 0.0 0.8872180451127819 978.2578619118822 18.929711598680363 138
0.9649122807017544 0.03508771929824561 0.0 0.9724770642201835 0.027522935779816515 0.0 0.5229357798165137 1087.0828345223763 18.614483571495388 114
0.9306930693069307 0.06930693069306931 0.0 0.9270833333333334 0.07291666666666667 0.0 0.6458333333333334 1076.3140782636178 20.80473005164174 101
0.9831932773109243 0.01680672268907563 0.0 0.9824561403508771 0.017543859649122806 0.0 0.7894736842105263 1075.7889153922647 19.53738622616505 119
1.0 0.0 0.0 1.0 0.0 0.0 0.16339869281045752 1042.7680307765588 18.193322623335636 158
1.0 0.0 0.0 1.0 0.0 0.0 0.6576576576576577 1039.0841551662124 21.175871236757747 116
1.0 0.0 0.0 1.0 0.0 0.0 0.9797979797979798 1058.2492433856676 19.586750558286987 104
0.9830508474576272 0.01694915254237288 0.0 0.9825581395348837 0.01744186046511628 0.0 0.14534883720930233 1087.3092576838073 17.797699032798093 177
0.9833333333333333 0.016666666666666666 0.0 0.991304347826087 0.008695652173913044 0.0 0.5217391304347826 1084.6003899411623 19.825978228355908 120
0.9927536231884058 0.007246376811594203 0.0 0.9924812030075187 0.007518796992481203 0.0 0.5112781954887218 1081.6415125529832 18.746042142679546 138
0.9916666666666667 0.008333333333333333 0.0 0.991304347826087 0.008695652173913044 0.0 0.7652173913043478 1031.5807566840717 19.385398996294434 120
0.9714285714285714 0.02857142857142857 0.0 0.9703703703703703 0.02962962962962963 0.0 0.7111111111111111 1064.6230030444399 18.915771758182817 140
1.0 0.0 0.0 1.0 0.0 0.0 0.8017241379310345 1036.6279278938766 19.41120867871076 121
1.0 0.0 0.0 1.0 0.0 0.0 0.608 1008.0263460878026 18.812896173566358 130
0.994413407821229 0.00558659217877095 0.0 0.9942528735632183 0.005747126436781609 0.0 0.7241379310344828 1075.313184484728 18.6493648882003 179
1.0 0.0 0.0 1.0 0.0 0.0 0.8677685950413223 1059.3686871832097 20.371628931730537 126
0.983739837398374 0.016260162601626018 0.0 0.9830508474576272 0.01694915254237288 0.0 0.788135593220339 1087.3192561889127 18.928366379119588 123
1.0 0.0 0.0 1.0 0.0 0.0 0.6172839506172839 1017.4829535477514 17.263360968140688 167
1.0 0.0 0.0 1.0 0.0 0.0 0.686046511627907 965.2042836359487 17.79681488979315 177
0.9805825242718447 0.019417475728155338 0.0 0.9795918367346939 0.02040816326530612 0.0 0.7551020408163265 1007.1324222599287 19.267502998195656 103
0.9813664596273292 0.018633540372670808 0.0 0.9807692307692307 0.019230769230769232 0.0 0.7884615384615384 1071.969194554843 19.052529665070086 161
1.0 0.0 0.0 1.0 0.0 0.0 0.014084507042253521 998.4975751884245 18.85452137572761 147
0.978021978021978 0.02197802197802198 0.0 0.9774011299435028 0.022598870056497175 0.0 0.768361581920904 1083.0191569496644 18.11809750619097 182
0.9830508474576272 0.01694915254237288 0.0 0.9911504424778761 0.008849557522123894 0.0 0.6460176991150443 1039.9716479841093 19.18430240940648 118
0.9933333333333333 0.006666666666666667 0.0 0.993103448275862 0.006896551724137931 0.0 0.8758620689655172 1087.36852601139 18.53797279495384 150
0.9785714285714285 0.02142857142857143 0.0 0.9777777777777777 0.022222222222222223 0.0 0.8074074074074075 1039.5436256182602 18.94567321785229 140
0.9384615384615385 0.06153846153846154 0.0 0.936 0.064 0.0 0.704 1073.6265097958549 19.5745714907549 130
1.0 0.0 0.0 1.0 0.0 0.0 0.6179775280898876 1069.7554853633724 19.564717056730537 94
1.0 0.0 0.0 1.0 0.0 0.0 0.6422018348623854 1070.638238986574 20.904578235572902 114
0.963302752293578 0.03669724770642202 0.0 0.9615384615384616 0.038461538461538464 0.0 0.625 1079.528181070152 20.390876579109854 109
0.9047619047619048 0.09523809523809523 0.0 0.9008264462809917 0.09917355371900827 0.0 0.7768595041322314 1087.2053471902009 18.039912641734247 126
0.9703703703703703 0.02962962962962963 0.0 0.9769230769230769 0.023076923076923078 0.0 0.7 1087.3798423051676 19.580815477971445 135
0.9897959183673469 0.01020408163265306 0.0 0.989247311827957 0.010752688172043012 0.0 0.6344086021505376 1086.604849796471 19.282100680899994 98
0.9876543209876543 0.012345679012345678 0.0 0.9872611464968153 0.012738853503184714 0.0 0.6878980891719745 1075.210829324794 18.81958978651624 162
0.9262295081967213 0.07377049180327869 0.0 0.9230769230769231 0.07692307692307693 0.0 0.9743589743589743 1032.6829867606643 18.738810895162175 122
0.9772727272727273 0.022727272727272728 0.0 0.9763779527559056 0.023622047244094488 0.0 0.7086614173228346 1087.4534121012368 19.537819905443225 132
0.9902912621359223 0.009708737864077669 0.0 1.0 0.0 0.0 0.6836734693877551 1055.1137865738199 19.980437409544884 103
1.0 0.0 0.0 1.0 0.0 0.0 0.7096774193548387 986.3589317073597 21.25346745510589 98
1.0 0.0 0.0 1.0 0.0 0.0 0.8736842105263158 1074.8063551846496 20.53749215774682 100
1.0 0.0 0.0 1.0 0.0 0.0 0.9124087591240876 1086.8436766156503 19.27664292522084 142
1.0 0.0 0.0 1.0 0.0 0.0 0.7948717948717948 1086.3441299444935 19.75072519689725 122
0.9863945578231292 0.013605442176870748 0.0 0.9859154929577465 0.014084507042253521 0.0 0.8380281690140845 1030.717298676245 18.71914148740087 147
1.0 0.0 0.0 1.0 0.0 0.0 1.0 969.9178957271434 19.547978487047057 116
0.9743589743589743 0.02564102564102564 0.0 0.9735099337748344 0.026490066225165563 0.0 0.6556291390728477 1087.0457242630073 18.495181817735503 156
0.9692307692307692 0.03076923076923077 0.0 0.968 0.032 0.0 0.44 1079.5111847714045 18.88644611898043 130
0.968503937007874 0.031496062992125984 0.0 0.9672131147540983 0.03278688524590164 0.0 0.8524590163934426 1073.459860759644 19.6340916111818 127
0.9606741573033708 0.03932584269662921 0.0 0.9595375722543352 0.04046242774566474 0.0 0.5722543352601156 1087.2500491484732 18.071727190326328 178
1.0 0.0 0.0 1.0 0.0 0.0 0.8705035971223022 1048.854532633302 19.255956510618276 144
0.9928057553956835 0.007194244604316547 0.0 0.9925373134328358 0.007462686567164179 0.0 0.6044776119402985 1076.1018320182704 17.978762813145288 139
1.0 0.0 0.0 1.0 0.0 0.0 0.889763779527559 1085.0760402695555 19.851279966494207 132
0.993421052631579 0.006578947368421052 0.0 0.9931972789115646 0.006802721088435374 0.0 0.8979591836734694 1081.4696403874668 19.12969143594583 152
0.9763779527559056 0.023622047244094488 0.0 0.9754098360655737 0.02459016393442623 0.0 0.6147540983606558 1062.3357557914017 19.374415694347427 127
0.941747572815534 0.05825242718446602 0.0 0.9387755102040817 0.061224489795918366 0.0 0.8163265306122449 1054.305357703388 21.749522433351373 103
0.9767441860465116 0.023255813953488372 0.0 0.9880239520958084 0.011976047904191617 0.0 0.6227544910179641 1086.8950428631586 19.188347935594983 172
0.958904109589041 0.0410958904109589 0.0 0.9574468085106383 0.0425531914893617 0.0 0.6453900709219859 1080.1002400265381 18.952328254585066 146
0.9844961240310077 0.015503875968992248 0.0 0.9838709677419355 0.016129032258064516 0.0 0.5161290322580645 1054.9690158149779 18.88362978447701 129
1.0 0.0 0.0 1.0 0.0 0.0 0.6923076923076923 1038.7078527891356 19.342972521484445 122
0.971830985915493 0.028169014084507043 0.0 0.9708029197080292 0.029197080291970802 0.0 0.7883211678832117 1058.944530627833 19.496077962974717 142
0.972027972027972 0.027972027972027972 0.0 0.9710144927536232 0.028985507246376812 0.0 0.644927536231884 1074.8931715888048 18.83683002382934 143
1.0 0.0 0.0 1.0 0.0 0.0 0.7313432835820896 1086.916110406775 19.6817225368348 139
0.9194630872483222 0.08053691275167785 0.0 0.9166666666666666 0.08333333333333333 0.0 0.9930555555555556 1062.9095788709326 17.632213947582223 149
0.9895833333333334 0.010416666666666666 0.0 0.989010989010989 0.01098901098901099 0.0 0.7252747252747253 1080.729599821415 21.86188377280888 96
0.984375 0.015625 0.0 0.983739837398374 0.016260162601626018 0.0 0.6910569105691057 1087.2306383505854 20.537606563965685 128
1.0 0.0 0.0 1.0 0.0 0.0 0.9558823529411765 1043.529104909926 19.021663415363157 141
0.9803921568627451 0.0196078431372549 0.0 0.9797297297297297 0.02027027027027027 0.0 0.006756756756756757 1028.915255996741 16.760295164479558 153
0.9849624060150376 0.015037593984962405 0.0 0.984375 0.015625 0.0 0.515625 1066.1269773157428 18.004256866031838 133
0.9880239520958084 0.011976047904191617 0.0 0.9876543209876543 0.012345679012345678 0.0 0.9320987654320988 1054.8636787645826 18.30330453328596 167
0.9391304347826087 0.06086956521739131 0.0 0.9363636363636364 0.06363636363636363 0.0 0.8454545454545455 1071.2893096415185 19.874771820181607 115
0.9857142857142858 0.014285714285714285 0.0 0.9851851851851852 0.014814814814814815 0.0 0.5703703703703704 1041.2511947981732 19.13518844104341 140
1.0 0.0 0.0 1.0 0.0 0.0 0.9537037037037037 1054.2492590800994 20.014947243651566 113
0.9925925925925926 0.007407407407407408 0.0 0.9923076923076923 0.007692307692307693 0.0 0.8307692307692308 1085.826835662636 19.504594143953216 135
0.9914529914529915 0.008547008547008548 0.0 0.9910714285714286 0.008928571428571428 0.0 0.6785714285714286 1062.4502748576126 19.932073486155055 117
0.9640287769784173 0.03597122302158273 0.0 0.9626865671641791 0.03731343283582089 0.0 0.9029850746268657 1025.0485704130144 18.19303773689976 139
0.9605263157894737 0.039473684210526314 0.0 0.9591836734693877 0.04081632653061224 0.0 0.7551020408163265 1086.9571743246192 19.10206711375419 152
0.9764705882352941 0.023529411764705882 0.0 0.9757575757575757 0.024242424242424242 0.0 0.5696969696969697 1087.338152856094 18.96296244441746 170
0.9765625 0.0234375 0.0 0.975609756097561 0.024390243902439025 0.0 0.6585365853658537 1087.4701982838674 19.396256052549173 128
0.9787234042553191 0.02127659574468085 0.0 0.9887640449438202 0.011235955056179775 0.0 0.8314606741573034 1043.70291155345 21.324150795578774 94
0.9685534591194969 0.031446540880503145 0.0 0.9675324675324676 0.032467532467532464 0.0 0.8116883116883117 1056.2467262291327 16.951752882853373 159
0.9423076923076923 0.057692307692307696 0.0 0.9403973509933775 0.059602649006622516 0.0 0.5231788079470199 1087.4066145285049 18.307100532910155 156
0.9863945578231292 0.013605442176870748 0.0 0.9859154929577465 0.014084507042253521 0.0 0.4788732394366197 1087.3037711954346 18.42167560533924 147
1.0 0.0 0.0 1.0 0.0 0.0 0.5348837209302325 1083.8761252782942 19.16137132694136 134
1.0 0.0 0.0 1.0 0.0 0.0 0.7734375 1059.6427367126437 19.409801430866708 133
1.0 0.0 0.0 1.0 0.0 0.0 0.7479674796747967 1008.6818453074545 18.600233230949758 128
0.9868421052631579 0.013157894736842105 0.0 0.9863945578231292 0.013605442176870748 0.0 0.7959183673469388 1059.528114228347 18.751866551929442 152
0.9814814814814815 0.018518518518518517 0.0 0.9808917197452229 0.01910828025477707 0.0 0.6560509554140127 1037.0244815870778 17.64187210452539 162
1.0 0.0 0.0 1.0 0.0 0.0 0.7745098039215687 1071.5720962988985 20.319160744796246 107
0.9791666666666666 0.020833333333333332 0.0 0.9784172661870504 0.02158273381294964 0.0 0.8201438848920863 1087.419070709595 19.07965858285621 144
1.0 0.0 0.0 1.0 0.0 0.0 0.753731343283582 1057.0654917331717 19.440294510745392 139
0.9859154929577465 0.014084507042253521 0.0 0.9854014598540146 0.014598540145985401 0.0 0.48905109489051096 1079.5250555247094 19.152317666950633 142
1.0 0.0 0.0 1.0 0.0 0.0 0.7387387387387387 1015.5264370377087 19.49214911284526 116
1.0 0.0 0.0 1.0 0.0 0.0 0.738255033557047 1086.6588346545107 18.506149879834904 154
0.9765625 0.0234375 0.0 0.975609756097561 0.024390243902439025 0.0 0.9186991869918699 1059.3461531351388 18.842520696875113 128
1.0 0.0 0.0 1.0 0.0 0.0 0.6615384615384615 1042.7096503554374 19.14801070609125 135
0.9790209790209791 0.02097902097902098 0.0 0.9855072463768116 0.014492753623188406 0.0 0.6594202898550725 1061.7880223336413 20.100313902069107 143
0.9806451612903225 0.01935483870967742 0.0 0.98 0.02 0.0 0.68 1040.0336125562376 17.278343892142747 155
0.9916666666666667 0.008333333333333333 0.0 0.991304347826087 0.008695652173913044 0.0 0.7913043478260869 1067.4405111623405 19.87093142815444 120
0.9767441860465116 0.023255813953488372 0.0 0.9758064516129032 0.024193548387096774 0.0 0.7903225806451613 1074.1107941347886 20.06995592105291 129
1.0 0.0 0.0 1.0 0.0 0.0 0.0 1073.6732204046948 16.704565164989358 152
0.971830985915493 0.028169014084507043 0.0 0.9708029197080292 0.029197080291970802 0.0 0.7226277372262774 1087.1953177832431 18.71175812288191 142
0.9439252336448598 0.056074766355140186 0.0 0.9411764705882353 0.058823529411764705 0.0 0.7450980392156863 1077.8363795485266 19.51772175922515 107
0.992 0.008 0.0 0.9916666666666667 0.008333333333333333 0.0 0.7916666666666666 1017.5768248251462 19.534836296286496 125
1.0 0.0 0.0 1.0 0.0 0.0 0.8470588235294118 1060.3091932236007 20.65546916256003 90
0.9712230215827338 0.02877697841726619 0.0 0.9701492537313433 0.029850746268656716 0.0 0.664179104477612 1061.069722359466 19.28679015808478 139
0.990909090909091 0.00909090909090909 0.0 0.9904761904761905 0.009523809523809525 0.0 0.6952380952380952 1077.7331448703212 20.23275762693246 110
1.0 0.0 0.0 1.0 0.0 0.0 0.9402985074626866 1050.6995107372843 19.35223088587287 139
0.9908256880733946 0.009174311926605505 0.0 0.9903846153846154 0.009615384615384616 0.0 0.6538461538461539 1083.1550040990658 20.968619195354314 109
0.9924242424242424 0.007575757575757576 0.0 0.9921259842519685 0.007874015748031496 0.0 0.7480314960629921 1078.7437737122393 19.41536291554288 132
0.9495798319327731 0.05042016806722689 0.0 0.9473684210526315 0.05263157894736842 0.0 0.7192982456140351 1062.5285237071153 20.72247244521685 119
0.9915254237288136 0.00847457627118644 0.0 0.9911504424778761 0.008849557522123894 0.0 0.7522123893805309 1077.3199932988048 19.14733861681587 118
0.9761904761904762 0.023809523809523808 0.0 0.9752066115702479 0.024793388429752067 0.0 0.8099173553719008 1086.344905972354 19.716976294565224 126
0.992 0.008 0.0 0.9916666666666667 0.008333333333333333 0.0 0.3416666666666667 1069.7085150418163 21.10132327011507 125
0.9931972789115646 0.006802721088435374 0.0 0.9929577464788732 0.007042253521126761 0.0 0.8380281690140845 1061.2587558413973 18.89348713565396 147
0.9767441860465116 0.023255813953488372 0.0 0.9760479041916168 0.023952095808383235 0.0 0.0 1077.0695125855418 17.61990000629472 172
0.9813664596273292 0.018633540372670808 0.0 0.9807692307692307 0.019230769230769232 0.0 0.8076923076923077 1064.5008286789891 18.099361647568834 161
1.0 0.0 0.0 1.0 0.0 0.0 0.7857142857142857 953.7151491278387 18.33629308961337 145
1.0 0.0 0.0 1.0 0.0 0.0 1.0 1077.3132212094224 21.63349142300119 104
0.9809523809523809 0.01904761904761905 0.0 0.98 0.02 0.0 0.64 1073.0446413864452 20.356490071363563 105
0.9622641509433962 0.03773584905660377 0.0 0.961038961038961 0.03896103896103896 0.0 0.7272727272727273 1087.4778438805156 18.574310767375053 159
0.9615384615384616 0.038461538461538464 0.0 0.9595959595959596 0.04040404040404041 0.0 0.8080808080808081 1044.710190281493 20.347831852934988 104
0.9703703703703703 0.02962962962962963 0.0 0.9692307692307692 0.03076923076923077 0.0 0.5769230769230769 1062.3082856405454 19.087668950659026 135
0.991304347826087 0.008695652173913044 0.0 0.990909090909091 0.00909090909090909 0.0 0.7181818181818181 1055.2731694416123 19.978473776454457 115
0.9846153846153847 0.015384615384615385 0.0 0.984 0.016 0.0 0.664 1084.458721589981 19.773331395652004 130
1.0 0.0 0.0 1.0 0.0 0.0 0.6727272727272727 985.9092535557505 19.092390252018443 115
0.9781021897810219 0.021897810218978103 0.0 0.9772727272727273 0.022727272727272728 0.0 0.75 1080.3702341726653 20.840506392107738 137
0.9944444444444445 0.005555555555555556 0.0 0.9942857142857143 0.005714285714285714 0.0 0.0 1019.7087542307443 17.364385175150442 180
0.956140350877193 0.043859649122807015 0.0 0.9541284403669725 0.045871559633027525 0.0 0.8440366972477065 1068.5845501865547 20.153083687624495 114
1.0 0.0 0.0 1.0 0.0 0.0 0.7945205479452054 1087.387308375598 19.411425977449323 151
1.0 0.0 0.0 1.0 0.0 0.0 0.8188405797101449 1045.7304548563902 18.89170133301509 143
0.9784172661870504 0.02158273381294964 0.0 0.9776119402985075 0.022388059701492536 0.0 0.5447761194029851 1084.8361748137588 19.095167351094926 139
0.9846153846153847 0.015384615384615385 0.0 0.984 0.016 0.0 0.704 1055.940430999591 19.376424731492982 130
0.9302325581395349 0.06976744186046512 0.0 0.9274193548387096 0.07258064516129033 0.0 0.6532258064516129 1086.609224222735 18.715662939146352 129
0.9487179487179487 0.05128205128205128 0.0 0.9553571428571429 0.044642857142857144 0.0 0.6071428571428571 1079.0986451400338 20.028386386961845 117
0.9859154929577465 0.014084507042253521 0.0 0.9854014598540146 0.014598540145985401 0.0 0.6715328467153284 1087.1993641092206 18.17102836471174 142
0.9224137931034483 0.07758620689655173 0.0 0.918918918918919 0.08108108108108109 0.0 0.7207207207207207 1071.832073737665 19.920530208449364 116
1.0 0.0 0.0 1.0 0.0 0.0 0.6029411764705882 986.5376253481502 17.922437310410867 141
1.0 0.0 0.0 1.0 0.0 0.0 0.7583333333333333 1060.8541089152443 19.143896778038226 125
0.927007299270073 0.072992700729927 0.0 0.9242424242424242 0.07575757575757576 0.0 0.7121212121212122 1087.3144100329782 18.22796507798764 137
0.9230769230769231 0.07692307692307693 0.0 0.9196428571428571 0.08035714285714286 0.0 0.7678571428571429 1087.2656332807119 19.513430154197984 117
0.9821428571428571 0.017857142857142856 0.0 0.9815950920245399 0.018404907975460124 0.0 0.7791411042944786 1086.1404779265301 18.32077105858421 168
0.9769230769230769 0.023076923076923078 0.0 0.976 0.024 0.0 0.768 1072.8515423720464 18.83671117472755 130
0.9701492537313433 0.029850746268656716 0.0 0.9689922480620154 0.031007751937984496 0.0 0.6744186046511628 1082.5728247688571 19.01544699858317 134
0.993006993006993 0.006993006993006993 0.0 0.9927536231884058 0.007246376811594203 0.0 0.7463768115942029 1067.917969777103 19.64093634951129 143
0.9478260869565217 0.05217391304347826 0.0 0.9454545454545454 0.05454545454545454 0.0 0.6818181818181818 1062.7247046000434 21.043062217579497 115
0.9917355371900827 0.008264462809917356 0.0 0.9913793103448276 0.008620689655172414 0.0 0.8275862068965517 1060.8583690184928 19.667753074315755 121
0.9809523809523809 0.01904761904761905 0.0 0.98 0.02 0.0 0.68 1076.7705317662005 20.62116379969571 105
0.952755905511811 0.047244094488188976 0.0 0.9508196721311475 0.04918032786885246 0.0 0.8524590163934426 1045.0682708329198 20.024124980896353 127
0.9621212121212122 0.03787878787878788 0.0 0.9606299212598425 0.03937007874015748 0.0 0.6771653543307087 1050.77340028186 19.82895752106625 132
0.9758064516129032 0.024193548387096774 0.0 0.9747899159663865 0.025210084033613446 0.0 0.8571428571428571 1085.8180736181585 20.09052915786696 124
0.9923664122137404 0.007633587786259542 0.0 0.9920634920634921 0.007936507936507936 0.0 0.7619047619047619 1045.7012229927725 20.077127428462 131
1.0 0.0 0.0 1.0 0.0 0.0 1.0 1073.147964814003 21.93489995087471 111
0.9444444444444444 0.05555555555555555 0.0 0.941747572815534 0.05825242718446602 0.0 0.6504854368932039 1087.1959028521542 20.722329114251036 108
0.984375 0.015625 0.0 0.983739837398374 0.016260162601626018 0.0 0.7723577235772358 1058.5598848963712 19.06776576076555 128
0.9916666666666667 0.008333333333333333 0.0 0.991304347826087 0.008695652173913044 0.0 0.6695652173913044 1083.2998243572322 20.18574458982872 120
0.9808917197452229 0.01910828025477707 0.0 0.9802631578947368 0.019736842105263157 0.0 0.743421052631579 1032.1523181805942 17.84001218801937 157
0.9669421487603306 0.03305785123966942 0.0 0.9655172413793104 0.034482758620689655 0.0 0.7586206896551724 1049.648068389996 20.206403177567235 121
1.0 0.0 0.0 1.0 0.0 0.0 0.608 1029.666235224795 18.8357975279806 130
1.0 0.0 0.0 1.0 0.0 0.0 0.9099099099099099 961.412785737204 19.798091313606136 116
0.948905109489051 0.051094890510948905 0.0 0.9545454545454546 0.045454545454545456 0.0 0.8863636363636364 1047.0860997564707 19.961041415710774 137
1.0 0.0 0.0 1.0 0.0 0.0 0.98 1050.9948659368345 20.503998567563727 105
0.9375 0.0625 0.0 0.9354838709677419 0.06451612903225806 0.0 0.9806451612903225 1081.3723377737747 19.098137390135825 160
0.926605504587156 0.07339449541284404 0.0 0.9230769230769231 0.07692307692307693 0.0 0.6826923076923077 1087.3971167787454 20.657062178893373 109
0.9921875 0.0078125 0.0 0.991869918699187 0.008130081300813009 0.0 0.8780487804878049 1083.5783024790237 19.7126482233743 128
0.984 0.016 0.0 0.9833333333333333 0.016666666666666666 0.0 0.6083333333333333 1049.6124810743913 18.66307254243157 125
0.989010989010989 0.01098901098901099 0.0 0.9887005649717514 0.011299435028248588 0.0 0.7570621468926554 1078.7043974608891 18.014266035569207 182
0.9259259259259259 0.07407407407407407 0.0 0.9235668789808917 0.07643312101910828 0.0 0.6496815286624203 1087.407214822576 19.24311231453696 162
0.9444444444444444 0.05555555555555555 0.0 0.9424460431654677 0.05755395683453238 0.0 0.7410071942446043 1051.480280783161 18.651692245398984 144
0.9937106918238994 0.006289308176100629 0.0 0.9935064935064936 0.006493506493506494 0.0 0.0 1037.406278112449 18.399943815140702 159
0.9788359788359788 0.021164021164021163 0.0 0.9782608695652174 0.021739130434782608 0.0 0.6413043478260869 1068.429450761666 17.552760545759867 189
0.9672131147540983 0.03278688524590164 0.0 0.9662921348314607 0.033707865168539325 0.0 0.7528089887640449 1086.1608803587283 17.174303179105962 183
0.9850746268656716 0.014925373134328358 0.0 0.9922480620155039 0.007751937984496124 0.0 0.6589147286821705 1072.56665784553 19.03958752486214 134
0.9862068965517241 0.013793103448275862 0.0 0.9857142857142858 0.014285714285714285 0.0 0.5857142857142857 1087.373904924181 17.595917398832057 145
0.9857142857142858 0.014285714285714285 0.0 0.9851851851851852 0.014814814814814815 0.0 0.6666666666666666 1077.3411037263722 19.290946490031974 140
1.0 0.0 0.0 1.0 0.0 0.0 0.8165137614678899 1053.020365959019 20.22654265966181 114
1.0 0.0 0.0 1.0 0.0 0.0 0.8803418803418803 1019.3002829076846 18.62080841821265 122
0.9873417721518988 0.012658227848101266 0.0 0.9869281045751634 0.013071895424836602 0.0 0.7647058823529411 1086.8322265449956 18.671816283534678 158
0.9924242424242424 0.007575757575757576 0.0 0.9921259842519685 0.007874015748031496 0.0 0.7874015748031497 1060.7720620147347 20.36800415212173 132
0.9591836734693877 0.04081632653061224 0.0 0.9577464788732394 0.04225352112676056 0.0 0.6619718309859155 1082.5009169581729 19.48613542168214 147
0.9765625 0.0234375 0.0 0.975609756097561 0.024390243902439025 0.0 0.6747967479674797 1081.4606236464485 18.992033519862993 128
0.954248366013072 0.0457516339869281 0.0 0.9527027027027027 0.0472972972972973 0.0 0.0 1036.4115107715124 18.50606764369009 153
0.9913793103448276 0.008620689655172414 0.0 0.990990990990991 0.009009009009009009 0.0 0.5405405405405406 1074.401772899881 19.533024531464996 116
0.9435483870967742 0.056451612903225805 0.0 0.9411764705882353 0.058823529411764705 0.0 0.6890756302521008 1055.9705523271703 19.606084617032717 124
1.0 0.0 0.0 1.0 0.0 0.0 1.0 1037.951082956915 20.824405943104637 122
0.9738562091503268 0.026143790849673203 0.0 0.972972972972973 0.02702702702702703 0.0 0.6351351351351351 1083.1620707467491 18.876628626950232 153
0.9642857142857143 0.03571428571428571 0.0 0.9719626168224299 0.028037383177570093 0.0 0.7850467289719626 1049.1663215153826 19.25665971482271 112
0.9798657718120806 0.020134228187919462 0.0 0.9861111111111112 0.013888888888888888 0.0 0.7916666666666666 1086.5672577174523 19.013498737926124 149
0.916083916083916 0.08391608391608392 0.0 0.9130434782608695 0.08695652173913043 0.0 0.6666666666666666 1063.2358899351514 18.50846270139813 143
0.9828571428571429 0.017142857142857144 0.0 0.9823529411764705 0.01764705882352941 0.0 0.38235294117647056 1079.4168416682253 18.822608957568065 175
0.9852941176470589 0.014705882352941176 0.0 0.9847328244274809 0.015267175572519083 0.0 0.8244274809160306 1072.030910634733 19.300897368382167 136
1.0 0.0 0.0 1.0 0.0 0.0 0.1032258064516129 1046.1209382526822 18.594221952398705 160
0.8804347826086957 0.11956521739130435 0.0 0.8850574712643678 0.11494252873563218 0.0 0.45977011494252873 1064.514576996437 20.690452954218387 92
0.971830985915493 0.028169014084507043 0.0 0.9708029197080292 0.029197080291970802 0.0 0.5328467153284672 1074.0735050082676 18.8973952884035 142
0.972972972972973 0.02702702702702703 0.0 0.972027972027972 0.027972027972027972 0.0 0.6783216783216783 1086.8551933282727 19.04905253450464 148
0.9831932773109243 0.01680672268907563 0.0 0.9824561403508771 0.017543859649122806 0.0 0.7982456140350878 1047.6124148569488 20.10198840971123 119
0.9918032786885246 0.00819672131147541 0.0 0.9914529914529915 0.008547008547008548 0.0 0.5897435897435898 1048.2248099611486 19.390728630481263 122
1.0 0.0 0.0 1.0 0.0 0.0 0.3422818791946309 1087.341745360689 18.062665551391888 154
1.0 0.0 0.0 1.0 0.0 0.0 0.6764705882352942 1044.7196237099715 20.987249918522245 107
0.9936708860759493 0.006329113924050633 0.0 0.9934640522875817 0.006535947712418301 0.0 0.41830065359477125 1048.328253031593 17.32782803763338 158
0.9902439024390244 0.00975609756097561 0.0 0.99 0.01 0.0 0.0 1081.2528023109044 16.805892984259046 205
0.9739130434782609 0.02608695652173913 0.0 0.9727272727272728 0.02727272727272727 0.0 0.7636363636363637 1085.6451452219394 20.946136775159424 115
0.9583333333333334 0.041666666666666664 0.0 0.9560439560439561 0.04395604395604396 0.0 0.7142857142857143 1086.5933388126275 22.44380059225634 96
0.9782608695652174 0.021739130434782608 0.0 0.9774436090225563 0.022556390977443608 0.0 0.6766917293233082 1081.424720316386 18.923443293490713 138
0.9905660377358491 0.009433962264150943 0.0 0.9900990099009901 0.009900990099009901 0.0 0.6435643564356436 1087.1074100210506 19.618576489581024 106
0.9875 0.0125 0.0 0.9870967741935484 0.012903225806451613 0.0 0.0064516129032258064 1021.7046005656737 16.64932264758191 160
0.9734513274336283 0.02654867256637168 0.0 0.9722222222222222 0.027777777777777776 0.0 0.8240740740740741 1085.7462063654034 22.414972952092295 113
1.0 0.0 0.0 1.0 0.0 0.0 0.8865248226950354 1063.9596405173916 18.74081091251023 146
0.9632352941176471 0.03676470588235294 0.0 0.9618320610687023 0.03816793893129771 0.0 0.7938931297709924 1086.992507928626 20.13151377903325 136
1.0 0.0 0.0 1.0 0.0 0.0 0.9225352112676056 1023.2743228414251 18.25559441542444 147
0.9652777777777778 0.034722222222222224 0.0 0.9640287769784173 0.03597122302158273 0.0 0.6906474820143885 1087.4682463791926 19.82028418079932 144
1.0 0.0 0.0 1.0 0.0 0.0 0.7603305785123967 996.3073259966236 19.040027437251574 126
0.9814814814814815 0.018518518518518517 0.0 0.9805825242718447 0.019417475728155338 0.0 0.7572815533980582 1051.5591241027728 19.48690049484047 108
1.0 0.0 0.0 1.0 0.0 0.0 0.9024390243902439 1035.9690489289114 19.80945277470616 128
0.8863636363636364 0.11363636363636363 0.0 0.8795180722891566 0.12048192771084337 0.0 0.6265060240963856 1086.4316360122987 21.430395707608138 88
1.0 0.0 0.0 1.0 0.0 0.0 0.8046875 925.7913046966617 18.5200129667613 133
1.0 0.0 0.0 1.0 0.0 0.0 1.0 1057.0413391507054 26.38313984776607 64
0.9533333333333334 0.04666666666666667 0.0 0.9517241379310345 0.04827586206896552 0.0 0.5379310344827586 1083.2777481060104 17.950986030098083 150
1.0 0.0 0.0 1.0 0.0 0.0 0.8319327731092437 1077.1485130765968 19.95592309614564 124
1.0 0.0 0.0 1.0 0.0 0.0 0.7310924369747899 1029.483187221414 19.88443278937149 124
0.9943820224719101 0.0056179775280898875 0.0 0.9942196531791907 0.005780346820809248 0.0 0.7283236994219653 1087.0837959934302 18.73433662844672 178
0.9703703703703703 0.02962962962962963 0.0 0.9769230769230769 0.023076923076923078 0.0 0.6923076923076923 1078.0132378880128 19.548863035565596 135
0.9901960784313726 0.00980392156862745 0.0 0.9896907216494846 0.010309278350515464 0.0 0.9381443298969072 1044.6659203869701 20.19333930796046 102
0.9426751592356688 0.05732484076433121 0.0 0.9407894736842105 0.05921052631578947 0.0 0.6710526315789473 1087.3611573548762 19.000693114321344 157
0.9693877551020408 0.030612244897959183 0.0 0.967741935483871 0.03225806451612903 0.0 0.967741935483871 1078.2257465990238 21.020964712269784 98
1.0 0.0 0.0 1.0 0.0 0.0 0.676923076923077 1008.6010102026324 17.525174698217143 135
0.978494623655914 0.021505376344086023 0.0 0.9772727272727273 0.022727272727272728 0.0 0.3977272727272727 1072.7119223765542 19.440552470356604 93
1.0 0.0 0.0 1.0 0.0 0.0 0.7264957264957265 1064.8352175148623 19.223506656356832 122
1.0 0.0 0.0 1.0 0.0 0.0 1.0 1068.4529939093493 22.373513787203525 93
0.9327731092436975 0.06722689075630252 0.0 0.9298245614035088 0.07017543859649122 0.0 0.9912280701754386 1067.0457516073457 20.09699066805998 119
0.9015151515151515 0.09848484848484848 0.0 0.8976377952755905 0.10236220472440945 0.0 0.5748031496062992 1082.8533379581984 20.267303629111737 132
1.0 0.0 0.0 1.0 0.0 0.0 0.8214285714285714 1062.7320777042253 20.090088216318502 145
0.9819819819819819 0.018018018018018018 0.0 0.9811320754716981 0.018867924528301886 0.0 0.7830188679245284 1081.873487716746 19.752141203348536 111
0.9807692307692307 0.019230769230769232 0.0 0.9867549668874173 0.013245033112582781 0.0 0.6688741721854304 1085.478530234863 18.772853332019558 156
0.9943502824858758 0.005649717514124294 0.0 0.9941860465116279 0.005813953488372093 0.0 0.8430232558139535 1043.123711921227 17.783308881305658 177
1.0 0.0 0.0 1.0 0.0 0.0 0.6391752577319587 1074.1130694773171 18.803804292437153 102
0.976 0.024 0.0 0.975 0.025 0.0 0.675 1087.3646585349854 19.84789250517053 125
0.8909090909090909 0.10909090909090909 0.0 0.9047619047619048 0.09523809523809523 0.0 0.6476190476190476 1072.6398743023806 19.540092027658375 110
0.9856115107913669 0.014388489208633094 0.0 0.9850746268656716 0.014925373134328358 0.0 0.7089552238805971 1078.684308034048 19.530314458955083 139
1.0 0.0 0.0 1.0 0.0 0.0 0.7444444444444445 1044.6594021093536 21.33124079880692 95
0.9933774834437086 0.006622516556291391 0.0 0.9931506849315068 0.00684931506849315 0.0 0.7465753424657534 1079.1251653111703 19.23786919413287 151
1.0 0.0 0.0 1.0 0.0 0.0 0.8148148148148148 979.4205140487943 19.19647657768606 113
0.92 0.08 0.0 0.9166666666666666 0.08333333333333333 0.0 0.7833333333333333 1087.1832930125834 20.332770899386436 125
0.9865771812080537 0.013422818791946308 0.0 0.9861111111111112 0.013888888888888888 0.0 0.0 1083.385721062093 17.205702633788295 149
0.993421052631579 0.006578947368421052 0.0 0.9931972789115646 0.006802721088435374 0.0 0.7482993197278912 1062.4339225191 18.30885592478992 152
0.9858156028368794 0.014184397163120567 0.0 0.9852941176470589 0.014705882352941176 0.0 0.7132352941176471 1071.7884065518458 19.154923806819912 141
0.9787234042553191 0.02127659574468085 0.0 0.9779411764705882 0.022058823529411766 0.0 0.8088235294117647 1087.2215411598888 18.79655840936826 141
0.9196428571428571 0.08035714285714286 0.0 0.9158878504672897 0.08411214953271028 0.0 0.6074766355140186 1087.442759632966 19.362551947467406 112
1.0 0.0 0.0 1.0 0.0 0.0 0.9326923076923077 1070.5216498443087 22.1818211412584 109
0.9640287769784173 0.03597122302158273 0.0 0.9626865671641791 0.03731343283582089 0.0 0.6865671641791045 1083.6639343938202 18.631722310991357 139
0.9774436090225563 0.022556390977443608 0.0 0.9765625 0.0234375 0.0 0.703125 1072.7513948968653 19.152835130275097 133
0.983739837398374 0.016260162601626018 0.0 0.9830508474576272 0.01694915254237288 0.0 0.5338983050847458 1068.4064215348592 20.020962143636293 123
0.9838709677419355 0.016129032258064516 0.0 0.9831932773109243 0.01680672268907563 0.0 0.8067226890756303 1086.447116998914 19.832904168111263 124
0.9871794871794872 0.01282051282051282 0.0 0.9867549668874173 0.013245033112582781 0.0 0.609271523178808 1042.9672960332962 18.288764370405733 156
0.9617834394904459 0.03821656050955414 0.0 0.9605263157894737 0.039473684210526314 0.0 0.868421052631579 1056.541500199932 20.004814906279385 157
0.9689922480620154 0.031007751937984496 0.0 0.967741935483871 0.03225806451612903 0.0 0.9516129032258065 1077.1343002009496 19.45808061551237 129
0.9852941176470589 0.014705882352941176 0.0 0.9847328244274809 0.015267175572519083 0.0 0.7633587786259542 1060.9466163223074 19.253938909406067 136
0.967479674796748 0.032520325203252036 0.0 0.9661016949152542 0.03389830508474576 0.0 0.8220338983050848 1078.7879408186259 20.1902339713168 123
0.9915254237288136 0.00847457627118644 0.0 0.9911504424778761 0.008849557522123894 0.0 0.8230088495575221 1081.7074798537942 19.46980427779011 118
1.0 0.0 0.0 1.0 0.0 0.0 0.6067415730337079 1054.3531695378103 19.244078803074345 94
0.9797297297297297 0.02027027027027027 0.0 0.9790209790209791 0.02097902097902098 0.0 0.6643356643356644 1073.8226400450465 19.0691772591413 148
0.9939024390243902 0.006097560975609756 0.0 0.9937106918238994 0.006289308176100629 0.0 0.6918238993710691 1068.8972618391801 17.802588628362688 164
0.963963963963964 0.036036036036036036 0.0 0.9622641509433962 0.03773584905660377 0.0 0.5 1055.9777589256507 19.031494905401445 111
1.0 0.0 0.0 1.0 0.0 0.0 0.005917159763313609 1002.0125235971407 17.69655949097475 174
0.963963963963964 0.036036036036036036 0.0 0.9622641509433962 0.03773584905660377 0.0 0.7547169811320755 1011.7679846476962 19.52129733828241 111
1.0 0.0 0.0 1.0 0.0 0.0 0.704225352112676 1054.3989765517633 18.9443828521234 147
0.972972972972973 0.02702702702702703 0.0 0.9716981132075472 0.02830188679245283 0.0 0.6698113207547169 1041.7705581773105 19.17485003374274 111
0.9342105263157895 0.06578947368421052 0.0 0.9319727891156463 0.06802721088435375 0.0 0.6666666666666666 1087.170752248423 19.21522446866283 152
0.991304347826087 0.008695652173913044 0.0 0.990909090909091 0.00909090909090909 0.0 0.9090909090909091 1061.7139483229878 20.637645731927545 115
1.0 0.0 0.0 1.0 0.0 0.0 0.8536585365853658 1083.0331065072955 20.030478327660862 128
0.9924812030075187 0.007518796992481203 0.0 0.9921875 0.0078125 0.0 0.8125 1067.2025494741895 19.808452988722138 133
1.0 0.0 0.0 1.0 0.0 0.0 0.8905109489051095 1082.359436134069 19.04732257339691 142
0.9387755102040817 0.061224489795918366 0.0 0.9436619718309859 0.056338028169014086 0.0 0.7183098591549296 1037.0832267340268 18.721235602353833 147
0.9859154929577465 0.014084507042253521 0.0 0.9854014598540146 0.014598540145985401 0.0 0.8029197080291971 1045.7315564604273 17.919676123052128 142
0.9907407407407407 0.009259259259259259 0.0 0.9902912621359223 0.009708737864077669 0.0 0.8252427184466019 1086.4170600517793 19.4939646073629 108
0.9402985074626866 0.05970149253731343 0.0 0.937984496124031 0.06201550387596899 0.0 0.6666666666666666 1087.0316942184195 20.116045180509907 134
1.0 0.0 0.0 1.0 0.0 0.0 0.8545454545454545 1041.8323247256312 20.02784017024431 115
0.968 0.032 0.0 0.9666666666666667 0.03333333333333333 0.0 0.6333333333333333 1053.3512608891383 20.522803455371402 125
0.952755905511811 0.047244094488188976 0.0 0.9508196721311475 0.04918032786885246 0.0 0.5163934426229508 1087.4339983615544 18.288248540753862 127
0.9576271186440678 0.0423728813559322 0.0 0.9557522123893806 0.04424778761061947 0.0 0.7256637168141593 1035.056799875202 19.54923261325344 118
1.0 0.0 0.0 1.0 0.0 0.0 0.8741721854304636 961.5293282900479 18.47721539266093 156
0.96875 0.03125 0.0 0.967032967032967 0.03296703296703297 0.0 0.8461538461538461 1064.857682416978 21.296831246336037 96
1.0 0.0 0.0 1.0 0.0 0.0 0.9316239316239316 1077.5013517963462 20.545087147618094 122
0.9912280701754386 0.008771929824561403 0.0 0.9908256880733946 0.009174311926605505 0.0 0.8532110091743119 1071.6027209508734 19.915215808969826 114
0.9826589595375722 0.017341040462427744 0.0 0.9880952380952381 0.011904761904761904 0.0 0.6785714285714286 1045.5882256447544 17.827090390214916 173
0.9661016949152542 0.03389830508474576 0.0 0.9646017699115044 0.035398230088495575 0.0 0.7787610619469026 1048.4613173690734 20.26356184784962 118
0.9923076923076923 0.007692307692307693 0.0 0.992 0.008 0.0 0.776 1070.2783038026457 19.87040021828452 130
0.9712230215827338 0.02877697841726619 0.0 0.9701492537313433 0.029850746268656716 0.0 0.8134328358208955 1044.4403095212706 19.685893106722627 139
0.9708029197080292 0.029197080291970802 0.0 0.9772727272727273 0.022727272727272728 0.0 0.803030303030303 1085.37869686664 19.879633571718788 137
0.9714285714285714 0.02857142857142857 0.0 0.98 0.02 0.0 0.77 1072.731011961242 19.998353856542906 105
1.0 0.0 0.0 1.0 0.0 0.0 0.7424242424242424 1055.0283384775666 18.214074975433434 137
1.0 0.0 0.0 1.0 0.0 0.0 0.9037037037037037 1042.776199182197 19.245185983309653 140
0.9732142857142857 0.026785714285714284 0.0 0.9719626168224299 0.028037383177570093 0.0 0.9906542056074766 1086.3763142237956 20.41398327179497 112
0.9897959183673469 0.01020408163265306 0.0 0.989247311827957 0.010752688172043012 0.0 0.7419354838709677 961.2516407559488 19.568445658791344 98
0.9819819819819819 0.018018018018018018 0.0 0.9811320754716981 0.018867924528301886 0.0 0.8773584905660378 1052.4216299083967 20.110917000740713 111
0.986013986013986 0.013986013986013986 0.0 0.9855072463768116 0.014492753623188406 0.0 0.855072463768116 1051.9548167022285 20.059723537986443 143
0.972972972972973 0.02702702702702703 0.0 0.9811320754716981 0.018867924528301886 0.0 0.8113207547169812 1068.7854495812194 18.72639982836549 111
0.9298245614035088 0.07017543859649122 0.0 0.926605504587156 0.07339449541284404 0.0 0.7706422018348624 1065.5343388227502 19.607820406351127 114
0.963963963963964 0.036036036036036036 0.0 0.9622641509433962 0.03773584905660377 0.0 0.8490566037735849 1076.3076832771685 21.850030913536283 111
0.98989898989899 0.010101010101010102 0.0 0.9893617021276596 0.010638297872340425 0.0 0.9787234042553191 1062.0063118677813 22.123251266428476 99
0.9938650306748467 0.006134969325153374 0.0 0.9936708860759493 0.006329113924050633 0.0 0.5632911392405063 1086.7990162615888 18.976786852604626 163
0.9878048780487805 0.012195121951219513 0.0 0.9874213836477987 0.012578616352201259 0.0 0.7484276729559748 1074.3863938074146 18.241455312192368 164
0.9821428571428571 0.017857142857142856 0.0 0.9815950920245399 0.018404907975460124 0.0 0.7607361963190185 1042.014281213724 18.41751515840251 168
0.9936305732484076 0.006369426751592357 0.0 0.993421052631579 0.006578947368421052 0.0 0.6842105263157895 1060.398323849776 17.736191897782383 157
0.9920634920634921 0.007936507936507936 0.0 0.9917355371900827 0.008264462809917356 0.0 0.859504132231405 1045.3758318721275 18.948499043019996 126
0.972972972972973 0.02702702702702703 0.0 0.9716981132075472 0.02830188679245283 0.0 0.8113207547169812 1084.164104659515 20.123176312792843 111
0.9719626168224299 0.028037383177570093 0.0 0.9705882352941176 0.029411764705882353 0.0 0.803921568627451 1078.3434781434253 20.950503155306297 107
0.9473684210526315 0.05263157894736842 0.0 0.9518072289156626 0.04819277108433735 0.0 0.6927710843373494 1087.4359516651625 19.19628545795451 171
0.9178082191780822 0.0821917808219178 0.0 0.9148936170212766 0.0851063829787234 0.0 0.7446808510638298 1087.0357911562553 18.993277859284017 146
0.9927536231884058 0.007246376811594203 0.0 0.9924812030075187 0.007518796992481203 0.0 0.6015037593984962 1026.8039268165173 19.62398450087174 138
0.990909090909091 0.00909090909090909 0.0 0.9904761904761905 0.009523809523809525 0.0 0.8095238095238095 1048.9529888179684 20.293938914240904 110
0.9662162162162162 0.033783783783783786 0.0 0.965034965034965 0.03496503496503497 0.0 0.6363636363636364 1087.4464027474928 19.663293253520557 148
0.9456521739130435 0.05434782608695652 0.0 0.9425287356321839 0.05747126436781609 0.0 0.8850574712643678 1070.4716817799936 21.89682145112274 92
0.9072847682119205 0.09271523178807947 0.0 0.9041095890410958 0.0958904109589041 0.0 0.8561643835616438 1056.8121954242008 19.059885604703606 151
1.0 0.0 0.0 1.0 0.0 0.0 0.8264462809917356 1053.4513706254304 19.207264998532672 126
0.9828571428571429 0.017142857142857144 0.0 0.9823529411764705 0.01764705882352941 0.0 0.01764705882352941 1085.3669291321557 17.724642776197392 175
0.9722222222222222 0.027777777777777776 0.0 0.970873786407767 0.02912621359223301 0.0 0.912621359223301 1042.206779623899 21.792486457693137 108
0.9788732394366197 0.02112676056338028 0.0 0.9781021897810219 0.021897810218978103 0.0 0.7737226277372263 1087.388757182206 18.253983524019493 142
0.9734513274336283 0.02654867256637168 0.0 0.9722222222222222 0.027777777777777776 0.0 0.7407407407407407 1080.231727465273 20.952499355747243 113
0.9803921568627451 0.0196078431372549 0.0 0.979381443298969 0.020618556701030927 0.0 0.7835051546391752 1082.6869551167354 19.200606551730107 102
1.0 0.0 0.0 1.0 0.0 0.0 0.851063829787234 1056.9027954528487 19.566877566252998 99
0.9923664122137404 0.007633587786259542 0.0 0.9920634920634921 0.007936507936507936 0.0 0.8095238095238095 1084.8767078605472 20.49046312436204 131
0.9380530973451328 0.061946902654867256 0.0 0.9351851851851852 0.06481481481481481 0.0 0.6574074074074074 1087.3862453696693 19.522204771877124 113
0.9943820224719101 0.0056179775280898875 0.0 0.9942196531791907 0.005780346820809248 0.0 0.8901734104046243 1086.9911534089595 18.266807169451987 178
0.9351851851851852 0.06481481481481481 0.0 0.9320388349514563 0.06796116504854369 0.0 0.8349514563106796 1074.1542334140347 19.43272015810829 108
0.9662162162162162 0.033783783783783786 0.0 0.965034965034965 0.03496503496503497 0.0 0.7762237762237763 1085.3896823680784 19.589621521708846 148
1.0 0.0 0.0 1.0 0.0 0.0 0.7304964539007093 1078.1933474544082 17.836449271258076 146
0.9831932773109243 0.01680672268907563 0.0 0.9824561403508771 0.017543859649122806 0.0 0.6052631578947368 1084.766501362602 19.190430525069605 119
1.0 0.0 0.0 1.0 0.0 0.0 0.0 1011.3298541672035 18.147867043884148 163
0.9439252336448598 0.056074766355140186 0.0 0.9411764705882353 0.058823529411764705 0.0 0.7254901960784313 1087.2603719178333 18.900353677619506 107
0.9477611940298507 0.05223880597014925 0.0 0.9457364341085271 0.05426356589147287 0.0 0.5813953488372093 1086.2881380425663 18.57071148321984 134
1.0 0.0 0.0 1.0 0.0 0.0 0.9541984732824428 1069.4196368703447 18.623644954863416 136
1.0 0.0 0.0 1.0 0.0 0.0 1.0 998.9811168233634 23.028778536416617 91
0.98989898989899 0.010101010101010102 0.0 0.9893617021276596 0.010638297872340425 0.0 0.6595744680851063 1086.294333850633 20.210385403690392 99
0.9805825242718447 0.019417475728155338 0.0 0.9795918367346939 0.02040816326530612 0.0 0.7040816326530612 1074.3437948183919 20.474142835967957 103
0.9936305732484076 0.006369426751592357 0.0 0.993421052631579 0.006578947368421052 0.0 0.375 1070.6470346146666 18.899890364771178 157
1.0 0.0 0.0 1.0 0.0 0.0 0.9345794392523364 1081.9501875241215 21.62088837800093 112
0.9833333333333333 0.016666666666666666 0.0 0.9826086956521739 0.017391304347826087 0.0 0.6 1061.2610071834251 20.527594522785968 120
0.9621212121212122 0.03787878787878788 0.0 0.9606299212598425 0.03937007874015748 0.0 0.4645669291338583 1086.4801142359747 19.13407290022726 132
1.0 0.0 0.0 1.0 0.0 0.0 0.8907563025210085 1005.1367639425087 20.495839943407518 124
0.9743589743589743 0.02564102564102564 0.0 0.9735099337748344 0.026490066225165563 0.0 0.7748344370860927 1087.358131721076 18.792313537914318 156
0.9923076923076923 0.007692307692307693 0.0 0.992 0.008 0.0 0.704 1008.5267541511537 18.719692632145435 130
0.9811320754716981 0.018867924528301886 0.0 0.9801980198019802 0.019801980198019802 0.0 0.801980198019802 987.3530322262556 19.410088161604286 106
1.0 0.0 0.0 1.0 0.0 0.0 0.415929203539823 1060.9731840568702 19.16361959835403 118
1.0 0.0 0.0 1.0 0.0 0.0 1.0 1061.0681230547711 20.71736175760147 123
0.9565217391304348 0.043478260869565216 0.0 0.9545454545454546 0.045454545454545456 0.0 0.7909090909090909 1070.8803076780887 20.29538990591746 115
0.9935483870967742 0.0064516129032258064 0.0 0.9933333333333333 0.006666666666666667 0.0 0.6533333333333333 1058.0957728531657 18.82887250325032 155
0.9915966386554622 0.008403361344537815 0.0 0.9912280701754386 0.008771929824561403 0.0 0.9210526315789473 1087.002860765627 19.48787177484352 119
0.9720670391061452 0.027932960893854747 0.0 0.9712643678160919 0.028735632183908046 0.0 0.6149425287356322 1086.7943796814081 17.645062041717605 179
0.9662162162162162 0.033783783783783786 0.0 0.972027972027972 0.027972027972027972 0.0 0.5594405594405595 1070.820329724198 18.96275576989954 148
0.9629629629629629 0.037037037037037035 0.0 0.9615384615384616 0.038461538461538464 0.0 0.7538461538461538 1059.4947884660628 19.91809946315921 135
0.9880239520958084 0.011976047904191617 0.0 0.9876543209876543 0.012345679012345678 0.0 0.8641975308641975 1076.849271414459 18.55822976031233 167
0.9712230215827338 0.02877697841726619 0.0 0.9701492537313433 0.029850746268656716 0.0 0.7686567164179104 1086.308646771898 19.340158222737546 139
0.9838709677419355 0.016129032258064516 0.0 0.9831932773109243 0.01680672268907563 0.0 0.5882352941176471 1081.0115396043632 18.69695725185122 124
0.9261744966442953 0.0738255033557047 0.0 0.9236111111111112 0.0763888888888889 0.0 0.7777777777777778 1087.2173327860137 19.00898465783476 149
1.0 0.0 0.0 1.0 0.0 0.0 0.6405228758169934 1081.2555679403517 17.60574464089916 158
0.9692307692307692 0.03076923076923077 0.0 0.968 0.032 0.0 0.776 1086.370864924664 21.15430477938595 130
0.9626865671641791 0.03731343283582089 0.0 0.9689922480620154 0.031007751937984496 0.0 0.8062015503875969 1084.4195367225398 20.21353510732417 134
0.9751552795031055 0.024844720496894408 0.0 0.9807692307692307 0.019230769230769232 0.0 0.0 1045.9312436837408 17.332556763568025 161
1.0 0.0 0.0 1.0 0.0 0.0 0.391304347826087 1006.8400696787452 18.721873146688367 120
1.0 0.0 0.0 1.0 0.0 0.0 0.7982456140350878 1063.6138966844524 20.3190768692527 119
0.98125 0.01875 0.0 0.9806451612903225 0.01935483870967742 0.0 0.8774193548387097 1073.0045917040422 17.915492574262004 160
1.0 0.0 0.0 1.0 0.0 0.0 0.9423076923076923 1025.6803939965835 20.918107240054326 109
0.9847328244274809 0.015267175572519083 0.0 0.9841269841269841 0.015873015873015872 0.0 0.6587301587301587 1048.949015463302 19.87373889332587 131
0.9794520547945206 0.02054794520547945 0.0 0.9787234042553191 0.02127659574468085 0.0 0.7801418439716312 1082.0598419775592 19.106381672957514 146
1.0 0.0 0.0 1.0 0.0 0.0 0.7066666666666667 1025.886031887596 18.136110819926376 155
0.9636363636363636 0.03636363636363636 0.0 0.9714285714285714 0.02857142857142857 0.0 0.580952380952381 1087.345224328918 18.508295505876777 110
0.9652777777777778 0.034722222222222224 0.0 0.9640287769784173 0.03597122302158273 0.0 0.7410071942446043 1070.080070532006 19.48314481191491 144
0.9649122807017544 0.03508771929824561 0.0 0.963302752293578 0.03669724770642202 0.0 0.6697247706422018 1050.4313332515137 20.163705315759685 114
0.9655172413793104 0.034482758620689655 0.0 0.972972972972973 0.02702702702702703 0.0 0.6216216216216216 1063.386112587263 19.657841556900834 116
1.0 0.0 0.0 1.0 0.0 0.0 0.8409090909090909 1079.7942117261607 19.625905559281158 137
0.9384615384615385 0.06153846153846154 0.0 0.936 0.064 0.0 0.528 1079.3733013967676 19.275763389744903 130
1.0 0.0 0.0 1.0 0.0 0.0 0.9105691056910569 989.0500522543011 19.290923513562326 128
0.9834710743801653 0.01652892561983471 0.0 0.9827586206896551 0.017241379310344827 0.0 0.8362068965517241 1052.9583739358714 19.438548565987585 121
1.0 0.0 0.0 1.0 0.0 0.0 0.5142857142857142 1083.8793353185463 20.02869593101533 110
1.0 0.0 0.0 1.0 0.0 0.0 0.9411764705882353 1027.9869622057943 20.979381994074693 73
1.0 0.0 0.0 1.0 0.0 0.0 0.8333333333333334 1039.514295078491 18.360054491723552 131
1.0 0.0 0.0 1.0 0.0 0.0 0.7777777777777778 980.3676256103871 18.475253077247128 149
0.9647887323943662 0.035211267605633804 0.0 0.9635036496350365 0.0364963503649635 0.0 0.6861313868613139 1087.475776144526 19.183638832372853 142
0.9897959183673469 0.01020408163265306 0.0 0.9895287958115183 0.010471204188481676 0.0 0.005235602094240838 1082.1336414146158 17.971289470821713 196
0.9666666666666667 0.03333333333333333 0.0 0.9652173913043478 0.034782608695652174 0.0 0.991304347826087 1067.2276115869422 20.45004385379606 120
0.9916666666666667 0.008333333333333333 0.0 0.991304347826087 0.008695652173913044 0.0 0.7565217391304347 1072.9654765612213 19.80745305549279 120
1.0 0.0 0.0 1.0 0.0 0.0 0.9553571428571429 1048.3452122383803 19.975129090984165 117
0.9854014598540146 0.014598540145985401 0.0 0.9848484848484849 0.015151515151515152 0.0 0.7954545454545454 1076.737894741902 19.992480561561607 137
0.9253731343283582 0.06716417910447761 0.007462686567164179 0.9224806201550387 0.06976744186046512 0.007751937984496124 0.751937984496124 1086.6254106904967 19.931829873024522 134
1.0 0.0 0.0 1.0 0.0 0.0 0.6160714285714286 1045.6348235217777 20.191977783208117 117
0.9461077844311377 0.05389221556886228 0.0 0.9444444444444444 0.05555555555555555 0.0 0.6234567901234568 1074.9631991291512 17.59512301360401 167
0.9556962025316456 0.04430379746835443 0.0 0.954248366013072 0.0457516339869281 0.0 0.7124183006535948 1082.80438452776 18.792648736882008 158
1.0 0.0 0.0 1.0 0.0 0.0 1.0 1063.9073690505988 24.297733216321244 96
1.0 0.0 0.0 1.0 0.0 0.0 0.6136363636363636 1080.0965378071007 19.661517305688573 137
1.0 0.0 0.0 1.0 0.0 0.0 0.762962962962963 1048.7047819203121 19.46778854406104 140
0.9391304347826087 0.06086956521739131 0.0 0.9363636363636364 0.06363636363636363 0.0 0.6909090909090909 1087.306347318956 20.21687544258938 115
1.0 0.0 0.0 1.0 0.0 0.0 0.5502958579881657 1040.309654408719 17.786826863185482 174
1.0 0.0 0.0 1.0 0.0 0.0 0.7614678899082569 1033.445008160485 20.110040329990458 114
1.0 0.0 0.0 1.0 0.0 0.0 0.8762886597938144 1021.5025038608454 20.83673374418474 102
0.9870967741935484 0.012903225806451613 0.0 0.9866666666666667 0.013333333333333334 0.0 0.8 1072.7962801183212 18.384013743344877 155
1.0 0.0 0.0 1.0 0.0 0.0 0.7573529411764706 1047.1962660446136 19.74998531284817 141
0.9496402877697842 0.04316546762589928 0.007194244604316547 0.9477611940298507 0.04477611940298507 0.007462686567164179 0.8134328358208955 1073.8795902545073 19.235887923548972 139
0.9259259259259259 0.07407407407407407 0.0 0.9230769230769231 0.07692307692307693 0.0 0.7 1087.3807530786526 19.49670330209381 135
0.9914529914529915 0.008547008547008548 0.0 0.9910714285714286 0.008928571428571428 0.0 0.7857142857142857 1029.1101513439162 19.767383738259923 117
0.9924242424242424 0.007575757575757576 0.0 0.9921259842519685 0.007874015748031496 0.0 0.9921259842519685 1067.8831126847838 20.732763633580866 132
0.9590163934426229 0.040983606557377046 0.0 0.9572649572649573 0.042735042735042736 0.0 0.9572649572649573 1086.2546149405982 20.092099576509916 122
0.9685863874345549 0.031413612565445025 0.0 0.9731182795698925 0.026881720430107527 0.0 0.8440860215053764 1083.6292864357902 17.93130056686827 191
0.9771428571428571 0.022857142857142857 0.0 0.9764705882352941 0.023529411764705882 0.0 0.8529411764705882 1086.8847896389052 18.766660193824425 175
0.9941860465116279 0.005813953488372093 0.0 0.9940119760479041 0.005988023952095809 0.0 0.8922155688622755 1086.2681678143479 17.87475440077321 172
0.9924812030075187 0.007518796992481203 0.0 0.9921875 0.0078125 0.0 0.84375 1078.3262321610098 18.193348269486677 133
0.9344262295081968 0.06557377049180328 0.0 0.9325842696629213 0.06741573033707865 0.0 0.03932584269662921 1069.9447165729885 16.773771142156136 183
0.9900990099009901 0.009900990099009901 0.0 0.9895833333333334 0.010416666666666666 0.0 0.6666666666666666 1055.643704164638 19.42071534080821 101
0.9915966386554622 0.008403361344537815 0.0 0.9912280701754386 0.008771929824561403 0.0 0.8245614035087719 1087.4577431309121 19.987015208997672 119
0.9682539682539683 0.031746031746031744 0.0 0.9669421487603306 0.03305785123966942 0.0 0.628099173553719 1052.6120194949333 20.42240287082711 126
1.0 0.0 0.0 1.0 0.0 0.0 0.753968253968254 1063.6330344546313 19.935956779936323 131
1.0 0.0 0.0 1.0 0.0 0.0 0.6266666666666667 1063.6024956239228 18.63149737702403 155
1.0 0.0 0.0 1.0 0.0 0.0 0.697986577181208 1007.7214994088534 18.077883085971255 154
1.0 0.0 0.0 1.0 0.0 0.0 0.8928571428571429 982.7540596462528 19.751296174792444 117
1.0 0.0 0.0 1.0 0.0 0.0 0.4927536231884058 1065.3982869761048 18.953552384572284 143
0.9454545454545454 0.05454545454545454 0.0 0.9428571428571428 0.05714285714285714 0.0 0.8857142857142857 1074.2930319920576 20.854767244366478 110
1.0 0.0 0.0 1.0 0.0 0.0 0.788135593220339 1029.5974881917866 18.395811649207566 123
0.990909090909091 0.00909090909090909 0.0 0.9904761904761905 0.009523809523809525 0.0 0.580952380952381 1062.7734032416058 19.799759182361832 110
0.9935064935064936 0.006493506493506494 0.0 1.0 0.0 0.0 0.825503355704698 1053.3354557402467 18.40732570371457 154
0.9069767441860465 0.09302325581395349 0.0 0.9012345679012346 0.09876543209876543 0.0 0.8148148148148148 1071.0809902680874 22.263854202489117 86
0.930379746835443 0.06962025316455696 0.0 0.9281045751633987 0.0718954248366013 0.0 0.5751633986928104 1087.310633667539 17.865438269794083 158
0.990909090909091 0.00909090909090909 0.0 0.9904761904761905 0.009523809523809525 0.0 0.6 950.0385855236673 19.500537201305203 110
1.0 0.0 0.0 1.0 0.0 0.0 0.7483443708609272 1072.9555798410693 18.289616466796975 156
1.0 0.0 0.0 1.0 0.0 0.0 0.9864864864864865 1018.1074513568042 20.745772444598803 79
0.9829059829059829 0.017094017094017096 0.0 0.9821428571428571 0.017857142857142856 0.0 0.7767857142857143 1080.935858176284 19.346137372736464 117
1.0 0.0 0.0 1.0 0.0 0.0 0.7543859649122807 1014.7874466340278 19.230490632956357 119
0.987012987012987 0.012987012987012988 0.0 0.9865771812080537 0.013422818791946308 0.0 0.7919463087248322 1086.2905709237502 18.898056912702188 154
1.0 0.0 0.0 1.0 0.0 0.0 0.6413043478260869 1022.2371007038698 19.876330376913216 97
0.98 0.02 0.0 0.9789473684210527 0.021052631578947368 0.0 0.7789473684210526 1084.0966203012667 21.277241956263012 100
0.9829059829059829 0.017094017094017096 0.0 0.9821428571428571 0.017857142857142856 0.0 0.8571428571428571 1053.9846802392863 20.324761566557626 117
0.9185185185185185 0.08148148148148149 0.0 0.9153846153846154 0.08461538461538462 0.0 0.7307692307692307 1086.8505534893875 19.798335145364895 135
0.9932432432432432 0.006756756756756757 0.0 0.993006993006993 0.006993006993006993 0.0 0.9020979020979021 1039.367966799977 18.82388270568379 148
0.972972972972973 0.02702702702702703 0.0 0.9710144927536232 0.028985507246376812 0.0 0.782608695652174 1066.9453841169548 21.919323960258847 74
0.9439252336448598 0.056074766355140186 0.0 0.9411764705882353 0.058823529411764705 0.0 0.5294117647058824 1073.5849443634368 20.31790971151596 107
0.9646017699115044 0.035398230088495575 0.0 0.9629629629629629 0.037037037037037035 0.0 0.6851851851851852 1083.1710116511674 19.624877717471012 113
0.9577464788732394 0.04225352112676056 0.0 0.9562043795620438 0.043795620437956206 0.0 0.7591240875912408 1087.4473165376073 19.427247485165697 142
0.9916666666666667 0.008333333333333333 0.0 0.991304347826087 0.008695652173913044 0.0 0.5043478260869565 1049.3010998825773 18.668490825316997 120
0.9672131147540983 0.03278688524590164 0.0 0.9658119658119658 0.03418803418803419 0.0 0.6752136752136753 1065.1449257419824 19.565552225187915 122
1.0 0.0 0.0 1.0 0.0 0.0 0.8623853211009175 997.4909432631371 19.570191587541544 114
0.9333333333333333 0.06666666666666667 0.0 0.9310344827586207 0.06896551724137931 0.0 0.6689655172413793 1074.6784553295001 17.969753781197895 150
1.0 0.0 0.0 1.0 0.0 0.0 0.0 1076.0342588933502 17.851742610961008 162
0.946969696969697 0.05303030303030303 0.0 0.952755905511811 0.047244094488188976 0.0 0.7637795275590551 1033.8753072253653 19.04630944243568 132
1.0 0.0 0.0 1.0 0.0 0.0 0.75 1021.887613356961 19.392819229026944 141
0.9903846153846154 0.009615384615384616 0.0 0.98989898989899 0.010101010101010102 0.0 0.494949494949495 1081.2480838128265 19.606234040294513 104
0.9694656488549618 0.030534351145038167 0.0 0.9682539682539683 0.031746031746031744 0.0 0.7777777777777778 1084.9295839688452 19.705796196936717 131
0.9927007299270073 0.0072992700729927005 0.0 0.9924242424242424 0.007575757575757576 0.0 0.696969696969697 1084.0720216898426 19.801348317072772 137
0.952 0.048 0.0 0.95 0.05 0.0 0.7166666666666667 1041.2133310502738 20.506783227953512 125
0.9448818897637795 0.05511811023622047 0.0 0.9426229508196722 0.05737704918032787 0.0 0.5983606557377049 1029.1606280633766 17.939609742640055 127
1.0 0.0 0.0 1.0 0.0 0.0 0.6307692307692307 1067.6605162656913 18.62127955501028 135
0.9908256880733946 0.009174311926605505 0.0 0.9903846153846154 0.009615384615384616 0.0 0.7403846153846154 1052.0754988234567 20.227005856385443 109
