0.891566265060241 0.10843373493975904 0.0 0.8846153846153846 0.11538461538461539 0.0 0.6538461538461539 1030.9096963608367 21.240383962286707 83
0.8712871287128713 0.1188118811881188 0.009900990099009901 0.8645833333333334 0.125 0.010416666666666666 0.7604166666666666 1076.989819768513 23.683792766562604 101
0.8279569892473119 0.16129032258064516 0.010752688172043012 0.8181818181818182 0.17045454545454544 0.011363636363636364 0.9886363636363636 1025.4711694190073 24.140604648355076 93
0.7125748502994012 0.281437125748503 0.005988023952095809 0.7037037037037037 0.29012345679012347 0.006172839506172839 0.6666666666666666 1087.383578008864 19.550740523666022 167
0.8494623655913979 0.15053763440860216 0.0 0.8409090909090909 0.1590909090909091 0.0 0.8636363636363636 1025.4946021432202 24.71398214037192 93
0.898989898989899 0.10101010101010101 0.0 0.8936170212765957 0.10638297872340426 0.0 0.6382978723404256 1085.8777401555974 20.65384360915164 99
0.8584070796460177 0.1415929203539823 0.0 0.8518518518518519 0.14814814814814814 0.0 0.7222222222222222 1072.6353886896916 21.12907797570844 113
1.0 0.0 0.0 1.0 0.0 0.0 0.639344262295082 1080.460209710252 19.654181191100026 66
0.7663551401869159 0.22429906542056074 0.009345794392523364 0.7647058823529411 0.22549019607843138 0.00980392156862745 1.0 1018.1996475940995 24.345592920209445 107
0.8839285714285714 0.11607142857142858 0.0 0.8878504672897196 0.11214953271028037 0.0 0.8317757009345794 1079.3940158342286 21.454062898295316 112
0.8691588785046729 0.12149532710280374 0.009345794392523364 0.8627450980392157 0.12745098039215685 0.00980392156862745 1.0 1053.890028876875 25.026110664653746 107
0.875 0.125 0.0 0.8674698795180723 0.13253012048192772 0.0 0.8313253012048193 1063.8862324573095 21.942161485644263 88
0.7863247863247863 0.15384615384615385 0.05982905982905983 0.7767857142857143 0.16071428571428573 0.0625 0.9910714285714286 997.1249511649497 21.97546130407534 117
0.8936170212765957 0.10638297872340426 0.0 0.8876404494382022 0.11235955056179775 0.0 0.9325842696629213 1060.638204704642 24.67507239466228 94
0.8352941176470589 0.16470588235294117 0.0 0.825 0.175 0.0 0.95 1072.2444625744636 23.87835663202257 85
0.8932038834951457 0.10679611650485436 0.0 0.8877551020408163 0.11224489795918367 0.0 0.7959183673469388 1065.5100133492144 22.15496005147466 103
0.8938053097345132 0.10619469026548672 0.0 0.8888888888888888 0.1111111111111111 0.0 0.8703703703703703 1045.7474204687735 22.123222345793206 113
0.8571428571428571 0.12605042016806722 0.01680672268907563 0.8508771929824561 0.13157894736842105 0.017543859649122806 0.9912280701754386 1043.5957188703128 21.258911915698047 119
0.8661417322834646 0.13385826771653545 0.0 0.860655737704918 0.13934426229508196 0.0 0.7213114754098361 1077.9212886280318 21.064272901623376 127
0.8974358974358975 0.10256410256410256 0.0 0.8904109589041096 0.1095890410958904 0.0 0.8767123287671232 1056.4233541732706 23.48347890106979 78
0.9361702127659575 0.06382978723404255 0.0 0.9325842696629213 0.06741573033707865 0.0 0.7865168539325843 1032.318000924711 20.857935117236103 94
0.8658536585365854 0.13414634146341464 0.0 0.8616352201257862 0.13836477987421383 0.0 0.8490566037735849 1024.997765708323 18.956413792364042 164
0.8489208633093526 0.14388489208633093 0.007194244604316547 0.8432835820895522 0.14925373134328357 0.007462686567164179 0.8880597014925373 1073.1174187435474 20.472488890028103 139
0.91 0.09 0.0 0.9052631578947369 0.09473684210526316 0.0 0.7473684210526316 937.1306235884958 20.54829354176387 100
0.8434782608695652 0.14782608695652175 0.008695652173913044 0.8363636363636363 0.15454545454545454 0.00909090909090909 0.8 1051.1222820889573 22.400403943560672 115
0.9 0.1 0.0 0.9043478260869565 0.09565217391304348 0.0 0.7913043478260869 1005.5466473717778 20.885801306691448 120
0.9485294117647058 0.051470588235294115 0.0 0.9465648854961832 0.05343511450381679 0.0 0.7022900763358778 1033.9351965433802 19.574432283487365 136
0.9259259259259259 0.07407407407407407 0.0 0.9223300970873787 0.07766990291262135 0.0 0.9320388349514563 1058.2985494327509 24.80106863247361 108
0.8090909090909091 0.18181818181818182 0.00909090909090909 0.8095238095238095 0.18095238095238095 0.009523809523809525 0.9238095238095239 1052.7324785644473 22.934917986550175 110
0.9032258064516129 0.0967741935483871 0.0 0.8977272727272727 0.10227272727272728 0.0 0.8977272727272727 1039.8545118137558 25.78153003339628 93
0.9148936170212766 0.0851063829787234 0.0 0.9213483146067416 0.07865168539325842 0.0 0.7640449438202247 1071.2179948120076 21.463465539600207 94
0.8972602739726028 0.10273972602739725 0.0 0.8936170212765957 0.10638297872340426 0.0 0.8368794326241135 1087.417172944403 20.322031355267033 146
0.9259259259259259 0.07407407407407407 0.0 0.9210526315789473 0.07894736842105263 0.0 0.8421052631578947 1048.9284936155395 21.755332340828605 81
0.8923076923076924 0.1076923076923077 0.0 0.888 0.112 0.0 0.984 1070.7777451632394 21.826447748933084 130
0.6865671641791045 0.26865671641791045 0.04477611940298507 0.6744186046511628 0.27906976744186046 0.046511627906976744 0.9612403100775194 1022.4339296160038 20.248777903010136 134
0.891566265060241 0.0963855421686747 0.012048192771084338 0.8846153846153846 0.10256410256410256 0.01282051282051282 0.8589743589743589 988.0064774892029 23.897453213889015 83
0.9024390243902439 0.0975609756097561 0.0 0.8983050847457628 0.1016949152542373 0.0 0.8389830508474576 1050.66857894488 21.32275920161094 123
0.9104477611940298 0.08955223880597014 0.0 0.9069767441860465 0.09302325581395349 0.0 0.7054263565891473 1087.361828367345 19.56660704573201 134
0.8547008547008547 0.1452991452991453 0.0 0.8571428571428571 0.14285714285714285 0.0 0.7678571428571429 1087.450840129973 20.909593548503928 117
0.7984496124031008 0.1937984496124031 0.007751937984496124 0.7983870967741935 0.1935483870967742 0.008064516129032258 0.782258064516129 1083.9602159937672 21.547134173941643 129
0.8258064516129032 0.16774193548387098 0.0064516129032258064 0.82 0.17333333333333334 0.006666666666666667 0.8066666666666666 1020.9762291707658 19.33432746263504 155
0.8931297709923665 0.10687022900763359 0.0 0.8888888888888888 0.1111111111111111 0.0 0.7698412698412699 1087.3097843589114 19.95679976434444 131
0.9565217391304348 0.043478260869565216 0.0 0.9548872180451128 0.045112781954887216 0.0 0.8270676691729323 1043.7473880084146 19.276241161481657 138
0.815068493150685 0.18493150684931506 0.0 0.8085106382978723 0.19148936170212766 0.0 0.7801418439716312 1086.7083219942267 19.950531695673646 146
0.8543689320388349 0.14563106796116504 0.0 0.8469387755102041 0.15306122448979592 0.0 0.6530612244897959 1079.8742662473555 22.80791022824679 103
0.9016393442622951 0.09836065573770492 0.0 0.8974358974358975 0.10256410256410256 0.0 0.8376068376068376 1035.9046039005614 20.06715024742024 122
0.8653846153846154 0.125 0.009615384615384616 0.8585858585858586 0.13131313131313133 0.010101010101010102 0.9393939393939394 1062.6942636020656 21.721318132275094 104
0.7611940298507462 0.20149253731343283 0.03731343283582089 0.7596899224806202 0.20155038759689922 0.03875968992248062 0.937984496124031 1070.4791020804416 21.33983610326963 134
0.84375 0.13541666666666666 0.020833333333333332 0.8351648351648352 0.14285714285714285 0.02197802197802198 0.7692307692307693 928.6458584034132 22.840190869141313 96
0.9097744360902256 0.09022556390977443 0.0 0.921875 0.078125 0.0 0.7421875 1038.4234208225 19.417772971946288 133
0.9056603773584906 0.09433962264150944 0.0 0.9108910891089109 0.0891089108910891 0.0 0.7722772277227723 1063.62061401215 21.12981082693737 106
0.8741258741258742 0.11888111888111888 0.006993006993006993 0.8695652173913043 0.12318840579710146 0.007246376811594203 0.8260869565217391 1081.9485312983436 20.994645688309006 143
0.8584070796460177 0.1415929203539823 0.0 0.8518518518518519 0.14814814814814814 0.0 0.7685185185185185 1086.832540097148 20.617513595720265 113
0.9180327868852459 0.07377049180327869 0.00819672131147541 0.9230769230769231 0.06837606837606838 0.008547008547008548 0.8717948717948718 1007.4400174803436 20.239002935914854 122
0.8543689320388349 0.13592233009708737 0.009708737864077669 0.8469387755102041 0.14285714285714285 0.01020408163265306 0.9897959183673469 1009.84929316041 24.29085221022724 103
0.782258064516129 0.16129032258064516 0.056451612903225805 0.773109243697479 0.16806722689075632 0.058823529411764705 0.8571428571428571 1043.1330714970156 20.806838834708717 124
0.8899082568807339 0.11009174311926606 0.0 0.8942307692307693 0.10576923076923077 0.0 0.7884615384615384 1068.524454994946 22.02517284614439 109
0.9022556390977443 0.09774436090225563 0.0 0.8984375 0.1015625 0.0 0.6796875 1035.2841641726131 19.876785868110122 133
0.9292035398230089 0.07079646017699115 0.0 0.9259259259259259 0.07407407407407407 0.0 0.7407407407407407 1078.4868915769935 22.15475328236326 113
0.9102564102564102 0.08974358974358974 0.0 0.9041095890410958 0.0958904109589041 0.0 0.821917808219178 1060.194263706641 23.248479988387 78
0.89 0.11 0.0 0.8842105263157894 0.11578947368421053 0.0 0.7684210526315789 1076.1796916209098 22.914145351830648 100
0.9444444444444444 0.05555555555555555 0.0 0.9421487603305785 0.05785123966942149 0.0 0.7603305785123967 1067.1846098532255 21.408751295704818 126
0.898876404494382 0.10112359550561797 0.0 0.9047619047619048 0.09523809523809523 0.0 0.9642857142857143 1082.7855872272864 23.031005965499258 89
0.8739495798319328 0.1092436974789916 0.01680672268907563 0.868421052631579 0.11403508771929824 0.017543859649122806 0.8070175438596491 1041.4118701736509 23.357098508785644 119
0.9130434782608695 0.0782608695652174 0.008695652173913044 0.9090909090909091 0.08181818181818182 0.00909090909090909 0.9 1017.9245305515083 21.872345195280793 115
0.922077922077922 0.07792207792207792 0.0 0.9166666666666666 0.08333333333333333 0.0 0.7638888888888888 961.6512669636473 20.263286097956726 77
0.9294117647058824 0.07058823529411765 0.0 0.925 0.075 0.0 1.0 1071.0518904281696 24.608138735955922 85
0.8737864077669902 0.1262135922330097 0.0 0.8673469387755102 0.1326530612244898 0.0 0.7244897959183674 1086.3305419367405 23.511767204204457 103
0.9693877551020408 0.030612244897959183 0.0 0.967741935483871 0.03225806451612903 0.0 0.6559139784946236 1063.1388080516244 20.369578096654305 98
0.8235294117647058 0.17647058823529413 0.0 0.8247422680412371 0.17525773195876287 0.0 0.7731958762886598 1068.20523624522 21.50637786835776 102
0.8913043478260869 0.10869565217391304 0.0 0.8872180451127819 0.11278195488721804 0.0 0.8947368421052632 1079.654962052447 21.921396183442344 138
0.9239130434782609 0.07608695652173914 0.0 0.9195402298850575 0.08045977011494253 0.0 0.9770114942528736 1078.8122027072409 23.594418466393716 92
0.8723404255319149 0.1276595744680851 0.0 0.8651685393258427 0.1348314606741573 0.0 0.6853932584269663 1087.4467490306583 21.13418985468892 94
0.9016393442622951 0.09836065573770492 0.0 0.8974358974358975 0.10256410256410256 0.0 0.8803418803418803 1017.5274574104222 21.901740981869473 122
0.9191176470588235 0.08088235294117647 0.0 0.916030534351145 0.08396946564885496 0.0 0.816793893129771 1087.314927424369 20.54406114103685 136
0.9435483870967742 0.056451612903225805 0.0 0.9411764705882353 0.058823529411764705 0.0 0.8487394957983193 1063.6956569293104 20.524762516008078 124
0.8952380952380953 0.10476190476190476 0.0 0.89 0.11 0.0 0.72 1059.54304220887 23.839588324230775 105
0.9456521739130435 0.05434782608695652 0.0 0.9425287356321839 0.05747126436781609 0.0 0.896551724137931 1026.496835244758 20.962886054673216 92
0.868421052631579 0.13157894736842105 0.0 0.8623853211009175 0.13761467889908258 0.0 0.7247706422018348 1087.3786583681394 20.910622569898145 114
0.8796296296296297 0.12037037037037036 0.0 0.8737864077669902 0.1262135922330097 0.0 0.8932038834951457 1073.9811854486393 23.87308062891146 108
0.8803418803418803 0.11965811965811966 0.0 0.875 0.125 0.0 0.8839285714285714 1024.4452951581181 21.32816949072239 117
0.8541666666666666 0.14583333333333334 0.0 0.8461538461538461 0.15384615384615385 0.0 0.8461538461538461 1062.116648821846 23.63754742489388 96
0.8877551020408163 0.11224489795918367 0.0 0.8817204301075269 0.11827956989247312 0.0 0.8924731182795699 1086.8997474608143 24.277147486902138 98
0.9595959595959596 0.04040404040404041 0.0 0.9574468085106383 0.0425531914893617 0.0 0.7127659574468085 1074.1410760207243 21.876506817433604 99
0.9210526315789473 0.07894736842105263 0.0 0.9174311926605505 0.08256880733944955 0.0 0.7522935779816514 1080.3997166836195 20.101388335393533 114
0.8583333333333333 0.13333333333333333 0.008333333333333333 0.8608695652173913 0.13043478260869565 0.008695652173913044 0.6782608695652174 1087.0626913140168 19.88911891431268 120
0.8899082568807339 0.11009174311926606 0.0 0.8846153846153846 0.11538461538461539 0.0 0.9519230769230769 1048.6700640513393 22.061706257498226 109
0.7131782945736435 0.24031007751937986 0.046511627906976744 0.7096774193548387 0.24193548387096775 0.04838709677419355 0.7419354838709677 1087.3280426359418 21.093607054896253 129
0.9253731343283582 0.07462686567164178 0.0 0.9224806201550387 0.07751937984496124 0.0 0.8062015503875969 1031.7593451734972 20.617329545080683 134
0.9367088607594937 0.06329113924050633 0.0 0.9459459459459459 0.05405405405405406 0.0 0.8783783783783784 964.80894004597 21.42574552972529 79
0.8495575221238938 0.1504424778761062 0.0 0.8425925925925926 0.1574074074074074 0.0 0.8240740740740741 1072.5899313002526 21.840896912604 113
0.864406779661017 0.1271186440677966 0.00847457627118644 0.8584070796460177 0.13274336283185842 0.008849557522123894 0.9292035398230089 1079.7992334270377 21.134999112028225 118
0.9565217391304348 0.043478260869565216 0.0 0.9545454545454546 0.045454545454545456 0.0 0.6454545454545455 1073.813054010342 20.483891290203736 115
0.8818181818181818 0.10909090909090909 0.00909090909090909 0.8761904761904762 0.11428571428571428 0.009523809523809525 0.819047619047619 1085.0803137579828 24.048201631357056 110
0.7948717948717948 0.19658119658119658 0.008547008547008548 0.7857142857142857 0.20535714285714285 0.008928571428571428 0.9107142857142857 1040.2008699116036 21.548448807872944 117
0.8717948717948718 0.1282051282051282 0.0 0.8660714285714286 0.13392857142857142 0.0 0.875 999.5620132498791 21.4340878358946 117
0.7789473684210526 0.17894736842105263 0.042105263157894736 0.7666666666666667 0.18888888888888888 0.044444444444444446 0.9444444444444444 1065.0342133065262 25.26644753970302 95
0.8547008547008547 0.1452991452991453 0.0 0.8482142857142857 0.15178571428571427 0.0 0.625 1081.2178888647625 22.25043010620104 117
0.6846153846153846 0.2692307692307692 0.046153846153846156 0.68 0.272 0.048 0.896 1051.707968490847 21.92134927608173 130
0.8947368421052632 0.10526315789473684 0.0 0.8899082568807339 0.11009174311926606 0.0 0.7064220183486238 1085.558823307756 19.822468631352226 114
0.8571428571428571 0.14285714285714285 0.0 0.8525641025641025 0.14743589743589744 0.0 0.8141025641025641 1034.9318104353033 19.705795296046546 161
0.9120879120879121 0.08791208791208792 0.0 0.9069767441860465 0.09302325581395349 0.0 0.7906976744186046 1073.917166250544 24.34338553139201 91
0.8618421052631579 0.13815789473684212 0.0 0.8571428571428571 0.14285714285714285 0.0 0.7142857142857143 1084.2900871452691 20.297218085090915 152
0.9357798165137615 0.06422018348623854 0.0 0.9326923076923077 0.0673076923076923 0.0 0.8557692307692307 1086.062387975892 22.92703727347186 109
0.9009009009009009 0.0990990990990991 0.0 0.8962264150943396 0.10377358490566038 0.0 0.9150943396226415 1078.69349530716 21.488064326569727 111
0.8157894736842105 0.18421052631578946 0.0 0.8073394495412844 0.1926605504587156 0.0 0.9541284403669725 1081.0827335238762 22.232022540931112 114
0.9 0.1 0.0 0.8933333333333333 0.10666666666666667 0.0 1.0 1019.9347216393818 23.54660732792222 80
0.9629629629629629 0.037037037037037035 0.0 0.9611650485436893 0.038834951456310676 0.0 0.7766990291262136 1025.1656321489627 21.657120663179764 108
0.9298245614035088 0.07017543859649122 0.0 0.944954128440367 0.05504587155963303 0.0 0.7981651376146789 1060.5618118655432 20.774731161178366 114
0.8682170542635659 0.13178294573643412 0.0 0.8629032258064516 0.13709677419354838 0.0 0.8064516129032258 1085.0598957945947 21.588194411167702 129
0.8558558558558559 0.14414414414414414 0.0 0.8490566037735849 0.1509433962264151 0.0 0.7264150943396226 1033.5108529570873 21.994881833095036 111
0.9 0.1 0.0 0.8947368421052632 0.10526315789473684 0.0 0.7578947368421053 1086.7613127992984 21.696171213940385 100
0.8416666666666667 0.15 0.008333333333333333 0.8434782608695652 0.14782608695652175 0.008695652173913044 0.9391304347826087 1051.895816799504 22.660953935813534 120
0.8365384615384616 0.16346153846153846 0.0 0.8282828282828283 0.1717171717171717 0.0 0.8080808080808081 1085.0194670349822 22.82699928552395 104
0.8487394957983193 0.15126050420168066 0.0 0.8508771929824561 0.14912280701754385 0.0 0.7982456140350878 1077.5043695508416 21.284172567829398 119
0.8461538461538461 0.15384615384615385 0.0 0.8372093023255814 0.16279069767441862 0.0 1.0 1048.0036094163345 23.565117840769343 91
0.9296875 0.0703125 0.0 0.926829268292683 0.07317073170731707 0.0 0.7317073170731707 1052.4538835123733 21.588901302092232 128
0.8709677419354839 0.12903225806451613 0.0 0.8733333333333333 0.12666666666666668 0.0 0.6066666666666667 1086.372822457683 20.493674461683312 155
0.9328358208955224 0.06716417910447761 0.0 0.9302325581395349 0.06976744186046512 0.0 0.8992248062015504 1033.6042565544944 20.2456029647736 134
0.8925619834710744 0.10743801652892562 0.0 0.8879310344827587 0.11206896551724138 0.0 0.7413793103448276 1020.4790113709385 20.70529621836945 121
0.8979591836734694 0.10204081632653061 0.0 0.8943661971830986 0.1056338028169014 0.0 0.823943661971831 1087.470288007589 20.11098789316143 147
0.9158878504672897 0.08411214953271028 0.0 0.9117647058823529 0.08823529411764706 0.0 0.7254901960784313 1081.861496258845 22.31860003173973 107
0.9111111111111111 0.08888888888888889 0.0 0.9058823529411765 0.09411764705882353 0.0 0.9058823529411765 1011.957103486033 23.167800250214235 90
0.8157894736842105 0.17543859649122806 0.008771929824561403 0.8165137614678899 0.1834862385321101 0.0 0.7706422018348624 1075.3200151146173 21.969034039876792 114
0.905511811023622 0.08661417322834646 0.007874015748031496 0.9016393442622951 0.09016393442622951 0.00819672131147541 0.8032786885245902 1065.126604653988 22.01344087834666 127
0.9145299145299145 0.08547008547008547 0.0 0.9107142857142857 0.08928571428571429 0.0 0.7857142857142857 1087.207949261188 20.786380579480742 117
0.7068965517241379 0.21551724137931033 0.07758620689655173 0.6936936936936937 0.22522522522522523 0.08108108108108109 0.8648648648648649 1052.0717509080778 20.85311108559874 116
0.8536585365853658 0.13414634146341464 0.012195121951219513 0.8441558441558441 0.14285714285714285 0.012987012987012988 0.948051948051948 1054.0466094214742 25.219491404848863 82
0.8899082568807339 0.11009174311926606 0.0 0.8846153846153846 0.11538461538461539 0.0 0.9230769230769231 1036.6121438915093 21.88588681868262 109
0.9662162162162162 0.033783783783783786 0.0 0.965034965034965 0.03496503496503497 0.0 0.8881118881118881 1086.0658757044278 20.060492152593856 148
0.8452380952380952 0.15476190476190477 0.0 0.8354430379746836 0.16455696202531644 0.0 0.9493670886075949 1064.1259941069525 25.18650310412025 84
0.8878504672897196 0.11214953271028037 0.0 0.8823529411764706 0.11764705882352941 0.0 0.7352941176470589 1087.2796100848088 20.19488012796663 107
0.883495145631068 0.10679611650485436 0.009708737864077669 0.8775510204081632 0.11224489795918367 0.01020408163265306 0.8469387755102041 1087.3637759113913 23.575844816274262 103
0.893048128342246 0.10695187165775401 0.0 0.8901098901098901 0.10989010989010989 0.0 0.6923076923076923 1087.4176386834433 18.530544092206576 187
0.8818897637795275 0.11023622047244094 0.007874015748031496 0.8770491803278688 0.11475409836065574 0.00819672131147541 0.7049180327868853 1086.3870802289175 20.339548656934795 127
0.8846153846153846 0.11538461538461539 0.0 0.8888888888888888 0.1111111111111111 0.0 0.8080808080808081 1068.990845175488 21.817464988519642 104
0.7520661157024794 0.24793388429752067 0.0 0.75 0.25 0.0 0.6379310344827587 1087.337412537144 20.30461794443129 121
0.8888888888888888 0.1111111111111111 0.0 0.8842975206611571 0.11570247933884298 0.0 0.6033057851239669 1074.6797227296524 19.74968473986439 126
0.8787878787878788 0.12121212121212122 0.0 0.8740157480314961 0.12598425196850394 0.0 0.8346456692913385 1059.2563458431462 20.084908396084433 132
0.9365079365079365 0.06349206349206349 0.0 0.9338842975206612 0.06611570247933884 0.0 0.8429752066115702 1014.1826426354122 20.685378333823554 126
0.8703703703703703 0.12962962962962962 0.0 0.8640776699029126 0.13592233009708737 0.0 0.7378640776699029 1086.4212794453317 23.34647489801684 108
0.9411764705882353 0.058823529411764705 0.0 0.9473684210526315 0.05263157894736842 0.0 0.8771929824561403 1076.8793401317164 20.77418472367346 119
0.8057553956834532 0.19424460431654678 0.0 0.7985074626865671 0.20149253731343283 0.0 0.7238805970149254 1087.2519430602958 18.998980906961382 139
0.8 0.2 0.0 0.8 0.2 0.0 0.8846153846153846 1087.2123934995495 20.846809680409784 135
0.9387755102040817 0.061224489795918366 0.0 0.9354838709677419 0.06451612903225806 0.0 0.8064516129032258 1083.8636353434727 23.188297474804575 98
0.7884615384615384 0.10576923076923077 0.10576923076923077 0.7777777777777778 0.1111111111111111 0.1111111111111111 0.9191919191919192 1062.1115113480093 23.055494009905928 104
0.8764044943820225 0.12359550561797752 0.0 0.8690476190476191 0.13095238095238096 0.0 0.8333333333333334 1071.7359222628058 23.675663192607516 89
0.868421052631579 0.13157894736842105 0.0 0.8623853211009175 0.13761467889908258 0.0 0.8348623853211009 1077.8840514659903 21.079424437754565 114
0.9484536082474226 0.05154639175257732 0.0 0.9456521739130435 0.05434782608695652 0.0 0.8152173913043478 1072.68299751976 20.218686733765473 97
0.8813559322033898 0.11864406779661017 0.0 0.8761061946902655 0.12389380530973451 0.0 0.7699115044247787 1087.3880350114773 21.335859619581854 118
0.7558139534883721 0.18604651162790697 0.05813953488372093 0.7407407407407407 0.19753086419753085 0.06172839506172839 0.9753086419753086 1058.4475908744714 24.29404249245016 86
0.937984496124031 0.06201550387596899 0.0 0.9354838709677419 0.06451612903225806 0.0 0.8467741935483871 1034.9835382910555 20.234015934186395 129
0.86 0.13 0.01 0.8526315789473684 0.1368421052631579 0.010526315789473684 0.9578947368421052 1019.7218825150421 25.254687347315336 100
0.8035714285714286 0.16071428571428573 0.03571428571428571 0.794392523364486 0.16822429906542055 0.037383177570093455 0.9439252336448598 1032.116404517039 23.051034910073874 112
0.8303571428571429 0.16964285714285715 0.0 0.822429906542056 0.17757009345794392 0.0 0.7850467289719626 1087.3256930159337 21.02603916687394 112
0.9325842696629213 0.06741573033707865 0.0 0.9285714285714286 0.07142857142857142 0.0 1.0 1053.3528126198016 24.248937143534324 89
0.8702290076335878 0.1297709923664122 0.0 0.8650793650793651 0.1349206349206349 0.0 0.8412698412698413 1062.3124374236072 20.942944329699262 131
0.8350515463917526 0.16494845360824742 0.0 0.8260869565217391 0.17391304347826086 0.0 0.9239130434782609 1061.4011490308367 23.78000103334242 97
0.900990099009901 0.09900990099009901 0.0 0.8958333333333334 0.10416666666666667 0.0 0.7604166666666666 1086.4299091313019 23.436407539453043 101
0.8 0.2 0.0 0.7916666666666666 0.20833333333333334 0.0 0.725 1087.4105922381389 20.640114645205035 125
0.8415841584158416 0.1485148514851485 0.009900990099009901 0.8333333333333334 0.15625 0.010416666666666666 0.6666666666666666 1063.182475734319 22.252674273320665 101
0.8623853211009175 0.13761467889908258 0.0 0.8557692307692307 0.14423076923076922 0.0 0.875 976.9531554827689 20.370567109088135 109
0.8760330578512396 0.12396694214876033 0.0 0.8706896551724138 0.12931034482758622 0.0 0.7586206896551724 1081.7803778245495 21.136160430615373 121
0.8962264150943396 0.10377358490566038 0.0 0.8910891089108911 0.10891089108910891 0.0 0.9702970297029703 1014.0624589888582 20.64111391753409 106
0.8345323741007195 0.1510791366906475 0.014388489208633094 0.8283582089552238 0.15671641791044777 0.014925373134328358 0.6791044776119403 1087.2829139314345 19.328537165045635 139
0.8451612903225807 0.15483870967741936 0.0 0.84 0.16 0.0 0.9266666666666666 1038.5957909035594 19.986786637199913 155
0.911504424778761 0.08849557522123894 0.0 0.9074074074074074 0.09259259259259259 0.0 0.5370370370370371 1085.7700294984197 18.983280995385005 113
0.8363636363636363 0.13636363636363635 0.02727272727272727 0.8285714285714286 0.14285714285714285 0.02857142857142857 0.9809523809523809 1044.5323058553981 21.40000845980121 110
0.8734177215189873 0.12658227848101267 0.0 0.8783783783783784 0.12162162162162163 0.0 0.8108108108108109 1033.4817381045314 20.011029871896348 79
0.9672131147540983 0.03278688524590164 0.0 0.9642857142857143 0.03571428571428571 0.0 0.8035714285714286 1052.647683584055 22.085683408486407 61
0.9181818181818182 0.08181818181818182 0.0 0.9142857142857143 0.08571428571428572 0.0 0.7047619047619048 1081.5020100829117 22.620087032472554 110
0.7714285714285715 0.21904761904761905 0.009523809523809525 0.76 0.23 0.01 0.83 1085.4699357121913 21.76435804828513 105
0.8804347826086957 0.11956521739130435 0.0 0.8735632183908046 0.12643678160919541 0.0 0.7931034482758621 1086.375474484289 21.416536627482223 92
0.8257575757575758 0.1590909090909091 0.015151515151515152 0.8188976377952756 0.16535433070866143 0.015748031496062992 0.7795275590551181 1087.091673857641 20.701624719284997 132
0.7619047619047619 0.23809523809523808 0.0 0.7520661157024794 0.24793388429752067 0.0 1.0 1085.708521333906 22.874739010265923 126
0.7904761904761904 0.20952380952380953 0.0 0.78 0.22 0.0 0.85 1070.9311580784538 24.18753996187344 105
0.8809523809523809 0.11904761904761904 0.0 0.8734177215189873 0.12658227848101267 0.0 0.9493670886075949 954.7542492259342 24.373090301260294 84
0.9276315789473685 0.06578947368421052 0.006578947368421052 0.9251700680272109 0.06802721088435375 0.006802721088435374 0.8775510204081632 1066.3806734332843 21.080305549825876 152
0.9081632653061225 0.09183673469387756 0.0 0.9032258064516129 0.0967741935483871 0.0 0.9247311827956989 1086.0550791588194 21.600427156330642 98
0.8686131386861314 0.13138686131386862 0.0 0.8636363636363636 0.13636363636363635 0.0 0.9166666666666666 1074.4000074598118 21.61856673749271 137
0.8333333333333334 0.15476190476190477 0.011904761904761904 0.8227848101265823 0.16455696202531644 0.012658227848101266 0.9746835443037974 1078.320245468503 24.145431370692446 84
0.9342105263157895 0.05263157894736842 0.013157894736842105 0.9295774647887324 0.056338028169014086 0.014084507042253521 0.971830985915493 1028.0905166532507 25.7724884281238 76
0.8925619834710744 0.09090909090909091 0.01652892561983471 0.8879310344827587 0.09482758620689655 0.017241379310344827 0.7758620689655172 1074.0798087349986 21.9330005583913 121
0.9626168224299065 0.037383177570093455 0.0 0.9607843137254902 0.0392156862745098 0.0 0.7941176470588235 1075.599760862191 21.494411844658703 107
0.8421052631578947 0.14736842105263157 0.010526315789473684 0.8333333333333334 0.15555555555555556 0.011111111111111112 0.5888888888888889 1030.2446721542012 22.743092881196812 95
0.8333333333333334 0.1574074074074074 0.009259259259259259 0.8252427184466019 0.1650485436893204 0.009708737864077669 0.7961165048543689 1086.0349945789046 23.309407501589025 108
0.9252336448598131 0.06542056074766354 0.009345794392523364 0.9215686274509803 0.06862745098039216 0.00980392156862745 0.8725490196078431 1080.0948347318367 21.893551445744382 107
0.8737864077669902 0.1262135922330097 0.0 0.8673469387755102 0.1326530612244898 0.0 0.9285714285714286 1065.870233197581 23.89311334906433 103
0.8867924528301887 0.11320754716981132 0.0 0.8811881188118812 0.1188118811881188 0.0 0.9207920792079208 1086.0031672073803 23.252062842336954 106
0.6666666666666666 0.3047619047619048 0.02857142857142857 0.66 0.31 0.03 0.85 1077.6587068159986 21.736008595153844 105
0.8803418803418803 0.11965811965811966 0.0 0.8839285714285714 0.11607142857142858 0.0 0.7410714285714286 1086.804203096385 20.07831240877484 117
0.8640776699029126 0.13592233009708737 0.0 0.8571428571428571 0.14285714285714285 0.0 0.7959183673469388 1046.246022514883 21.26801164910974 103
0.875 0.125 0.0 0.8695652173913043 0.13043478260869565 0.0 0.9043478260869565 1080.8679915195826 21.418681103638413 120
0.8823529411764706 0.10588235294117647 0.011764705882352941 0.875 0.1125 0.0125 0.725 1064.0690452423048 22.203911430480858 85
0.9320388349514563 0.06796116504854369 0.0 0.9285714285714286 0.07142857142857142 0.0 0.8571428571428571 1082.4061948801684 23.163748520875995 103
0.8252427184466019 0.17475728155339806 0.0 0.8163265306122449 0.1836734693877551 0.0 0.7653061224489796 1072.0493583134162 23.108649898233132 103
0.9420289855072463 0.057971014492753624 0.0 0.9398496240601504 0.06015037593984962 0.0 0.7819548872180451 1087.394176143469 20.615219867757855 138
0.9239130434782609 0.07608695652173914 0.0 0.9195402298850575 0.08045977011494253 0.0 0.6436781609195402 1087.4644111126445 22.24462921719794 92
0.9225352112676056 0.07746478873239436 0.0 0.9197080291970803 0.08029197080291971 0.0 0.7299270072992701 1082.9379716361284 20.403748232374962 142
0.9107142857142857 0.08928571428571429 0.0 0.9158878504672897 0.08411214953271028 0.0 0.7757009345794392 1044.377929883099 22.017972461989483 112
0.824 0.176 0.0 0.8166666666666667 0.18333333333333332 0.0 0.9416666666666667 1052.892873068319 22.361642294541163 125
0.9213483146067416 0.07865168539325842 0.0 0.9166666666666666 0.08333333333333333 0.0 0.8333333333333334 1043.7615015409099 24.189346740687885 89
0.9204545454545454 0.07954545454545454 0.0 0.9156626506024096 0.08433734939759036 0.0 0.7831325301204819 1059.8315115430928 23.871447030357213 88
0.8380281690140845 0.15492957746478872 0.007042253521126761 0.8321167883211679 0.16058394160583941 0.0072992700729927005 0.8686131386861314 1070.1305356409425 21.123744974743282 142
0.8494623655913979 0.10752688172043011 0.043010752688172046 0.8522727272727273 0.10227272727272728 0.045454545454545456 0.8295454545454546 1084.50342413935 24.18440490257523 93
0.8660714285714286 0.125 0.008928571428571428 0.8598130841121495 0.1308411214953271 0.009345794392523364 0.7757009345794392 1064.667408849352 22.583648838072097 112
0.8728813559322034 0.11864406779661017 0.00847457627118644 0.8672566371681416 0.12389380530973451 0.008849557522123894 0.8672566371681416 1078.8434533714174 22.27610198459462 118
0.9 0.1 0.0 0.8952380952380953 0.10476190476190476 0.0 0.5619047619047619 1080.1538485697777 21.494973774498533 110
0.8701298701298701 0.12987012987012986 0.0 0.8611111111111112 0.1388888888888889 0.0 0.9861111111111112 1030.6033116042868 26.89562005514027 77
0.904 0.096 0.0 0.9 0.1 0.0 0.7333333333333333 1066.715565390392 21.581420165610893 125
0.8854166666666666 0.11458333333333333 0.0 0.8791208791208791 0.12087912087912088 0.0 0.7802197802197802 1083.4672882385187 24.26753324579171 96
0.9230769230769231 0.07692307692307693 0.0 0.9191919191919192 0.08080808080808081 0.0 0.8080808080808081 1086.9524953891673 20.757978312477835 104
0.8446601941747572 0.1553398058252427 0.0 0.8367346938775511 0.16326530612244897 0.0 0.7551020408163265 1087.0556843840716 22.544208641773274 103
0.9038461538461539 0.09615384615384616 0.0 0.898989898989899 0.10101010101010101 0.0 0.7373737373737373 1008.8457553256269 21.281789246255894 104
0.8771929824561403 0.12280701754385964 0.0 0.8807339449541285 0.11926605504587157 0.0 0.7064220183486238 1087.1013296085946 22.152885071204548 114
0.9772727272727273 0.022727272727272728 0.0 0.9759036144578314 0.024096385542168676 0.0 0.7710843373493976 1071.5762056548817 22.819313902423524 88
0.9051724137931034 0.07758620689655173 0.017241379310344827 0.9009009009009009 0.08108108108108109 0.018018018018018018 0.7567567567567568 1087.283400429901 20.555654039371827 116
0.9619047619047619 0.0380952380952381 0.0 0.96 0.04 0.0 0.89 1072.3853671125687 22.63013343467658 105
0.9369369369369369 0.06306306306306306 0.0 0.9433962264150944 0.05660377358490566 0.0 0.9716981132075472 1050.5513270928816 21.317532330207655 111
0.8977272727272727 0.10227272727272728 0.0 0.891566265060241 0.10843373493975904 0.0 1.0 990.3792197759049 24.94716477019924 88
0.8345323741007195 0.1510791366906475 0.014388489208633094 0.835820895522388 0.14925373134328357 0.014925373134328358 0.6417910447761194 1080.6983933818613 21.511670488403087 139
0.8739495798319328 0.12605042016806722 0.0 0.868421052631579 0.13157894736842105 0.0 0.7280701754385965 1081.8701792143663 22.25600839572857 119
0.8709677419354839 0.12903225806451613 0.0 0.865546218487395 0.13445378151260504 0.0 0.8235294117647058 1081.6773200748378 21.945261302857272 124
0.9051094890510949 0.0948905109489051 0.0 0.9015151515151515 0.09848484848484848 0.0 0.8181818181818182 1037.3210047429043 20.598906775674422 137
0.7835051546391752 0.20618556701030927 0.010309278350515464 0.7717391304347826 0.21739130434782608 0.010869565217391304 0.8478260869565217 1051.7707409715078 21.573935937572884 97
0.9069767441860465 0.07751937984496124 0.015503875968992248 0.9032258064516129 0.08064516129032258 0.016129032258064516 0.717741935483871 1067.6746386649857 20.27625999514075 129
0.9230769230769231 0.07692307692307693 0.0 0.92 0.08 0.0 0.808 1038.0864905344358 20.238037263856096 130
0.7307692307692307 0.26153846153846155 0.007692307692307693 0.728 0.264 0.008 0.752 1087.3421616543294 21.891496785013892 130
0.8671328671328671 0.1258741258741259 0.006993006993006993 0.8623188405797102 0.13043478260869565 0.007246376811594203 0.8043478260869565 1085.8559266774691 20.59522898739831 143
0.8333333333333334 0.1574074074074074 0.009259259259259259 0.8252427184466019 0.1650485436893204 0.009708737864077669 0.7669902912621359 1026.62029596497 21.217627788077994 108
0.6964285714285714 0.25 0.05357142857142857 0.6822429906542056 0.2616822429906542 0.056074766355140186 0.8504672897196262 1063.425829384746 22.279600091250803 112
0.8859649122807017 0.10526315789473684 0.008771929824561403 0.8807339449541285 0.11009174311926606 0.009174311926605505 0.7889908256880734 1079.175502979279 22.14103409926289 114
0.8588235294117647 0.11764705882352941 0.023529411764705882 0.85 0.125 0.025 0.625 1087.3769460984176 19.92095535335131 85
0.9327731092436975 0.06722689075630252 0.0 0.9298245614035088 0.07017543859649122 0.0 0.7456140350877193 1087.4890167170656 20.373471890705538 119
0.9142857142857143 0.08571428571428572 0.0 0.91 0.09 0.0 0.8 1041.720662610127 22.740578976315177 105
0.8571428571428571 0.1326530612244898 0.01020408163265306 0.8494623655913979 0.13978494623655913 0.010752688172043012 0.8924731182795699 1054.6668100305899 24.308407641738786 98
0.8901098901098901 0.0989010989010989 0.01098901098901099 0.8837209302325582 0.10465116279069768 0.011627906976744186 0.6511627906976745 1037.3845995935226 22.399717939572895 91
0.8482142857142857 0.125 0.026785714285714284 0.8411214953271028 0.1308411214953271 0.028037383177570093 0.7570093457943925 1086.953482107206 21.41204892311736 112
0.8904109589041096 0.1095890410958904 0.0 0.8865248226950354 0.11347517730496454 0.0 0.7730496453900709 1053.2076976523815 21.310555239853695 146
0.8976377952755905 0.10236220472440945 0.0 0.8934426229508197 0.10655737704918032 0.0 0.7622950819672131 1087.1931468123382 20.949669088372 127
0.8378378378378378 0.14414414414414414 0.018018018018018018 0.8301886792452831 0.1509433962264151 0.018867924528301886 0.7735849056603774 1073.305212227268 23.599846780302098 111
0.7441860465116279 0.24031007751937986 0.015503875968992248 0.7338709677419355 0.25 0.016129032258064516 0.9354838709677419 1049.9679022254893 21.658753117628013 129
0.9137931034482759 0.07758620689655173 0.008620689655172414 0.918918918918919 0.07207207207207207 0.009009009009009009 0.7747747747747747 1086.1914046733232 20.937884514938975 116
0.8106060606060606 0.1893939393939394 0.0 0.8031496062992126 0.1968503937007874 0.0 0.8582677165354331 1085.9170356751292 22.055198780299552 132
0.7962962962962963 0.17592592592592593 0.027777777777777776 0.7864077669902912 0.18446601941747573 0.02912621359223301 0.8349514563106796 1075.0635233043588 21.330528602613327 108
0.9037037037037037 0.0962962962962963 0.0 0.9 0.1 0.0 0.8153846153846154 1079.2932440816828 19.655179402997923 135
0.8785046728971962 0.12149532710280374 0.0 0.8725490196078431 0.12745098039215685 0.0 0.7745098039215687 1086.6701898955 21.698077885822048 107
0.8688524590163934 0.13114754098360656 0.0 0.8632478632478633 0.13675213675213677 0.0 0.7692307692307693 1087.3756844556228 21.224580805851126 122
0.7377049180327869 0.23770491803278687 0.02459016393442623 0.7264957264957265 0.24786324786324787 0.02564102564102564 0.7606837606837606 1078.7422843803838 22.553868492288956 122
0.8673469387755102 0.1326530612244898 0.0 0.8709677419354839 0.12903225806451613 0.0 1.0 1085.428288851937 23.392779387370588 98
0.7647058823529411 0.226890756302521 0.008403361344537815 0.7543859649122807 0.23684210526315788 0.008771929824561403 0.9824561403508771 1066.0427387280547 21.888151512242718 119
0.8015873015873016 0.1746031746031746 0.023809523809523808 0.7933884297520661 0.18181818181818182 0.024793388429752067 0.7520661157024794 1087.3893262242148 20.94845027636437 126
0.9154929577464789 0.08450704225352113 0.0 0.9124087591240876 0.08759124087591241 0.0 0.8613138686131386 1071.9446845836073 20.40877526366843 142
0.7603305785123967 0.2396694214876033 0.0 0.7586206896551724 0.2413793103448276 0.0 0.8017241379310345 1072.1188094937918 21.254781170928048 121
0.8333333333333334 0.14492753623188406 0.021739130434782608 0.8345864661654135 0.14285714285714285 0.022556390977443608 0.8270676691729323 1074.9240945420365 21.19837093039674 138
0.8923076923076924 0.1076923076923077 0.0 0.888 0.112 0.0 0.792 1072.3407073824496 19.897194928467034 130
0.8902439024390244 0.10975609756097561 0.0 0.8831168831168831 0.11688311688311688 0.0 0.9090909090909091 1080.208297962806 21.142394980674208 82
0.8611111111111112 0.13194444444444445 0.006944444444444444 0.8561151079136691 0.1366906474820144 0.007194244604316547 0.8920863309352518 1040.9559433738252 21.17044566399711 144
0.803921568627451 0.16666666666666666 0.029411764705882353 0.7938144329896907 0.17525773195876287 0.030927835051546393 0.9690721649484536 1044.8559959014588 23.810056110428462 102
0.9191919191919192 0.08080808080808081 0.0 0.9148936170212766 0.0851063829787234 0.0 0.648936170212766 1087.4521456939337 20.230716553053437 99
0.7956989247311828 0.1935483870967742 0.010752688172043012 0.7840909090909091 0.20454545454545456 0.011363636363636364 1.0 1077.4815796125845 23.837782661296814 93
0.6793893129770993 0.2595419847328244 0.061068702290076333 0.6666666666666666 0.2698412698412698 0.06349206349206349 1.0 1046.8068365284323 20.9236478504902 131
0.8867924528301887 0.11320754716981132 0.0 0.8811881188118812 0.1188118811881188 0.0 0.9108910891089109 1081.2167161323746 23.692982421893035 106
0.8527131782945736 0.14728682170542637 0.0 0.8467741935483871 0.1532258064516129 0.0 0.7016129032258065 1086.330457386033 20.088807227460176 129
0.9272727272727272 0.07272727272727272 0.0 0.9238095238095239 0.0761904761904762 0.0 0.7047619047619048 1087.3230009370518 20.712472009092576 110
0.8446601941747572 0.1553398058252427 0.0 0.8367346938775511 0.16326530612244897 0.0 0.8061224489795918 1060.5753458870565 21.462454826827965 103
0.94 0.06 0.0 0.9368421052631579 0.06315789473684211 0.0 0.8105263157894737 1073.8367670784623 20.954424307599407 100
0.875968992248062 0.12403100775193798 0.0 0.8709677419354839 0.12903225806451613 0.0 0.7983870967741935 1048.4933263425296 20.331328341269398 129
0.9008264462809917 0.09917355371900827 0.0 0.896551724137931 0.10344827586206896 0.0 0.8189655172413793 1038.4345777663016 21.29367746431299 121
0.6814814814814815 0.26666666666666666 0.05185185185185185 0.6692307692307692 0.27692307692307694 0.05384615384615385 0.9384615384615385 1061.4013610194693 20.622566272337654 135
0.9629629629629629 0.037037037037037035 0.0 0.9611650485436893 0.038834951456310676 0.0 0.7572815533980582 1087.1531182264093 21.01574198899878 108
0.9365079365079365 0.06349206349206349 0.0 0.9338842975206612 0.06611570247933884 0.0 0.9504132231404959 1031.7526655877925 21.442717641010884 126
0.91 0.09 0.0 0.9052631578947369 0.09473684210526316 0.0 0.8210526315789474 1055.0754800031987 21.4091720657391 100
0.8934426229508197 0.09836065573770492 0.00819672131147541 0.8888888888888888 0.10256410256410256 0.008547008547008548 0.7863247863247863 992.6457533066935 21.077627337683293 122
0.8468468468468469 0.15315315315315314 0.0 0.839622641509434 0.16037735849056603 0.0 0.9245283018867925 1078.4620710859265 23.74579075714099 111
0.8623853211009175 0.12844036697247707 0.009174311926605505 0.8557692307692307 0.1346153846153846 0.009615384615384616 0.7307692307692307 1087.3454310087834 20.637179705641678 109
0.8503937007874016 0.14960629921259844 0.0 0.8442622950819673 0.1557377049180328 0.0 0.8360655737704918 1052.9239311757954 21.521898932609453 127
0.8301886792452831 0.16981132075471697 0.0 0.8316831683168316 0.16831683168316833 0.0 0.7326732673267327 1087.4554102335846 21.812904443917684 106
0.9583333333333334 0.027777777777777776 0.013888888888888888 0.9552238805970149 0.029850746268656716 0.014925373134328358 0.9402985074626866 1077.1073342303434 26.484113779599497 72
0.9375 0.0625 0.0 0.9349593495934959 0.06504065040650407 0.0 0.6666666666666666 1087.0636959645756 20.1930058025822 128
0.8793103448275862 0.11206896551724138 0.008620689655172414 0.8828828828828829 0.10810810810810811 0.009009009009009009 0.9009009009009009 1056.0803353952708 22.3825070796995 116
0.8484848484848485 0.15151515151515152 0.0 0.84251968503937 0.15748031496062992 0.0 0.7086614173228346 1086.7525921082577 19.56246508046754 132
0.8285714285714286 0.1619047619047619 0.009523809523809525 0.82 0.17 0.01 0.82 1076.3617202621251 21.68456032283636 105
0.8728813559322034 0.1271186440677966 0.0 0.8672566371681416 0.13274336283185842 0.0 0.7256637168141593 1087.0978198867354 21.30506170509033 118
0.9156626506024096 0.08433734939759036 0.0 0.9102564102564102 0.08974358974358974 0.0 0.7564102564102564 1068.9243888161764 22.598840673364943 83
0.8955223880597015 0.09701492537313433 0.007462686567164179 0.8914728682170543 0.10077519379844961 0.007751937984496124 0.7751937984496124 1085.699479939085 20.99487902923021 134
0.95 0.05 0.0 0.9483870967741935 0.05161290322580645 0.0 0.8 1086.4094859606291 19.48544191843249 160
0.8368794326241135 0.16312056737588654 0.0 0.8308823529411765 0.16911764705882354 0.0 0.6323529411764706 1087.3848762412495 19.29179866885255 141
0.7304347826086957 0.2608695652173913 0.008695652173913044 0.7181818181818181 0.2727272727272727 0.00909090909090909 0.8181818181818182 1068.7493074458234 21.451181272189448 115
0.8843537414965986 0.11564625850340136 0.0 0.8802816901408451 0.11971830985915492 0.0 0.8028169014084507 1087.362071063116 19.9703399929747 147
0.9058823529411765 0.08235294117647059 0.011764705882352941 0.9 0.0875 0.0125 0.9125 1071.8267527322746 22.725467786212025 85
0.9067796610169492 0.09322033898305085 0.0 0.9026548672566371 0.09734513274336283 0.0 0.7433628318584071 1087.4521708855725 19.75979680423721 118
0.9009009009009009 0.0990990990990991 0.0 0.8962264150943396 0.10377358490566038 0.0 0.8584905660377359 1078.6918758057975 21.957643154519538 111
0.8721804511278195 0.12781954887218044 0.0 0.8671875 0.1328125 0.0 0.7890625 1072.5797249429875 20.379341435853345 133
0.905511811023622 0.08661417322834646 0.007874015748031496 0.9016393442622951 0.09016393442622951 0.00819672131147541 0.8770491803278688 1082.507237992004 20.970462358929264 127
0.5873015873015873 0.35714285714285715 0.05555555555555555 0.5785123966942148 0.36363636363636365 0.05785123966942149 0.8264462809917356 1076.6027167945747 20.61248747203785 126
0.8581560283687943 0.1347517730496454 0.0070921985815602835 0.8529411764705882 0.13970588235294118 0.007352941176470588 0.7279411764705882 1087.28074982484 20.343732975962066 141
0.9440559440559441 0.055944055944055944 0.0 0.9420289855072463 0.057971014492753624 0.0 0.6666666666666666 1065.412404965034 20.330782047407098 143
0.9009009009009009 0.0990990990990991 0.0 0.8962264150943396 0.10377358490566038 0.0 0.839622641509434 1076.525077744639 22.290690039293274 111
0.8902439024390244 0.10975609756097561 0.0 0.8867924528301887 0.11320754716981132 0.0 0.0 997.9846660395881 19.688493368336577 164
0.77 0.2 0.03 0.7578947368421053 0.21052631578947367 0.031578947368421054 1.0 1071.4334268847792 23.89002538821161 100
0.855072463768116 0.14492753623188406 0.0 0.8571428571428571 0.14285714285714285 0.0 0.7669172932330827 1087.425231999809 19.903119546271647 138
0.8615384615384616 0.13846153846153847 0.0 0.856 0.144 0.0 0.784 1083.416427395842 21.242348212532754 130
0.896551724137931 0.09482758620689655 0.008620689655172414 0.8918918918918919 0.0990990990990991 0.009009009009009009 0.7297297297297297 1054.6129192376081 20.7608728021817 116
0.896551724137931 0.10344827586206896 0.0 0.8918918918918919 0.10810810810810811 0.0 0.7027027027027027 1040.7992513836002 22.07395652203144 116
0.8166666666666667 0.175 0.008333333333333333 0.808695652173913 0.1826086956521739 0.008695652173913044 0.8173913043478261 1035.9557241899606 21.76247046417423 120
0.889763779527559 0.11023622047244094 0.0 0.8852459016393442 0.11475409836065574 0.0 0.7786885245901639 1085.7519021821342 19.92627084361902 127
0.875 0.125 0.0 0.8699186991869918 0.13008130081300814 0.0 0.7804878048780488 1087.4234811787003 21.37541408351015 128
0.896774193548387 0.1032258064516129 0.0 0.8933333333333333 0.10666666666666667 0.0 0.74 1034.3236116903831 18.586904087433908 155
0.890625 0.109375 0.0 0.8943089430894309 0.10569105691056911 0.0 0.8211382113821138 1078.7983336154882 20.091484917049094 128
0.9174311926605505 0.07339449541284404 0.009174311926605505 0.9134615384615384 0.07692307692307693 0.009615384615384616 0.8557692307692307 1070.1480662400088 22.149394032642995 109
0.9139784946236559 0.08602150537634409 0.0 0.9204545454545454 0.07954545454545454 0.0 0.7386363636363636 1080.3369530704872 20.287976205555463 93
0.9302325581395349 0.06976744186046512 0.0 0.9274193548387096 0.07258064516129033 0.0 0.8629032258064516 1047.2656305294552 19.936110297794606 129
0.889763779527559 0.11023622047244094 0.0 0.8934426229508197 0.10655737704918032 0.0 0.7704918032786885 1070.4354937706069 21.162354224808475 127
0.8807339449541285 0.11926605504587157 0.0 0.875 0.125 0.0 0.6153846153846154 1041.970126992281 21.754685739091055 109
0.9411764705882353 0.058823529411764705 0.0 0.9381443298969072 0.061855670103092786 0.0 0.6907216494845361 1059.9547600928263 20.3789483673022 102
0.9735099337748344 0.026490066225165563 0.0 0.9726027397260274 0.0273972602739726 0.0 0.9178082191780822 997.5089615945934 19.85683851420486 151
0.8532110091743119 0.11926605504587157 0.027522935779816515 0.8461538461538461 0.125 0.028846153846153848 0.75 1087.0515639785565 22.349552759602982 109
0.9296875 0.0703125 0.0 0.926829268292683 0.07317073170731707 0.0 0.7642276422764228 1087.4513998763612 20.56422372881689 128
0.8880597014925373 0.11194029850746269 0.0 0.8837209302325582 0.11627906976744186 0.0 0.7441860465116279 1087.484357340818 20.344378547735513 134
0.903448275862069 0.09655172413793103 0.0 0.9 0.1 0.0 0.7571428571428571 1075.2305666410007 20.38536147455525 145
0.8901098901098901 0.10989010989010989 0.0 0.8837209302325582 0.11627906976744186 0.0 0.7558139534883721 1086.335206128191 22.07992109963852 91
0.8673469387755102 0.12244897959183673 0.01020408163265306 0.8602150537634409 0.12903225806451613 0.010752688172043012 0.9032258064516129 1083.204373916745 23.690523970010503 98
0.78 0.19 0.03 0.7684210526315789 0.2 0.031578947368421054 0.8105263157894737 1054.5091896177632 24.455038237410395 100
0.8854166666666666 0.10416666666666667 0.010416666666666666 0.8791208791208791 0.10989010989010989 0.01098901098901099 0.7142857142857143 1063.1050059834363 20.347506426066758 96
0.8632478632478633 0.13675213675213677 0.0 0.8571428571428571 0.14285714285714285 0.0 0.7767857142857143 1083.5191072445737 19.718319167074576 117
0.8901098901098901 0.10989010989010989 0.0 0.8837209302325582 0.11627906976744186 0.0 0.8023255813953488 1054.7778794879189 22.13953370706552 91
0.8521739130434782 0.14782608695652175 0.0 0.8454545454545455 0.15454545454545454 0.0 0.7818181818181819 1061.7481630503296 22.59625701746535 115
0.9098360655737705 0.09016393442622951 0.0 0.905982905982906 0.09401709401709402 0.0 0.5811965811965812 1074.4285961833216 22.10977973778092 122
0.7857142857142857 0.1836734693877551 0.030612244897959183 0.7849462365591398 0.1827956989247312 0.03225806451612903 0.6881720430107527 1050.6872532615164 22.689609246817966 98
0.8773584905660378 0.12264150943396226 0.0 0.8712871287128713 0.12871287128712872 0.0 0.8712871287128713 1056.122604184124 21.104891516075423 106
0.9245283018867925 0.07547169811320754 0.0 0.922077922077922 0.07792207792207792 0.0 0.7467532467532467 1081.3468557010947 19.46956229390456 159
0.9158878504672897 0.08411214953271028 0.0 0.9117647058823529 0.08823529411764706 0.0 0.803921568627451 1078.3733584019233 21.547134586692728 107
0.9230769230769231 0.07692307692307693 0.0 0.928 0.072 0.0 0.88 975.8176606478269 19.164601959908914 130
0.9069767441860465 0.09302325581395349 0.0 0.9012345679012346 0.09876543209876543 0.0 0.8518518518518519 1045.4863093814106 23.01564965318301 86
0.7938931297709924 0.20610687022900764 0.0 0.7857142857142857 0.21428571428571427 0.0 0.9682539682539683 1073.280758208356 21.603200597521518 131
0.88268156424581 0.11731843575418995 0.0 0.8793103448275862 0.1206896551724138 0.0 0.8103448275862069 1087.4240069446432 19.568512685639412 179
0.952755905511811 0.047244094488188976 0.0 0.9508196721311475 0.04918032786885246 0.0 0.9590163934426229 1077.991612357786 21.817426960634343 127
0.9236111111111112 0.0763888888888889 0.0 0.920863309352518 0.07913669064748201 0.0 0.8489208633093526 1087.4350236822286 20.362365955820067 144
0.84 0.16 0.0 0.8315789473684211 0.16842105263157894 0.0 0.9052631578947369 1062.6074350521988 22.658967993559425 100
0.8804347826086957 0.11956521739130435 0.0 0.8850574712643678 0.11494252873563218 0.0 0.7126436781609196 1083.3370314465644 20.4161812412347 92
0.9325842696629213 0.06741573033707865 0.0 0.9285714285714286 0.07142857142857142 0.0 0.7261904761904762 1062.676591524492 21.659397956583273 89
0.8921568627450981 0.09803921568627451 0.00980392156862745 0.8865979381443299 0.10309278350515463 0.010309278350515464 0.9896907216494846 1050.3556809847084 22.612152248127376 102
0.9512195121951219 0.04878048780487805 0.0 0.9491525423728814 0.05084745762711865 0.0 0.8389830508474576 1065.959661765909 20.6550559510574 123
0.8952380952380953 0.10476190476190476 0.0 0.9 0.1 0.0 0.86 1016.744209625289 21.147920969952096 105
0.8524590163934426 0.14754098360655737 0.0 0.8547008547008547 0.1452991452991453 0.0 0.905982905982906 1033.0092496113457 22.513802199750995 122
0.9035087719298246 0.09649122807017543 0.0 0.8990825688073395 0.10091743119266056 0.0 0.7522935779816514 1076.8814663336782 21.981731603659256 114
0.8762886597938144 0.12371134020618557 0.0 0.8695652173913043 0.13043478260869565 0.0 0.6956521739130435 1086.1836378040484 21.32402314993426 97
0.8921568627450981 0.10784313725490197 0.0 0.8865979381443299 0.1134020618556701 0.0 0.9278350515463918 1074.7617485289104 22.655020014846585 102
0.9435483870967742 0.056451612903225805 0.0 0.9411764705882353 0.058823529411764705 0.0 0.773109243697479 1087.4164415888067 21.352993741765104 124
0.8692307692307693 0.13076923076923078 0.0 0.864 0.136 0.0 0.864 1074.6337199537302 21.430149744211885 130
0.8878504672897196 0.102803738317757 0.009345794392523364 0.8823529411764706 0.10784313725490197 0.00980392156862745 0.9509803921568627 1027.1121888948308 24.488716813847464 107
0.8879310344827587 0.10344827586206896 0.008620689655172414 0.8828828828828829 0.10810810810810811 0.009009009009009009 0.8738738738738738 1073.3082955730674 22.43584698947411 116
0.8468468468468469 0.14414414414414414 0.009009009009009009 0.839622641509434 0.1509433962264151 0.009433962264150943 0.8207547169811321 1081.538538382804 23.16690196198496 111
0.8936170212765957 0.10638297872340426 0.0 0.8876404494382022 0.11235955056179775 0.0 0.9213483146067416 1057.0247323317103 23.837153009985425 94
0.8734177215189873 0.12658227848101267 0.0 0.869281045751634 0.13071895424836602 0.0 0.9215686274509803 1086.991995270532 20.725199115600788 158
0.65625 0.21875 0.125 0.6422764227642277 0.22764227642276422 0.13008130081300814 1.0 1016.9611737030399 21.57938066814627 128
0.8666666666666667 0.13333333333333333 0.0 0.86 0.14 0.0 0.76 1079.6420831340283 23.423476229726823 105
0.9166666666666666 0.08333333333333333 0.0 0.912621359223301 0.08737864077669903 0.0 0.7961165048543689 1083.0833913859763 20.730165827107868 108
0.8818181818181818 0.11818181818181818 0.0 0.8761904761904762 0.12380952380952381 0.0 0.5904761904761905 1087.3586261775515 20.005000866258502 110
0.8865248226950354 0.11347517730496454 0.0 0.8897058823529411 0.11029411764705882 0.0 0.7941176470588235 1087.3042851891912 20.676136647578968 141
0.8888888888888888 0.10101010101010101 0.010101010101010102 0.8829787234042553 0.10638297872340426 0.010638297872340425 0.9361702127659575 1050.4153517755112 24.15676861638539 99
0.9489795918367347 0.05102040816326531 0.0 0.946236559139785 0.053763440860215055 0.0 0.7526881720430108 1070.7934817301289 22.72285678157759 98
0.9117647058823529 0.08823529411764706 0.0 0.9083969465648855 0.0916030534351145 0.0 0.7938931297709924 1087.10713262564 20.74357305752237 136
0.875 0.11458333333333333 0.010416666666666666 0.8681318681318682 0.12087912087912088 0.01098901098901099 0.8021978021978022 1043.8124989070227 22.157281552894293 96
0.9716981132075472 0.02830188679245283 0.0 0.9702970297029703 0.0297029702970297 0.0 0.8613861386138614 1028.39763451996 19.825870010867526 106
0.7480314960629921 0.2440944881889764 0.007874015748031496 0.7377049180327869 0.2540983606557377 0.00819672131147541 0.9262295081967213 1069.4311738823728 21.68195634738171 127
0.8947368421052632 0.10526315789473684 0.0 0.891156462585034 0.10884353741496598 0.0 0.673469387755102 1087.334619542533 19.263411872979066 152
0.8930817610062893 0.1069182389937107 0.0 0.8896103896103896 0.11038961038961038 0.0 0.8376623376623377 1042.2260837404347 19.477525081165844 159
0.9067796610169492 0.09322033898305085 0.0 0.9026548672566371 0.09734513274336283 0.0 0.7787610619469026 1050.1599353414647 21.991832571730495 118
0.8181818181818182 0.18181818181818182 0.0 0.819047619047619 0.18095238095238095 0.0 0.9428571428571428 1043.1460246911442 23.209153402698554 110
0.8666666666666667 0.13333333333333333 0.0 0.8608695652173913 0.1391304347826087 0.0 0.9130434782608695 1028.512873044545 21.160137240132247 120
0.8503937007874016 0.13385826771653545 0.015748031496062992 0.8442622950819673 0.13934426229508196 0.01639344262295082 0.8688524590163934 1027.9915728579967 22.41953871297289 127
0.8260869565217391 0.15942028985507245 0.014492753623188406 0.8195488721804511 0.16541353383458646 0.015037593984962405 0.7218045112781954 1051.157771502035 20.168769185804823 138
0.9203539823008849 0.07964601769911504 0.0 0.9166666666666666 0.08333333333333333 0.0 0.7870370370370371 1083.917069957166 21.493640954182524 113
0.865979381443299 0.1134020618556701 0.020618556701030927 0.8586956521739131 0.11956521739130435 0.021739130434782608 0.6630434782608695 1057.4108833587661 19.40041009984249 97
0.8571428571428571 0.12605042016806722 0.01680672268907563 0.8508771929824561 0.13157894736842105 0.017543859649122806 0.9210526315789473 994.021398221302 22.40520262377316 119
0.9514563106796117 0.04854368932038835 0.0 0.9489795918367347 0.05102040816326531 0.0 1.0 1045.9340374164524 22.794794806393632 103
0.8558558558558559 0.14414414414414414 0.0 0.8490566037735849 0.1509433962264151 0.0 0.6509433962264151 1087.3935341902259 22.890243911896345 111
0.961038961038961 0.03896103896103896 0.0 0.9583333333333334 0.041666666666666664 0.0 0.8194444444444444 1054.0855403963785 24.71853124303569 77
0.9294871794871795 0.07051282051282051 0.0 0.9271523178807947 0.0728476821192053 0.0 0.7284768211920529 1084.3236536285206 19.978975549669865 156
0.8073394495412844 0.1743119266055046 0.01834862385321101 0.7980769230769231 0.18269230769230768 0.019230769230769232 0.7692307692307693 1074.6716443650998 23.178656309509666 109
0.8909090909090909 0.1 0.00909090909090909 0.8857142857142857 0.10476190476190476 0.009523809523809525 0.7619047619047619 1072.0021230173957 21.5492589130683 110
0.8532110091743119 0.13761467889908258 0.009174311926605505 0.8461538461538461 0.14423076923076922 0.009615384615384616 0.8365384615384616 1072.4596144111158 22.267403758307047 109
0.8776978417266187 0.1223021582733813 0.0 0.8731343283582089 0.12686567164179105 0.0 0.917910447761194 1022.9652536500527 21.270200260592368 139
0.9557522123893806 0.04424778761061947 0.0 0.9537037037037037 0.046296296296296294 0.0 0.8796296296296297 910.6648684605659 19.354583223180185 113
0.8673469387755102 0.12244897959183673 0.01020408163265306 0.8602150537634409 0.12903225806451613 0.010752688172043012 0.8172043010752689 1078.909160863202 21.295105107226554 98
0.9538461538461539 0.046153846153846156 0.0 0.95 0.05 0.0 0.9833333333333333 1012.4491753717793 22.701768660109227 65
0.9285714285714286 0.07142857142857142 0.0 0.9247311827956989 0.07526881720430108 0.0 0.946236559139785 1018.8493934894261 21.75629654126362 98
0.92 0.08 0.0 0.9157894736842105 0.08421052631578947 0.0 0.7052631578947368 1087.4647506837537 19.62307211344065 100
0.7485029940119761 0.24550898203592814 0.005988023952095809 0.7407407407407407 0.25308641975308643 0.006172839506172839 0.7469135802469136 1083.8919423621726 19.288728776313754 167
0.8688524590163934 0.13114754098360656 0.0 0.8717948717948718 0.1282051282051282 0.0 0.7435897435897436 1087.1525416484772 21.248354401182567 122
0.8716216216216216 0.12162162162162163 0.006756756756756757 0.8671328671328671 0.1258741258741259 0.006993006993006993 0.8881118881118881 1087.438072660316 20.582940555095135 148
0.8671875 0.125 0.0078125 0.8699186991869918 0.12195121951219512 0.008130081300813009 0.8943089430894309 1052.6756336651933 19.758855886272787 128
0.9181818181818182 0.07272727272727272 0.00909090909090909 0.9142857142857143 0.0761904761904762 0.009523809523809525 0.8476190476190476 1084.8254610857393 20.969707523544784 110
0.8686131386861314 0.13138686131386862 0.0 0.8712121212121212 0.12878787878787878 0.0 0.8636363636363636 1079.35054171741 21.99835621128114 137
0.8723404255319149 0.11702127659574468 0.010638297872340425 0.8651685393258427 0.12359550561797752 0.011235955056179775 0.9101123595505618 1022.363988420487 24.984296720464258 94
0.8888888888888888 0.1111111111111111 0.0 0.883495145631068 0.11650485436893204 0.0 0.8155339805825242 1087.3153781306567 20.93988722747301 108
0.8879310344827587 0.11206896551724138 0.0 0.8828828828828829 0.11711711711711711 0.0 0.9279279279279279 1040.9655848354 22.160743001393282 116
0.8771929824561403 0.12280701754385964 0.0 0.8807339449541285 0.11926605504587157 0.0 0.7798165137614679 1067.1559604189702 22.139475830452017 114
0.8727272727272727 0.11818181818181818 0.00909090909090909 0.8666666666666667 0.12380952380952381 0.009523809523809525 0.9619047619047619 1001.8443363553657 22.449919419423296 110
0.8979591836734694 0.10204081632653061 0.0 0.8924731182795699 0.10752688172043011 0.0 0.978494623655914 1063.5457423823975 24.228077761809274 98
0.9147286821705426 0.08527131782945736 0.0 0.9112903225806451 0.08870967741935484 0.0 0.7096774193548387 1086.1207243363656 20.573977832604697 129
0.5321100917431193 0.12844036697247707 0.3394495412844037 0.5192307692307693 0.125 0.3557692307692308 0.9807692307692307 922.7515785686895 21.829181430802024 109
0.8673469387755102 0.1326530612244898 0.0 0.8602150537634409 0.13978494623655913 0.0 0.8172043010752689 1050.1772298152086 23.204326980941925 98
0.9401709401709402 0.05982905982905983 0.0 0.9375 0.0625 0.0 0.7857142857142857 1076.6661182767034 21.97961841994889 117
0.8533333333333334 0.14666666666666667 0.0 0.8428571428571429 0.15714285714285714 0.0 0.8857142857142857 1075.4953699800833 25.168738637161855 75
0.9197080291970803 0.08029197080291971 0.0 0.9166666666666666 0.08333333333333333 0.0 0.7424242424242424 1077.13213833744 19.230268565251635 137
0.8717948717948718 0.1282051282051282 0.0 0.8660714285714286 0.13392857142857142 0.0 0.75 1074.3366057956948 20.78007080201878 117
0.8253968253968254 0.15873015873015872 0.015873015873015872 0.8181818181818182 0.1652892561983471 0.01652892561983471 0.9173553719008265 1078.5430811247181 21.46316134507373 126
0.8396946564885496 0.16030534351145037 0.0 0.8333333333333334 0.16666666666666666 0.0 0.7777777777777778 1078.0534281411963 20.726427643757987 131
0.8181818181818182 0.18181818181818182 0.0 0.8055555555555556 0.19444444444444445 0.0 0.9166666666666666 1071.8826348536402 25.845782851220935 77
0.8020833333333334 0.19791666666666666 0.0 0.7912087912087912 0.2087912087912088 0.0 0.6263736263736264 1085.9242508117281 22.192362863319833 96
0.8878504672897196 0.11214953271028037 0.0 0.8823529411764706 0.11764705882352941 0.0 0.6470588235294118 1087.4063498178175 20.200453538160364 107
0.8389830508474576 0.16101694915254236 0.0 0.831858407079646 0.168141592920354 0.0 0.6371681415929203 1081.102399108477 21.22076434769825 118
0.8913043478260869 0.10869565217391304 0.0 0.8850574712643678 0.11494252873563218 0.0 0.8390804597701149 1073.6928870392887 22.504147396970325 92
0.9375 0.0625 0.0 0.9349593495934959 0.06504065040650407 0.0 0.6747967479674797 1085.9447325312844 20.92366890536166 128
0.8046875 0.171875 0.0234375 0.7967479674796748 0.17886178861788618 0.024390243902439025 0.7642276422764228 1075.7186880928605 22.58566504307143 128
0.7128712871287128 0.25742574257425743 0.0297029702970297 0.6979166666666666 0.2708333333333333 0.03125 0.9270833333333334 1028.861763435322 22.944970897731125 101
0.9457364341085271 0.05426356589147287 0.0 0.9435483870967742 0.056451612903225805 0.0 0.9919354838709677 1063.7615982151747 20.47965322785084 129
0.8297872340425532 0.1702127659574468 0.0 0.8235294117647058 0.17647058823529413 0.0 0.8161764705882353 1079.7379089763033 20.525012429626695 141
0.6291390728476821 0.304635761589404 0.06622516556291391 0.6164383561643836 0.3150684931506849 0.0684931506849315 0.7534246575342466 995.7477955598007 19.852837360472257 151
0.9 0.1 0.0 0.8956521739130435 0.10434782608695652 0.0 0.7478260869565218 1060.5943783043858 20.985222763811528 120
0.8942307692307693 0.10576923076923077 0.0 0.8888888888888888 0.1111111111111111 0.0 0.9595959595959596 1076.9178161068755 24.25024409446061 104
0.7815126050420168 0.20168067226890757 0.01680672268907563 0.7719298245614035 0.21052631578947367 0.017543859649122806 0.9649122807017544 1029.4019998257486 22.359483273628552 119
0.868421052631579 0.125 0.006578947368421052 0.8707482993197279 0.12244897959183673 0.006802721088435374 0.8027210884353742 1083.4354424562075 19.359819286063082 152
0.8962962962962963 0.1037037037037037 0.0 0.8923076923076924 0.1076923076923077 0.0 0.823076923076923 1064.334906553628 19.269726179554326 135
0.9710144927536232 0.028985507246376812 0.0 0.96875 0.03125 0.0 0.734375 1081.0977674829187 24.04468882167028 69
0.8488372093023255 0.1511627906976744 0.0 0.8395061728395061 0.16049382716049382 0.0 0.8641975308641975 1053.9209574541424 23.77306770365093 86
0.8382352941176471 0.14705882352941177 0.014705882352941176 0.8320610687022901 0.15267175572519084 0.015267175572519083 0.8396946564885496 1078.7499635339223 20.46593780817429 136
0.9222222222222223 0.07777777777777778 0.0 0.9176470588235294 0.08235294117647059 0.0 0.9411764705882353 1060.893462998318 23.85465910619122 90
0.8962962962962963 0.1037037037037037 0.0 0.8923076923076924 0.1076923076923077 0.0 0.7 957.0921985580558 20.369867914786724 135
0.907563025210084 0.09243697478991597 0.0 0.9035087719298246 0.09649122807017543 0.0 0.7543859649122807 1061.3166558515964 21.575098471055483 119
0.916030534351145 0.08396946564885496 0.0 0.9126984126984127 0.0873015873015873 0.0 0.746031746031746 1084.7737814380732 21.79849645098316 131
0.7923076923076923 0.17692307692307693 0.03076923076923077 0.784 0.184 0.032 0.952 1068.6021672040886 21.675664000579 130
0.8562091503267973 0.1437908496732026 0.0 0.8581081081081081 0.14189189189189189 0.0 0.6621621621621622 1048.588200657658 19.94034601906185 153
0.9482758620689655 0.05172413793103448 0.0 0.9433962264150944 0.05660377358490566 0.0 0.9811320754716981 1038.768408840522 26.852094675670866 58
0.875 0.125 0.0 0.8686868686868687 0.13131313131313133 0.0 0.9191919191919192 1084.1082051149735 23.21287434522788 104
0.8454545454545455 0.15454545454545454 0.0 0.8476190476190476 0.1523809523809524 0.0 0.6666666666666666 1087.0967597041679 20.660650047865417 110
0.90625 0.09375 0.0 0.9024390243902439 0.0975609756097561 0.0 0.6585365853658537 1079.8600621639305 19.93267668303606 128
0.8913043478260869 0.10869565217391304 0.0 0.8850574712643678 0.11494252873563218 0.0 0.5747126436781609 1087.4102990511499 18.92707207020635 92
0.7684210526315789 0.21052631578947367 0.021052631578947368 0.7555555555555555 0.2222222222222222 0.022222222222222223 0.9444444444444444 1022.969085000478 22.338193923556325 95
0.8888888888888888 0.1111111111111111 0.0 0.8851351351351351 0.11486486486486487 0.0 0.831081081081081 1018.4123769611198 20.633536615605784 153
0.8679245283018868 0.1320754716981132 0.0 0.8613861386138614 0.13861386138613863 0.0 0.7227722772277227 1087.3376517741501 20.17741487827639 106
0.8979591836734694 0.09183673469387756 0.01020408163265306 0.9032258064516129 0.08602150537634409 0.010752688172043012 0.8709677419354839 992.5248127809275 22.42769301123461 98
0.9139784946236559 0.07526881720430108 0.010752688172043012 0.9090909090909091 0.07954545454545454 0.011363636363636364 0.9772727272727273 1009.2180214334601 25.699212537945826 93
0.8494623655913979 0.15053763440860216 0.0 0.8522727272727273 0.14772727272727273 0.0 0.75 1080.7381780763478 21.884158709423158 93
0.883495145631068 0.10679611650485436 0.009708737864077669 0.8775510204081632 0.11224489795918367 0.01020408163265306 0.9795918367346939 1064.776181070862 22.459845914943266 103
0.8378378378378378 0.14414414414414414 0.018018018018018018 0.8301886792452831 0.1509433962264151 0.018867924528301886 0.8490566037735849 1087.2792777711065 22.503698866476224 111
0.7851851851851852 0.2 0.014814814814814815 0.7769230769230769 0.2076923076923077 0.015384615384615385 0.8692307692307693 1082.742682223299 20.859254215615767 135
0.7452830188679245 0.18867924528301888 0.0660377358490566 0.7425742574257426 0.18811881188118812 0.06930693069306931 0.7425742574257426 1082.4146293061835 21.474328744490265 106
0.8888888888888888 0.10185185185185185 0.009259259259259259 0.883495145631068 0.10679611650485436 0.009708737864077669 0.883495145631068 1069.9586096014282 24.736344542413644 108
0.9380530973451328 0.061946902654867256 0.0 0.9351851851851852 0.06481481481481481 0.0 0.7870370370370371 1068.663184459594 22.82789294894896 113
0.9207920792079208 0.07920792079207921 0.0 0.9166666666666666 0.08333333333333333 0.0 0.84375 1083.4257193247713 21.423215524472415 101
0.9120879120879121 0.08791208791208792 0.0 0.9069767441860465 0.09302325581395349 0.0 1.0 914.6937832941525 22.987492615828305 91
0.8037383177570093 0.18691588785046728 0.009345794392523364 0.7941176470588235 0.19607843137254902 0.00980392156862745 0.8823529411764706 1045.9443200979738 22.396904305630084 107
0.907563025210084 0.09243697478991597 0.0 0.9035087719298246 0.09649122807017543 0.0 0.7543859649122807 1066.335405587046 21.488015203094346 119
0.8778625954198473 0.12213740458015267 0.0 0.8888888888888888 0.1111111111111111 0.0 0.9682539682539683 1086.7968497155346 20.008576902199213 131
0.8144329896907216 0.17525773195876287 0.010309278350515464 0.8043478260869565 0.18478260869565216 0.010869565217391304 0.8804347826086957 1029.6750072442883 24.317965227738895 97
0.9320987654320988 0.06790123456790123 0.0 0.9363057324840764 0.06369426751592357 0.0 0.7515923566878981 1087.4639142833194 20.105118555408655 162
0.896551724137931 0.10344827586206896 0.0 0.8918918918918919 0.10810810810810811 0.0 0.963963963963964 1083.3293811557055 20.789538644518796 116
0.908256880733945 0.09174311926605505 0.0 0.9038461538461539 0.09615384615384616 0.0 0.8365384615384616 1040.7844616702546 22.45680186297695 109
0.8495575221238938 0.13274336283185842 0.017699115044247787 0.8425925925925926 0.1388888888888889 0.018518518518518517 0.7962962962962963 1052.524480330202 22.48876577229945 113
0.7807017543859649 0.21929824561403508 0.0 0.7706422018348624 0.22935779816513763 0.0 0.7981651376146789 1057.8553954147308 22.246399871153773 114
0.9019607843137255 0.09803921568627451 0.0 0.8969072164948454 0.10309278350515463 0.0 0.7010309278350515 1086.816641212529 21.493885758865314 102
0.9230769230769231 0.07692307692307693 0.0 0.9191919191919192 0.08080808080808081 0.0 0.7777777777777778 1049.9225913223868 23.546656636635653 104
0.9078014184397163 0.09219858156028368 0.0 0.9044117647058824 0.09558823529411764 0.0 0.7205882352941176 1087.224863062674 19.74291228871772 141
0.9296875 0.0703125 0.0 0.926829268292683 0.07317073170731707 0.0 0.6991869918699187 1084.9803373665927 20.217885220284014 128
0.8461538461538461 0.15384615384615385 0.0 0.8383838383838383 0.16161616161616163 0.0 0.8484848484848485 1046.036054778334 20.94385381861743 104
0.8646616541353384 0.13533834586466165 0.0 0.859375 0.140625 0.0 0.6953125 1078.9564101187113 21.281283200267943 133
0.935064935064935 0.06493506493506493 0.0 0.9305555555555556 0.06944444444444445 0.0 0.875 1067.6482371289449 22.99172787224663 77
0.9243697478991597 0.07563025210084033 0.0 0.9210526315789473 0.07894736842105263 0.0 0.7807017543859649 1062.4507357969305 22.46244709598401 119
0.9696969696969697 0.030303030303030304 0.0 0.968503937007874 0.031496062992125984 0.0 0.84251968503937 1056.2133544606477 20.290396639942802 132
0.8787878787878788 0.12121212121212122 0.0 0.8740157480314961 0.12598425196850394 0.0 0.8740157480314961 1083.8261876355173 20.44588667144761 132
0.8712871287128713 0.12871287128712872 0.0 0.8645833333333334 0.13541666666666666 0.0 0.6875 1062.9384041385101 22.087527203264553 101
0.8074074074074075 0.1925925925925926 0.0 0.8 0.2 0.0 0.8769230769230769 1082.640444036109 20.658695417435773 135
0.8907563025210085 0.1092436974789916 0.0 0.8859649122807017 0.11403508771929824 0.0 0.7719298245614035 1054.848827590492 19.726608132620864 119
0.9316239316239316 0.06837606837606838 0.0 0.9285714285714286 0.07142857142857142 0.0 0.7589285714285714 1085.4142755677826 20.764552648638386 117
0.8650793650793651 0.1349206349206349 0.0 0.859504132231405 0.14049586776859505 0.0 0.7272727272727273 1055.2304008723236 20.967113615501553 126
0.9134615384615384 0.08653846153846154 0.0 0.9090909090909091 0.09090909090909091 0.0 0.8686868686868687 1047.361148815298 22.824569850142577 104
0.8695652173913043 0.13043478260869565 0.0 0.8636363636363636 0.13636363636363635 0.0 0.7272727272727273 1087.4379960477768 22.294995561399137 115
0.8707482993197279 0.1292517006802721 0.0 0.8732394366197183 0.1267605633802817 0.0 0.7535211267605634 1037.4199378045741 19.491098954338103 147
0.9090909090909091 0.09090909090909091 0.0 0.905511811023622 0.09448818897637795 0.0 0.6771653543307087 1086.9469661987812 19.833512100747708 132
0.9285714285714286 0.07142857142857142 0.0 0.9252336448598131 0.07476635514018691 0.0 0.8411214953271028 1052.0566206487767 20.95892797550791 112
0.8899082568807339 0.11009174311926606 0.0 0.8846153846153846 0.11538461538461539 0.0 0.8461538461538461 1043.8494013890722 22.107199261721764 109
0.8636363636363636 0.13636363636363635 0.0 0.8571428571428571 0.14285714285714285 0.0 0.8476190476190476 1078.2361513258072 22.100478349155907 110
0.8461538461538461 0.15384615384615385 0.0 0.8392857142857143 0.16071428571428573 0.0 0.6785714285714286 1028.1261159171372 21.24168519207117 117
0.8888888888888888 0.1111111111111111 0.0 0.8941176470588236 0.10588235294117647 0.0 0.7294117647058823 1058.8626987135679 22.201858031194387 90
0.8461538461538461 0.14285714285714285 0.01098901098901099 0.8372093023255814 0.1511627906976744 0.011627906976744186 0.9883720930232558 1046.0333050310232 24.114521036886316 91
0.8333333333333334 0.16666666666666666 0.0 0.8347107438016529 0.1652892561983471 0.0 0.9834710743801653 1079.0823686348544 20.778398391018285 126
0.9560439560439561 0.03296703296703297 0.01098901098901099 0.9534883720930233 0.03488372093023256 0.011627906976744186 0.7674418604651163 1048.621560551757 20.881070834565737 91
0.8677685950413223 0.1322314049586777 0.0 0.8620689655172413 0.13793103448275862 0.0 0.6724137931034483 1087.2656863099908 21.188862302384543 121
0.8686131386861314 0.13138686131386862 0.0 0.8636363636363636 0.13636363636363635 0.0 0.7727272727272727 1063.443885828814 20.21971562690346 137
0.8454545454545455 0.13636363636363635 0.01818181818181818 0.8380952380952381 0.14285714285714285 0.01904761904761905 0.6952380952380952 1036.172365771858 20.769527821120047 110
0.8333333333333334 0.15789473684210525 0.008771929824561403 0.8256880733944955 0.1651376146788991 0.009174311926605505 0.8715596330275229 1072.1668480060607 22.583507269987283 114
0.8918918918918919 0.10810810810810811 0.0 0.8962264150943396 0.10377358490566038 0.0 0.8301886792452831 1003.9066051789378 20.325924691211796 111
0.8986486486486487 0.10135135135135136 0.0 0.8951048951048951 0.1048951048951049 0.0 0.9370629370629371 983.7292573040534 20.37145413189961 148
0.8 0.17391304347826086 0.02608695652173913 0.7909090909090909 0.18181818181818182 0.02727272727272727 0.9 1062.4366630485642 22.39524986480162 115
0.9514563106796117 0.04854368932038835 0.0 0.9489795918367347 0.05102040816326531 0.0 0.826530612244898 1041.4516519981764 21.73140129854544 103
0.8295454545454546 0.1590909090909091 0.011363636363636364 0.8313253012048193 0.1566265060240964 0.012048192771084338 0.9156626506024096 1034.0856822663754 24.025078959697066 88
