0.9139072847682119 0.08609271523178808 0.0 0.910958904109589 0.08904109589041095 0.0 0.8424657534246576 1087.0915872684416 19.905497888319417 151
0.9829059829059829 0.017094017094017096 0.0 0.9821428571428571 0.017857142857142856 0.0 0.625 1083.7596423501293 19.764868961370016 117
0.9147286821705426 0.08527131782945736 0.0 0.9193548387096774 0.08064516129032258 0.0 0.9112903225806451 1062.3646917159783 19.896738671153322 129
0.6363636363636364 0.18181818181818182 0.18181818181818182 0.6304347826086957 0.18840579710144928 0.18115942028985507 0.007246376811594203 1049.1856764355548 18.830218949048525 143
0.9553571428571429 0.044642857142857144 0.0 0.9532710280373832 0.04672897196261682 0.0 0.9345794392523364 1040.6356496343942 22.242059303478726 112
0.8771929824561403 0.12280701754385964 0.0 0.8715596330275229 0.12844036697247707 0.0 0.6972477064220184 1079.7336012227656 20.191043129265402 114
0.9339622641509434 0.0660377358490566 0.0 0.9306930693069307 0.06930693069306931 0.0 0.8613861386138614 1073.2492408554585 21.777836237345156 106
0.9264705882352942 0.058823529411764705 0.014705882352941176 0.9236641221374046 0.061068702290076333 0.015267175572519083 0.916030534351145 1074.2758313640352 20.546739468834517 136
0.7551020408163265 0.22448979591836735 0.02040816326530612 0.7419354838709677 0.23655913978494625 0.021505376344086023 0.7741935483870968 1076.5339141451623 20.811674977370195 98
0.9692307692307692 0.03076923076923077 0.0 0.968 0.032 0.0 0.8 1087.2307598435812 19.50330812700617 130
0.8596491228070176 0.13157894736842105 0.008771929824561403 0.8532110091743119 0.13761467889908258 0.009174311926605505 0.6605504587155964 1086.8242121496717 19.872202026451276 114
0.9140625 0.0859375 0.0 0.9105691056910569 0.08943089430894309 0.0 0.5853658536585366 1073.089382219608 19.74824219056401 128
0.8828828828828829 0.0990990990990991 0.018018018018018018 0.8773584905660378 0.10377358490566038 0.018867924528301886 0.8679245283018868 1059.3231588523936 21.36699903417498 111
0.952 0.048 0.0 0.9583333333333334 0.041666666666666664 0.0 0.8333333333333334 1077.3580090532316 20.349016207213094 125
0.9611650485436893 0.038834951456310676 0.0 0.9693877551020408 0.030612244897959183 0.0 0.8163265306122449 1076.9428013531485 21.779361340692308 103
0.8869565217391304 0.11304347826086956 0.0 0.8818181818181818 0.11818181818181818 0.0 0.7818181818181819 1055.0311150513903 21.19072730700122 115
0.853448275862069 0.14655172413793102 0.0 0.8468468468468469 0.15315315315315314 0.0 0.7297297297297297 1062.3470221082941 20.61503661634937 116
0.9541284403669725 0.045871559633027525 0.0 0.9519230769230769 0.04807692307692308 0.0 0.9519230769230769 1058.707207158192 21.688861636666985 109
0.9380530973451328 0.061946902654867256 0.0 0.9351851851851852 0.06481481481481481 0.0 0.8425925925925926 1059.2520699585455 20.55435320773096 113
0.9396551724137931 0.0603448275862069 0.0 0.9369369369369369 0.06306306306306306 0.0 0.8198198198198198 1080.039789507413 21.911083550374233 116
0.96875 0.03125 0.0 0.967479674796748 0.032520325203252036 0.0 0.7967479674796748 1086.7207737964568 20.493445985063424 128
0.8715596330275229 0.11926605504587157 0.009174311926605505 0.875 0.11538461538461539 0.009615384615384616 0.75 1071.5081329270117 20.627237449456512 109
0.9683544303797469 0.03164556962025317 0.0 0.9673202614379085 0.032679738562091505 0.0 0.8104575163398693 1067.1519137108614 19.91974928824462 158
0.8584905660377359 0.12264150943396226 0.018867924528301886 0.8514851485148515 0.12871287128712872 0.019801980198019802 0.6039603960396039 1067.7922042903574 20.41340093247457 106
0.9789473684210527 0.021052631578947368 0.0 0.9777777777777777 0.022222222222222223 0.0 0.9 1055.0299153548488 23.984462014362336 95
0.9495798319327731 0.05042016806722689 0.0 0.956140350877193 0.043859649122807015 0.0 0.868421052631579 1028.3943507463644 21.684210752488532 119
0.8495575221238938 0.1504424778761062 0.0 0.8425925925925926 0.1574074074074074 0.0 0.9259259259259259 1079.3883044756071 21.255470087279917 113
0.9411764705882353 0.058823529411764705 0.0 0.9381443298969072 0.061855670103092786 0.0 0.8865979381443299 1065.7091006686233 23.011308115440727 102
0.9253731343283582 0.07462686567164178 0.0 0.9224806201550387 0.07751937984496124 0.0 1.0 1064.0856677304846 21.02188910369419 134
0.8865248226950354 0.09929078014184398 0.014184397163120567 0.8823529411764706 0.10294117647058823 0.014705882352941176 0.8014705882352942 1087.271380360084 19.926198981354755 141
0.9494949494949495 0.050505050505050504 0.0 0.9468085106382979 0.05319148936170213 0.0 0.8191489361702128 1083.8560072502896 22.225995013863137 99
0.9371069182389937 0.06289308176100629 0.0 0.935064935064935 0.06493506493506493 0.0 0.5844155844155844 1087.262484354387 19.15503475519835 159
0.9619047619047619 0.0380952380952381 0.0 0.96 0.04 0.0 0.76 1078.6830429054874 20.70957233296655 105
0.9655172413793104 0.034482758620689655 0.0 0.963963963963964 0.036036036036036036 0.0 0.7477477477477478 1086.638017978636 18.613469668187246 116
0.9202898550724637 0.07971014492753623 0.0 0.924812030075188 0.07518796992481203 0.0 0.7293233082706767 1079.5648396903778 19.974433551306568 138
0.9615384615384616 0.038461538461538464 0.0 0.9595959595959596 0.04040404040404041 0.0 0.8585858585858586 1000.2348699995256 22.059208534418147 104
0.9375 0.0625 0.0 0.9340659340659341 0.06593406593406594 0.0 0.7582417582417582 1069.3055703028092 21.399128526572866 96
0.8796296296296297 0.10185185185185185 0.018518518518518517 0.8737864077669902 0.10679611650485436 0.019417475728155338 0.8932038834951457 1086.0865772113898 21.111488430692653 108
0.8561643835616438 0.14383561643835616 0.0 0.851063829787234 0.14893617021276595 0.0 0.7659574468085106 1082.3507932550829 20.172707514234716 146
1.0 0.0 0.0 1.0 0.0 0.0 0.7471264367816092 1074.4278332550643 21.242081468494426 92
0.9426229508196722 0.05737704918032787 0.0 0.9401709401709402 0.05982905982905983 0.0 0.7435897435897436 1076.481049139317 18.980368695618978 122
0.9619047619047619 0.0380952380952381 0.0 0.96 0.04 0.0 0.91 1049.89853827146 22.3885925935502 105
0.9090909090909091 0.09090909090909091 0.0 0.905511811023622 0.09448818897637795 0.0 0.6771653543307087 1087.4428994761804 19.088977648059682 132
0.9615384615384616 0.038461538461538464 0.0 0.96 0.04 0.0 0.84 1070.1734940516913 20.00766568134375 130
0.8947368421052632 0.10526315789473684 0.0 0.890625 0.109375 0.0 0.78125 1082.9894064208993 21.06094807033722 133
0.9607843137254902 0.0392156862745098 0.0 0.9594594594594594 0.04054054054054054 0.0 0.8783783783783784 1051.0711433612794 18.38323893520906 153
0.9473684210526315 0.05263157894736842 0.0 0.944954128440367 0.05504587155963303 0.0 0.8807339449541285 1064.95336254005 22.064534312564525 114
0.8943089430894309 0.10569105691056911 0.0 0.8898305084745762 0.11016949152542373 0.0 0.8389830508474576 1047.3337255489644 21.845171403566976 123
0.9150943396226415 0.08490566037735849 0.0 0.9108910891089109 0.0891089108910891 0.0 0.7821782178217822 1038.5939548929355 20.185881785492107 106
0.9349593495934959 0.06504065040650407 0.0 0.9322033898305084 0.06779661016949153 0.0 0.7457627118644068 1051.6797555489281 20.50625927584935 123
0.8794326241134752 0.11347517730496454 0.0070921985815602835 0.875 0.11764705882352941 0.007352941176470588 0.7132352941176471 1052.7006733612518 19.01438225268286 141
0.8952380952380953 0.10476190476190476 0.0 0.89 0.11 0.0 0.93 1064.1181945952396 23.040083104769874 105
0.9421487603305785 0.05785123966942149 0.0 0.9396551724137931 0.0603448275862069 0.0 0.7931034482758621 1085.9179470974336 20.567691621264352 121
0.9761904761904762 0.023809523809523808 0.0 0.9752066115702479 0.024793388429752067 0.0 0.9752066115702479 1008.3256517341085 20.851550538150413 126
0.7727272727272727 0.22727272727272727 0.0 0.7637795275590551 0.23622047244094488 0.0 0.6535433070866141 1068.736406492116 20.428636724221757 132
0.9646017699115044 0.035398230088495575 0.0 0.9629629629629629 0.037037037037037035 0.0 0.8148148148148148 995.1700271526422 20.89739457408995 113
0.9044117647058824 0.09558823529411764 0.0 0.9007633587786259 0.09923664122137404 0.0 0.8702290076335878 1061.054599497175 19.819597184255006 136
1.0 0.0 0.0 1.0 0.0 0.0 0.9175257731958762 1070.0414922540103 20.73293912198882 102
0.9512195121951219 0.04878048780487805 0.0 0.948051948051948 0.05194805194805195 0.0 0.8961038961038961 1035.278418584068 23.560610871706647 82
0.9514563106796117 0.04854368932038835 0.0 0.9489795918367347 0.05102040816326531 0.0 0.9795918367346939 1080.2633983068522 21.332299525754554 103
0.9099099099099099 0.09009009009009009 0.0 0.9056603773584906 0.09433962264150944 0.0 0.8018867924528302 1083.303257195324 20.934357038656433 111
0.9883720930232558 0.011627906976744186 0.0 0.9876543209876543 0.012345679012345678 0.0 1.0 1038.116407889257 23.911195410322016 86
0.9361702127659575 0.06382978723404255 0.0 0.9338235294117647 0.0661764705882353 0.0 0.8161764705882353 1074.0986062225265 19.553814421012827 141
0.9482758620689655 0.05172413793103448 0.0 0.9459459459459459 0.05405405405405406 0.0 0.6396396396396397 1086.7683397165902 19.480630811028995 116
0.8416666666666667 0.15833333333333333 0.0 0.8347826086956521 0.16521739130434782 0.0 0.7913043478260869 1063.4797739049302 19.68274979699176 120
0.8235294117647058 0.17647058823529413 0.0 0.8333333333333334 0.16666666666666666 0.0 0.8070175438596491 967.5768139511795 18.84396598319665 119
0.7557251908396947 0.17557251908396945 0.06870229007633588 0.746031746031746 0.18253968253968253 0.07142857142857142 0.9920634920634921 1080.6481597522684 20.36067180394145 131
0.9174311926605505 0.07339449541284404 0.009174311926605505 0.9134615384615384 0.07692307692307693 0.009615384615384616 0.9423076923076923 1073.8093057595909 20.935195202808824 109
0.9148936170212766 0.0851063829787234 0.0 0.9117647058823529 0.08823529411764706 0.0 0.6838235294117647 1086.2831890994269 19.717856913015925 141
0.9519230769230769 0.04807692307692308 0.0 0.9494949494949495 0.050505050505050504 0.0 0.9595959595959596 1067.1781068029345 21.75869523570065 104
0.8854961832061069 0.11450381679389313 0.0 0.8809523809523809 0.11904761904761904 0.0 0.8015873015873016 1087.1696755301195 20.544832637307067 131
0.959349593495935 0.04065040650406504 0.0 0.9576271186440678 0.0423728813559322 0.0 0.864406779661017 1011.2332864608992 21.013332362572275 123
0.9512195121951219 0.04878048780487805 0.0 0.9491525423728814 0.05084745762711865 0.0 0.9661016949152542 1077.6678421346264 21.920188689442178 123
0.9711538461538461 0.028846153846153848 0.0 0.9696969696969697 0.030303030303030304 0.0 0.7575757575757576 1040.542010982349 20.82403992159703 104
0.9642857142857143 0.03571428571428571 0.0 0.9629629629629629 0.037037037037037035 0.0 0.8444444444444444 1077.4281236808622 19.64874126926264 140
0.8805970149253731 0.11940298507462686 0.0 0.875968992248062 0.12403100775193798 0.0 0.6744186046511628 1086.204112240693 22.652610405821097 134
0.9565217391304348 0.043478260869565216 0.0 0.9548872180451128 0.045112781954887216 0.0 0.5639097744360902 1066.974632103755 19.69761773309608 138
0.8512396694214877 0.1487603305785124 0.0 0.8448275862068966 0.15517241379310345 0.0 0.8189655172413793 989.5349818903859 20.6594586032958 121
0.9253731343283582 0.07462686567164178 0.0 0.9224806201550387 0.07751937984496124 0.0 0.7596899224806202 1086.031041405785 19.960730557974465 134
0.943089430894309 0.056910569105691054 0.0 0.940677966101695 0.059322033898305086 0.0 0.8050847457627118 1081.079986122879 20.9214835775181 123
0.92 0.08 0.0 0.9157894736842105 0.08421052631578947 0.0 0.8 1086.4438860806008 22.241180443904256 100
0.9140625 0.0859375 0.0 0.9105691056910569 0.08943089430894309 0.0 0.7642276422764228 1087.3764521750534 20.6652599919776 128
0.9292035398230089 0.061946902654867256 0.008849557522123894 0.9259259259259259 0.06481481481481481 0.009259259259259259 0.9444444444444444 1068.0530070315303 20.320003163735727 113
0.8846153846153846 0.1 0.015384615384615385 0.88 0.104 0.016 0.76 1081.2673881143253 20.509406256263212 130
0.9245283018867925 0.07547169811320754 0.0 0.9207920792079208 0.07920792079207921 0.0 0.9603960396039604 1027.7987911804491 21.976301421526703 106
0.9795918367346939 0.02040816326530612 0.0 0.978494623655914 0.021505376344086023 0.0 0.7419354838709677 1086.916038175065 20.093160396522826 98
0.923728813559322 0.07627118644067797 0.0 0.9203539823008849 0.07964601769911504 0.0 0.9469026548672567 1029.550236334533 21.23442764851717 118
0.981651376146789 0.01834862385321101 0.0 0.9807692307692307 0.019230769230769232 0.0 0.6826923076923077 1086.359675376938 19.98656341168577 109
0.9396551724137931 0.0603448275862069 0.0 0.9369369369369369 0.06306306306306306 0.0 0.8018018018018018 1082.5231702777007 20.971170589157083 116
0.9072164948453608 0.09278350515463918 0.0 0.9021739130434783 0.09782608695652174 0.0 0.9782608695652174 1037.550360029126 22.42715109754845 97
0.8870967741935484 0.0967741935483871 0.016129032258064516 0.8823529411764706 0.10084033613445378 0.01680672268907563 0.7899159663865546 1061.8823814728196 19.758476784073004 124
0.9105691056910569 0.08943089430894309 0.0 0.9067796610169492 0.09322033898305085 0.0 0.7796610169491526 1060.9874434233677 19.959837578390182 123
0.9251700680272109 0.07482993197278912 0.0 0.9225352112676056 0.07746478873239436 0.0 0.8943661971830986 1072.4935893463517 18.844453979130606 147
0.9509803921568627 0.049019607843137254 0.0 0.9484536082474226 0.05154639175257732 0.0 0.8556701030927835 1062.362338159017 23.011062429294615 102
0.9196428571428571 0.08035714285714286 0.0 0.9158878504672897 0.08411214953271028 0.0 0.6355140186915887 1070.7770123666667 22.25911506872587 112
0.8857142857142857 0.11428571428571428 0.0 0.8814814814814815 0.11851851851851852 0.0 0.8074074074074075 1080.535716316735 19.36998903145161 140
0.9693251533742331 0.03067484662576687 0.0 0.9683544303797469 0.03164556962025317 0.0 0.759493670886076 1063.6961075550828 19.19137999726942 163
0.9683544303797469 0.03164556962025317 0.0 0.9673202614379085 0.032679738562091505 0.0 0.8235294117647058 1045.433894808419 19.845312418772686 158
0.9083969465648855 0.0916030534351145 0.0 0.9126984126984127 0.0873015873015873 0.0 0.8968253968253969 1069.7426321602097 20.62199714988892 131
0.9024390243902439 0.0975609756097561 0.0 0.8983050847457628 0.1016949152542373 0.0 0.9152542372881356 1060.7792757826887 21.556080183768206 123
0.9154929577464789 0.08450704225352113 0.0 0.9124087591240876 0.08759124087591241 0.0 0.8467153284671532 983.7528413239231 18.41748783221241 142
0.9645390070921985 0.03546099290780142 0.0 0.9632352941176471 0.03676470588235294 0.0 0.8602941176470589 1057.702663420243 19.455206742511027 141
0.8235294117647058 0.14285714285714285 0.03361344537815126 0.8157894736842105 0.14912280701754385 0.03508771929824561 0.9649122807017544 1062.4818905512439 21.408512991335545 119
0.9468085106382979 0.05319148936170213 0.0 0.9438202247191011 0.056179775280898875 0.0 0.9213483146067416 957.9087989750515 21.703477588745002 94
0.956989247311828 0.043010752688172046 0.0 0.9558011049723757 0.04419889502762431 0.0 0.6519337016574586 1003.4879190608675 18.470038233393204 186
0.9512195121951219 0.04878048780487805 0.0 0.9491525423728814 0.05084745762711865 0.0 0.847457627118644 1064.0044865785578 20.79347232114216 123
0.8203125 0.1640625 0.015625 0.8211382113821138 0.17073170731707318 0.008130081300813009 0.8292682926829268 1072.9746344458722 20.513328196698573 128
0.941747572815534 0.05825242718446602 0.0 0.9387755102040817 0.061224489795918366 0.0 0.826530612244898 1032.0073086570185 21.098630971203868 103
0.9714285714285714 0.02857142857142857 0.0 0.97 0.03 0.0 0.9 1057.465303989411 21.58027200343302 105
0.954954954954955 0.04504504504504504 0.0 0.9528301886792453 0.04716981132075472 0.0 0.8773584905660378 1078.3200183187703 20.81020944696061 111
0.9565217391304348 0.043478260869565216 0.0 0.9545454545454546 0.045454545454545456 0.0 0.8818181818181818 1046.446038477261 21.358755372574482 115
0.952054794520548 0.04794520547945205 0.0 0.950354609929078 0.04964539007092199 0.0 0.8156028368794326 1085.4550856850335 18.963433217400308 146
0.7469135802469136 0.25308641975308643 0.0 0.7515923566878981 0.2484076433121019 0.0 0.7388535031847133 1055.1142069087048 18.75501304480962 162
0.9351851851851852 0.06481481481481481 0.0 0.9320388349514563 0.06796116504854369 0.0 0.8640776699029126 1084.5097620977133 20.860279968019352 108
0.7962962962962963 0.16666666666666666 0.037037037037037035 0.7961165048543689 0.17475728155339806 0.02912621359223301 0.8058252427184466 1015.3594097214177 21.47193311184131 108
0.990990990990991 0.009009009009009009 0.0 0.9905660377358491 0.009433962264150943 0.0 0.9150943396226415 1069.2602141305074 20.841337219138982 111
0.8899082568807339 0.11009174311926606 0.0 0.8846153846153846 0.11538461538461539 0.0 0.9615384615384616 1030.4342576447684 20.066963270783287 109
0.9285714285714286 0.07142857142857142 0.0 0.9256198347107438 0.0743801652892562 0.0 0.8347107438016529 1030.866619244194 21.28338181370994 126
0.948905109489051 0.051094890510948905 0.0 0.946969696969697 0.05303030303030303 0.0 0.803030303030303 1049.0057447700785 19.859834676235625 137
0.940677966101695 0.059322033898305086 0.0 0.9380530973451328 0.061946902654867256 0.0 0.8495575221238938 1037.1897342452144 20.373036378959853 118
0.967391304347826 0.03260869565217391 0.0 0.9655172413793104 0.034482758620689655 0.0 0.9770114942528736 1058.2491732119565 23.89666992335199 92
0.937007874015748 0.06299212598425197 0.0 0.9344262295081968 0.06557377049180328 0.0 0.819672131147541 1079.1369305479263 21.540789759966778 127
0.9032258064516129 0.07096774193548387 0.025806451612903226 0.9 0.07333333333333333 0.02666666666666667 0.8533333333333334 1036.8158966253106 19.484620200102054 155
0.924812030075188 0.07518796992481203 0.0 0.921875 0.078125 0.0 0.734375 1077.7121343340666 20.03894193156819 133
0.9285714285714286 0.07142857142857142 0.0 0.9256198347107438 0.0743801652892562 0.0 0.9090909090909091 1063.4376842551226 20.877444622554624 126
0.8881118881118881 0.1048951048951049 0.006993006993006993 0.8840579710144928 0.10869565217391304 0.007246376811594203 1.0 1049.041771452699 21.409662114968338 143
0.9523809523809523 0.047619047619047616 0.0 0.95 0.05 0.0 0.8 1077.753241484646 21.990017209114523 105
0.8984375 0.1015625 0.0 0.8943089430894309 0.10569105691056911 0.0 0.983739837398374 1077.9534703526626 21.037971821778967 128
0.8584905660377359 0.12264150943396226 0.018867924528301886 0.8514851485148515 0.12871287128712872 0.019801980198019802 0.7623762376237624 1087.4713220835602 19.215454103048554 106
0.9295774647887324 0.07042253521126761 0.0 0.927007299270073 0.072992700729927 0.0 0.7664233576642335 1087.2095634365382 19.298385606651173 142
0.9242424242424242 0.07575757575757576 0.0 0.9212598425196851 0.07874015748031496 0.0 0.8582677165354331 1071.6593589835086 21.182959722811326 132
0.9514563106796117 0.04854368932038835 0.0 0.9489795918367347 0.05102040816326531 0.0 0.9285714285714286 996.8325939381691 20.738838543807272 103
0.9481481481481482 0.05185185185185185 0.0 0.9461538461538461 0.05384615384615385 0.0 0.7846153846153846 994.5701024673054 19.918058430151515 135
0.8848920863309353 0.11510791366906475 0.0 0.8805970149253731 0.11940298507462686 0.0 0.9477611940298507 1057.679934948221 19.509537992881096 139
0.8640776699029126 0.11650485436893204 0.019417475728155338 0.8775510204081632 0.10204081632653061 0.02040816326530612 0.8367346938775511 1075.7924964938795 21.207932707708775 103
0.9814814814814815 0.018518518518518517 0.0 0.9808917197452229 0.01910828025477707 0.0 0.8789808917197452 1082.1731583612707 19.127189575171844 162
0.9596774193548387 0.04032258064516129 0.0 0.957983193277311 0.04201680672268908 0.0 0.7983193277310925 1077.5586441356597 20.445129791137337 124
1.0 0.0 0.0 1.0 0.0 0.0 0.7887323943661971 1084.7836308245699 20.37110753961824 76
0.9872611464968153 0.012738853503184714 0.0 0.9868421052631579 0.013157894736842105 0.0 0.8421052631578947 1087.2629873843962 19.29273697110655 157
0.8173076923076923 0.16346153846153846 0.019230769230769232 0.8080808080808081 0.1717171717171717 0.020202020202020204 0.9090909090909091 1001.8720629191554 22.231417504447087 104
0.8974358974358975 0.10256410256410256 0.0 0.8928571428571429 0.10714285714285714 0.0 0.7232142857142857 1079.0757440031837 20.822385105248724 117
0.9172932330827067 0.08270676691729323 0.0 0.9140625 0.0859375 0.0 0.765625 1077.9898237356165 19.36693671889659 133
0.928 0.072 0.0 0.9333333333333333 0.06666666666666667 0.0 0.7583333333333333 1082.307338066705 20.233216363432444 125
0.9391304347826087 0.06086956521739131 0.0 0.9454545454545454 0.05454545454545454 0.0 0.8 1073.3918167955637 20.529558227335713 115
0.78125 0.1953125 0.0234375 0.7723577235772358 0.2032520325203252 0.024390243902439025 0.8130081300813008 1081.4988180006355 19.83220625700954 128
0.9152542372881356 0.06779661016949153 0.01694915254237288 0.911504424778761 0.07079646017699115 0.017699115044247787 0.8230088495575221 1083.70937857924 20.724145086666994 118
0.9375 0.0625 0.0 0.9345794392523364 0.06542056074766354 0.0 0.7850467289719626 1087.450459059564 20.81153445581855 112
0.927536231884058 0.057971014492753624 0.014492753623188406 0.924812030075188 0.06015037593984962 0.015037593984962405 0.7518796992481203 991.309990089354 20.30897505928625 138
0.9692307692307692 0.03076923076923077 0.0 0.968 0.032 0.0 0.624 984.2125648654466 19.213877658847498 130
0.9326923076923077 0.0673076923076923 0.0 0.9292929292929293 0.0707070707070707 0.0 0.7575757575757576 1087.2562406672043 20.03055988154102 104
0.9320388349514563 0.06796116504854369 0.0 0.9285714285714286 0.07142857142857142 0.0 0.9693877551020408 1070.144227024526 21.04055097695216 103
0.8040540540540541 0.17567567567567569 0.02027027027027027 0.8041958041958042 0.17482517482517482 0.02097902097902098 0.7482517482517482 1084.3957935007854 19.073918403913524 148
0.9224806201550387 0.07751937984496124 0.0 0.9193548387096774 0.08064516129032258 0.0 0.7741935483870968 1071.1202460553177 20.656820750006894 129
0.9285714285714286 0.07142857142857142 0.0 0.9259259259259259 0.07407407407407407 0.0 0.6814814814814815 1080.9433080906908 19.81275788070845 140
0.9432624113475178 0.04964539007092199 0.0070921985815602835 0.9411764705882353 0.051470588235294115 0.007352941176470588 0.7941176470588235 1086.1402420022357 19.868423176238537 141
0.8918918918918919 0.06306306306306306 0.04504504504504504 0.8867924528301887 0.0660377358490566 0.04716981132075472 0.839622641509434 1051.5546833434926 21.75356583078504 111
0.898876404494382 0.07865168539325842 0.02247191011235955 0.8928571428571429 0.08333333333333333 0.023809523809523808 0.9404761904761905 989.6182959774343 23.268838300759747 89
0.936 0.064 0.0 0.9333333333333333 0.06666666666666667 0.0 0.9833333333333333 1071.0248267116333 21.14512024353625 125
0.905982905982906 0.09401709401709402 0.0 0.9017857142857143 0.09821428571428571 0.0 0.9821428571428571 1084.3796743195257 22.27785750510806 117
0.9253731343283582 0.07462686567164178 0.0 0.9224806201550387 0.07751937984496124 0.0 0.8217054263565892 1085.4426159340428 20.138926599965696 134
0.9906542056074766 0.009345794392523364 0.0 0.9901960784313726 0.00980392156862745 0.0 0.9411764705882353 994.9957485497031 20.91857435784892 107
0.9635036496350365 0.0364963503649635 0.0 0.9621212121212122 0.03787878787878788 0.0 0.7954545454545454 1084.0002517168427 20.282095756630447 137
0.954954954954955 0.04504504504504504 0.0 0.9622641509433962 0.03773584905660377 0.0 0.9716981132075472 1083.8629678253344 19.75841370946607 111
0.9090909090909091 0.09090909090909091 0.0 0.9133858267716536 0.08661417322834646 0.0 0.8346456692913385 1081.6165007052473 20.75936381981917 132
0.9145299145299145 0.08547008547008547 0.0 0.9196428571428571 0.08035714285714286 0.0 0.7232142857142857 1086.9081271445204 21.888903975789464 117
0.9763779527559056 0.023622047244094488 0.0 0.9754098360655737 0.02459016393442623 0.0 0.860655737704918 1073.8686326762815 19.51412921138908 127
0.8969072164948454 0.10309278350515463 0.0 0.8913043478260869 0.10869565217391304 0.0 0.782608695652174 1074.0818889670193 22.819495940925915 97
0.9703703703703703 0.02962962962962963 0.0 0.9692307692307692 0.03076923076923077 0.0 0.7846153846153846 1083.8431876146565 20.897958309310013 135
0.9496402877697842 0.050359712230215826 0.0 0.9477611940298507 0.05223880597014925 0.0 0.9029850746268657 1079.6492741487748 21.168242399974346 139
0.9586776859504132 0.04132231404958678 0.0 0.9568965517241379 0.04310344827586207 0.0 0.896551724137931 1078.4874524756972 20.560612574581658 121
0.9763779527559056 0.023622047244094488 0.0 0.9754098360655737 0.02459016393442623 0.0 0.7377049180327869 992.2861373149922 19.807197444222158 127
0.9105691056910569 0.08943089430894309 0.0 0.9067796610169492 0.09322033898305085 0.0 0.7288135593220338 1087.4340646885723 19.951263785509187 123
0.9710982658959537 0.028901734104046242 0.0 0.9761904761904762 0.023809523809523808 0.0 0.8273809523809523 1086.1109633833705 18.976993883281928 173
0.9333333333333333 0.06666666666666667 0.0 0.9304347826086956 0.06956521739130435 0.0 0.8608695652173913 1016.2414699214221 20.345788316131237 120
0.8854166666666666 0.11458333333333333 0.0 0.8901098901098901 0.10989010989010989 0.0 0.6043956043956044 1002.4678212059746 21.147409139521322 96
0.9585798816568047 0.04142011834319527 0.0 0.9573170731707317 0.042682926829268296 0.0 0.7682926829268293 1086.5176697082009 18.59105993660647 169
0.9538461538461539 0.046153846153846156 0.0 0.96 0.04 0.0 0.808 1046.4698820017495 19.275740731494654 130
0.9230769230769231 0.07692307692307693 0.0 0.9191919191919192 0.08080808080808081 0.0 0.9797979797979798 1060.6384676385094 22.046128340632592 104
0.9 0.1 0.0 0.8956521739130435 0.10434782608695652 0.0 0.7652173913043478 1074.3887171517094 20.32582026609507 120
0.9365079365079365 0.05555555555555555 0.007936507936507936 0.9338842975206612 0.05785123966942149 0.008264462809917356 0.9834710743801653 1056.7854938909263 21.572037784333443 126
0.863013698630137 0.136986301369863 0.0 0.8581560283687943 0.14184397163120568 0.0 0.7304964539007093 1050.2983830660262 19.89080488778722 146
0.9239130434782609 0.07608695652173914 0.0 0.9195402298850575 0.08045977011494253 0.0 0.632183908045977 1082.4958981895252 18.81028021695676 92
0.9477611940298507 0.05223880597014925 0.0 0.9457364341085271 0.05426356589147287 0.0 0.7906976744186046 1087.1855823670198 20.185424657937034 134
0.8979591836734694 0.09523809523809523 0.006802721088435374 0.8943661971830986 0.09859154929577464 0.007042253521126761 0.676056338028169 1087.4216756006865 20.122292617827608 147
0.9649122807017544 0.03508771929824561 0.0 0.963302752293578 0.03669724770642202 0.0 0.7522935779816514 1087.4866026616744 21.417967671539216 114
0.9739130434782609 0.017391304347826087 0.008695652173913044 0.9727272727272728 0.01818181818181818 0.00909090909090909 0.8909090909090909 988.43406841209 20.481057574052116 115
0.9142857142857143 0.08571428571428572 0.0 0.92 0.08 0.0 0.56 1073.5796514303322 21.47775843536906 105
0.7982456140350878 0.15789473684210525 0.043859649122807015 0.8073394495412844 0.1559633027522936 0.03669724770642202 0.7522935779816514 1070.0212481716353 22.33349014687983 114
0.9224137931034483 0.07758620689655173 0.0 0.918918918918919 0.08108108108108109 0.0 0.954954954954955 1022.9767866596877 22.03575375979903 116
0.8608695652173913 0.1391304347826087 0.0 0.8545454545454545 0.14545454545454545 0.0 0.6727272727272727 1073.731521206182 20.768266001328488 115
0.9256198347107438 0.0743801652892562 0.0 0.9224137931034483 0.07758620689655173 0.0 0.7758620689655172 1087.4548501034058 20.354134036879405 121
0.8396946564885496 0.16030534351145037 0.0 0.8333333333333334 0.16666666666666666 0.0 0.9444444444444444 1019.672293550291 19.884742891659446 131
0.9454545454545454 0.05454545454545454 0.0 0.9428571428571428 0.05714285714285714 0.0 0.7238095238095238 1061.5896531709366 20.094359894210314 110
0.8737864077669902 0.1262135922330097 0.0 0.8775510204081632 0.12244897959183673 0.0 0.9591836734693877 1076.7090423306454 21.4674017258284 103
0.95 0.05 0.0 0.9478260869565217 0.05217391304347826 0.0 0.8434782608695652 1038.359903628962 20.975076951490767 120
0.9461538461538461 0.05384615384615385 0.0 0.944 0.056 0.0 0.816 1020.0951206960549 19.066856788457557 130
0.9261744966442953 0.0738255033557047 0.0 0.9236111111111112 0.0763888888888889 0.0 0.7986111111111112 1043.2888256668473 19.41623279269073 149
0.9285714285714286 0.07142857142857142 0.0 0.9252336448598131 0.07476635514018691 0.0 0.9065420560747663 1082.7983400249134 20.750164783742182 112
0.9473684210526315 0.05263157894736842 0.0 0.9453125 0.0546875 0.0 0.65625 1086.7111411391456 20.733298955395 133
0.9596774193548387 0.04032258064516129 0.0 0.957983193277311 0.04201680672268908 0.0 1.0 1060.223019281306 20.957164830222748 124
0.9180327868852459 0.08196721311475409 0.0 0.9145299145299145 0.08547008547008547 0.0 0.8376068376068376 1049.851474505393 20.196303105867923 122
0.9603960396039604 0.039603960396039604 0.0 0.96875 0.03125 0.0 0.7604166666666666 1084.5175134429837 19.913970174052377 101
0.9803921568627451 0.0196078431372549 0.0 0.979381443298969 0.020618556701030927 0.0 0.9587628865979382 1039.351242677414 20.077329928349776 102
0.9491525423728814 0.05084745762711865 0.0 0.9469026548672567 0.05309734513274336 0.0 0.8495575221238938 1015.5137716172529 21.29185631316156 118
0.9223300970873787 0.07766990291262135 0.0 0.9285714285714286 0.07142857142857142 0.0 0.8469387755102041 1033.1617894686449 22.593835934804087 103
0.873015873015873 0.12698412698412698 0.0 0.8760330578512396 0.12396694214876033 0.0 0.6033057851239669 1079.6523615419514 20.04460696308459 126
0.9322033898305084 0.059322033898305086 0.00847457627118644 0.9292035398230089 0.061946902654867256 0.008849557522123894 0.8584070796460177 1083.052123966917 20.99454533699231 118
0.921875 0.078125 0.0 0.9186991869918699 0.08130081300813008 0.0 0.9105691056910569 1064.735231546709 20.98418380910109 128
0.890625 0.109375 0.0 0.8861788617886179 0.11382113821138211 0.0 0.7886178861788617 1002.8712298657422 21.36635701477707 128
0.9854014598540146 0.014598540145985401 0.0 0.9848484848484849 0.015151515151515152 0.0 0.8484848484848485 1040.043860851967 19.568917054028212 137
0.952054794520548 0.04794520547945205 0.0 0.950354609929078 0.04964539007092199 0.0 0.8652482269503546 1087.448143889294 20.23520308745615 146
0.9081632653061225 0.09183673469387756 0.0 0.9032258064516129 0.0967741935483871 0.0 0.7849462365591398 1074.1619315749854 21.188568479496013 98
0.9139784946236559 0.08602150537634409 0.0 0.9090909090909091 0.09090909090909091 0.0 0.875 1001.0479273160026 22.828966984953926 93
0.9104477611940298 0.08955223880597014 0.0 0.9069767441860465 0.09302325581395349 0.0 0.7441860465116279 1072.6913258939228 20.391442806729795 134
0.8625954198473282 0.11450381679389313 0.022900763358778626 0.8571428571428571 0.11904761904761904 0.023809523809523808 0.9365079365079365 1052.2418542667838 20.012056060283427 131
0.9764705882352941 0.023529411764705882 0.0 0.975 0.025 0.0 0.8875 1037.0622317070258 24.04644575990048 85
0.8173913043478261 0.1826086956521739 0.0 0.8090909090909091 0.19090909090909092 0.0 0.7909090909090909 1085.5466394010004 21.445312769850712 115
0.8739495798319328 0.12605042016806722 0.0 0.868421052631579 0.13157894736842105 0.0 0.6929824561403509 1081.780734297482 21.694223675754564 119
0.9166666666666666 0.08333333333333333 0.0 0.9130434782608695 0.08695652173913043 0.0 0.8869565217391304 1042.96337682758 21.39559923070518 120
0.936 0.064 0.0 0.9333333333333333 0.06666666666666667 0.0 0.6666666666666666 1071.710528293523 20.864958594613068 125
0.9523809523809523 0.047619047619047616 0.0 0.9507042253521126 0.04929577464788732 0.0 0.795774647887324 1086.9220108727131 20.46721369526043 147
0.9322033898305084 0.06779661016949153 0.0 0.9380530973451328 0.061946902654867256 0.0 0.5929203539823009 1087.1448645307587 18.35469835559133 118
0.9230769230769231 0.07692307692307693 0.0 0.9205298013245033 0.07947019867549669 0.0 0.9602649006622517 1081.3199704031665 19.502070583574717 156
0.8695652173913043 0.13043478260869565 0.0 0.8620689655172413 0.13793103448275862 0.0 0.7471264367816092 1025.0079742916312 20.162366701700375 92
0.779874213836478 0.1949685534591195 0.025157232704402517 0.7727272727272727 0.2012987012987013 0.025974025974025976 0.8701298701298701 1087.457630633227 20.374321436770124 159
0.8974358974358975 0.10256410256410256 0.0 0.8928571428571429 0.10714285714285714 0.0 0.8571428571428571 1087.3196954091513 20.348282130146682 117
0.8205128205128205 0.17094017094017094 0.008547008547008548 0.8214285714285714 0.16964285714285715 0.008928571428571428 0.8571428571428571 1040.450576215217 19.692182366314558 117
0.9761904761904762 0.023809523809523808 0.0 0.9752066115702479 0.024793388429752067 0.0 0.8347107438016529 1055.66043946588 20.291023127077157 126
0.9382022471910112 0.06179775280898876 0.0 0.9364161849710982 0.06358381502890173 0.0 0.7630057803468208 1087.3668651194123 19.479219501284543 178
0.95 0.05 0.0 0.9473684210526315 0.05263157894736842 0.0 0.6842105263157895 1037.8064792433725 21.48287767125846 100
0.95 0.05 0.0 0.9483870967741935 0.05161290322580645 0.0 0.8258064516129032 1035.9293391668728 18.894394008587668 160
0.9612403100775194 0.03875968992248062 0.0 0.9596774193548387 0.04032258064516129 0.0 0.8467741935483871 1012.7731563457128 19.92458156990999 129
0.9568965517241379 0.04310344827586207 0.0 0.954954954954955 0.04504504504504504 0.0 0.7657657657657657 1080.6912171189608 20.202215148856197 116
0.9304347826086956 0.06956521739130435 0.0 0.9272727272727272 0.07272727272727272 0.0 0.6818181818181818 1085.7340274482651 20.557613026678375 115
0.927007299270073 0.072992700729927 0.0 0.9242424242424242 0.07575757575757576 0.0 0.7651515151515151 1087.4573638667634 20.33695545074666 137
0.8557692307692307 0.1346153846153846 0.009615384615384616 0.8484848484848485 0.1414141414141414 0.010101010101010102 0.9292929292929293 1072.0841520110307 21.452572664041192 104
0.9380530973451328 0.061946902654867256 0.0 0.9351851851851852 0.06481481481481481 0.0 0.8055555555555556 1086.262522743379 21.718631765314733 113
0.9210526315789473 0.07894736842105263 0.0 0.9174311926605505 0.08256880733944955 0.0 0.908256880733945 1081.4611944360533 23.73075297026561 114
0.868421052631579 0.13157894736842105 0.0 0.8623853211009175 0.13761467889908258 0.0 0.7981651376146789 1028.635115772847 21.038056709517804 114
0.9281045751633987 0.0718954248366013 0.0 0.9256756756756757 0.07432432432432433 0.0 0.8040540540540541 1087.0840562536926 20.05860112753484 153
0.9416058394160584 0.058394160583941604 0.0 0.9393939393939394 0.06060606060606061 0.0 0.9015151515151515 1064.7775972441507 20.430170696447874 137
0.9014084507042254 0.09859154929577464 0.0 0.8978102189781022 0.10218978102189781 0.0 0.7226277372262774 1087.2104975022917 19.4961208091019 142
0.8881578947368421 0.1118421052631579 0.0 0.8843537414965986 0.11564625850340136 0.0 0.7414965986394558 1087.4266117499892 18.93880412038755 152
0.8951612903225806 0.0967741935483871 0.008064516129032258 0.8907563025210085 0.10084033613445378 0.008403361344537815 0.865546218487395 1047.3936459769427 20.33721138046348 124
0.9251700680272109 0.07482993197278912 0.0 0.9295774647887324 0.07042253521126761 0.0 0.8943661971830986 1039.1974518965865 19.871517853860833 147
0.972972972972973 0.02702702702702703 0.0 0.9710144927536232 0.028985507246376812 0.0 0.8695652173913043 1034.8737101650281 20.619756299242866 74
0.8571428571428571 0.14285714285714285 0.0 0.8508771929824561 0.14912280701754385 0.0 0.9649122807017544 1080.8443881936446 21.81985926954451 119
0.9726027397260274 0.0273972602739726 0.0 0.9705882352941176 0.029411764705882353 0.0 0.9852941176470589 1056.7366822529743 23.68264891230565 73
0.967032967032967 0.03296703296703297 0.0 0.9651162790697675 0.03488372093023256 0.0 0.8372093023255814 1076.6323373535138 22.157327207926993 91
0.9256198347107438 0.0743801652892562 0.0 0.9224137931034483 0.07758620689655173 0.0 0.6724137931034483 1072.188457244826 21.28551193247712 121
0.9741935483870968 0.025806451612903226 0.0 0.9733333333333334 0.02666666666666667 0.0 0.8666666666666667 1087.3646356697327 19.85473092616199 155
0.941747572815534 0.05825242718446602 0.0 0.9387755102040817 0.061224489795918366 0.0 0.6326530612244898 1086.0986903353516 20.254351740913073 103
1.0 0.0 0.0 1.0 0.0 0.0 0.6547619047619048 1050.6201157827375 22.494724286614442 89
0.9402985074626866 0.05970149253731343 0.0 0.937984496124031 0.06201550387596899 0.0 0.7131782945736435 1083.822205806647 19.830873808235193 134
0.9375 0.0625 0.0 0.935251798561151 0.06474820143884892 0.0 0.8273381294964028 1087.1154483248495 19.870053659051763 144
0.8650793650793651 0.1349206349206349 0.0 0.859504132231405 0.14049586776859505 0.0 0.71900826446281 1076.1083452170503 19.9843098978738 126
0.8805031446540881 0.1069182389937107 0.012578616352201259 0.8831168831168831 0.1038961038961039 0.012987012987012988 0.6948051948051948 1083.398749594884 20.387248464312073 159
0.9217391304347826 0.0782608695652174 0.0 0.9272727272727272 0.07272727272727272 0.0 0.9181818181818182 1080.1185454011882 19.77160215131841 115
0.9506172839506173 0.04938271604938271 0.0 0.9473684210526315 0.05263157894736842 0.0 1.0 1037.6193859845025 22.928936042166356 81
0.9124087591240876 0.08759124087591241 0.0 0.9166666666666666 0.08333333333333333 0.0 0.44696969696969696 1048.9852121980093 19.551805768379804 137
0.9734513274336283 0.02654867256637168 0.0 0.9722222222222222 0.027777777777777776 0.0 0.8796296296296297 1031.5406815824176 20.537891864369907 113
0.9017857142857143 0.09821428571428571 0.0 0.897196261682243 0.102803738317757 0.0 0.6542056074766355 1075.528087663539 21.53654717134201 112
0.9849624060150376 0.015037593984962405 0.0 0.984375 0.015625 0.0 0.875 1060.615202043202 20.133992464837778 133
0.9619047619047619 0.0380952380952381 0.0 0.96 0.04 0.0 0.8 963.7764075671021 20.72944217374921 105
0.9767441860465116 0.023255813953488372 0.0 0.9758064516129032 0.024193548387096774 0.0 0.8064516129032258 1066.0341421829326 19.853555430177238 129
0.9850746268656716 0.014925373134328358 0.0 0.9844961240310077 0.015503875968992248 0.0 0.8604651162790697 1003.948796318905 20.46245637384217 134
0.9692307692307692 0.03076923076923077 0.0 0.9666666666666667 0.03333333333333333 0.0 0.8833333333333333 1041.6110632143234 23.875982612540845 65
0.8796296296296297 0.1111111111111111 0.009259259259259259 0.883495145631068 0.10679611650485436 0.009708737864077669 0.7864077669902912 984.0264023241181 20.859077893093687 108
0.9304347826086956 0.06956521739130435 0.0 0.9272727272727272 0.07272727272727272 0.0 0.7727272727272727 1085.893705790498 20.361310979428918 115
0.936 0.064 0.0 0.9333333333333333 0.06666666666666667 0.0 0.9833333333333333 1076.796224225356 21.032834983880022 125
0.9140625 0.0859375 0.0 0.9105691056910569 0.08943089430894309 0.0 0.6910569105691057 1087.3575739268165 20.11046116867861 128
0.9263157894736842 0.07368421052631578 0.0 0.9333333333333333 0.06666666666666667 0.0 0.9222222222222223 1011.6773114624683 22.918895291611328 95
0.8189655172413793 0.14655172413793102 0.034482758620689655 0.8108108108108109 0.15315315315315314 0.036036036036036036 0.918918918918919 1067.6746434371967 20.08617233643769 116
0.9137931034482759 0.08620689655172414 0.0 0.918918918918919 0.08108108108108109 0.0 0.7837837837837838 1084.1890290765514 20.299015386231844 116
0.9537037037037037 0.046296296296296294 0.0 0.9514563106796117 0.04854368932038835 0.0 0.7184466019417476 1086.386696394438 19.317955371354785 108
0.990909090909091 0.00909090909090909 0.0 0.9904761904761905 0.009523809523809525 0.0 0.7333333333333333 1087.090474471014 21.330881643167505 110
0.9473684210526315 0.05263157894736842 0.0 0.944954128440367 0.05504587155963303 0.0 0.7064220183486238 1076.9490122022153 21.124146442213345 114
0.9044117647058824 0.08823529411764706 0.007352941176470588 0.9007633587786259 0.0916030534351145 0.007633587786259542 0.8320610687022901 1016.752500417636 21.432086164948963 136
0.9121621621621622 0.08783783783783784 0.0 0.9090909090909091 0.09090909090909091 0.0 0.7342657342657343 1081.5758345328081 19.275432159808467 148
0.9224137931034483 0.07758620689655173 0.0 0.918918918918919 0.08108108108108109 0.0 0.7297297297297297 1048.0797252876598 22.00554736322003 116
0.935251798561151 0.06474820143884892 0.0 0.9328358208955224 0.06716417910447761 0.0 0.8880597014925373 1064.994201157909 19.25084392121846 139
0.9433962264150944 0.05660377358490566 0.0 0.9405940594059405 0.0594059405940594 0.0 0.8910891089108911 1068.3559298280707 20.581085073830486 106
0.9470198675496688 0.052980132450331126 0.0 0.952054794520548 0.04794520547945205 0.0 0.821917808219178 1082.020606190868 19.549963902916158 151
0.968421052631579 0.031578947368421054 0.0 0.9666666666666667 0.03333333333333333 0.0 0.8222222222222222 1070.7312778626729 20.489284435558393 95
0.9166666666666666 0.08333333333333333 0.0 0.912621359223301 0.08737864077669903 0.0 0.6601941747572816 1072.0496518387295 19.17630512050462 108
0.9693877551020408 0.030612244897959183 0.0 0.967741935483871 0.03225806451612903 0.0 0.8602150537634409 1049.159714487512 22.5395616280414 98
0.903448275862069 0.09655172413793103 0.0 0.9 0.1 0.0 1.0 1084.5375766639859 19.940206536375488 145
0.9435483870967742 0.056451612903225805 0.0 0.9411764705882353 0.058823529411764705 0.0 0.8571428571428571 1044.6272581869036 19.920020052371257 124
0.8737864077669902 0.10679611650485436 0.019417475728155338 0.8775510204081632 0.10204081632653061 0.02040816326530612 0.8775510204081632 1043.6432213676437 21.326476978835743 103
0.9285714285714286 0.07142857142857142 0.0 0.9259259259259259 0.07407407407407407 0.0 0.8296296296296296 1081.853012100271 21.24195020704131 140
0.9426229508196722 0.05737704918032787 0.0 0.9401709401709402 0.05982905982905983 0.0 0.7435897435897436 1078.1718277978387 21.128174929663242 122
0.9741379310344828 0.02586206896551724 0.0 0.972972972972973 0.02702702702702703 0.0 0.7567567567567568 1071.7326020660475 20.402739222103886 116
0.9444444444444444 0.05555555555555555 0.0 0.9421487603305785 0.05785123966942149 0.0 0.7520661157024794 1086.2002346119439 19.385560825524575 126
0.911504424778761 0.07079646017699115 0.017699115044247787 0.9074074074074074 0.07407407407407407 0.018518518518518517 0.8888888888888888 1020.4150170319868 21.07655084320431 113
0.8705882352941177 0.12941176470588237 0.0 0.875 0.125 0.0 0.9375 1075.1108112187364 22.759601326343926 85
0.970873786407767 0.02912621359223301 0.0 0.9693877551020408 0.030612244897959183 0.0 0.826530612244898 1076.188512311763 22.71007480261074 103
0.9197080291970803 0.08029197080291971 0.0 0.9166666666666666 0.08333333333333333 0.0 0.803030303030303 1076.840578132653 19.439592313989387 137
0.9243697478991597 0.07563025210084033 0.0 0.9210526315789473 0.07894736842105263 0.0 0.8421052631578947 1087.365159403091 20.506498187437927 119
0.8941176470588236 0.10588235294117647 0.0 0.8875 0.1125 0.0 0.8125 1016.484180788603 20.163093343569905 85
0.9224137931034483 0.07758620689655173 0.0 0.918918918918919 0.08108108108108109 0.0 0.8738738738738738 1081.4257794191496 22.07282925375166 116
0.9857142857142858 0.014285714285714285 0.0 0.9925925925925926 0.007407407407407408 0.0 0.9629629629629629 1026.4745056037852 19.598047851484758 140
0.9663865546218487 0.03361344537815126 0.0 0.9649122807017544 0.03508771929824561 0.0 0.6754385964912281 1052.6730124130447 20.085419671670962 119
0.9125 0.0875 0.0 0.9066666666666666 0.09333333333333334 0.0 0.92 1078.0645252666552 24.024520607550244 80
0.9225352112676056 0.07746478873239436 0.0 0.9197080291970803 0.08029197080291971 0.0 0.7737226277372263 1086.4256390668293 20.68036076118886 142
0.9809523809523809 0.01904761904761905 0.0 0.98 0.02 0.0 0.79 1059.1245539618164 20.122653170844558 105
0.9344262295081968 0.06557377049180328 0.0 0.9316239316239316 0.06837606837606838 0.0 0.8632478632478633 1070.7703968133308 21.685024989076148 122
0.9180327868852459 0.08196721311475409 0.0 0.9145299145299145 0.08547008547008547 0.0 0.7606837606837606 1069.245316824475 19.50403020578712 122
0.9626168224299065 0.037383177570093455 0.0 0.9607843137254902 0.0392156862745098 0.0 0.6176470588235294 1087.46446148698 18.853110056830154 107
0.9482758620689655 0.05172413793103448 0.0 0.954954954954955 0.04504504504504504 0.0 0.9279279279279279 1033.1347871537903 20.407778163868997 116
0.859375 0.125 0.015625 0.8536585365853658 0.13008130081300814 0.016260162601626018 0.991869918699187 1081.876155340408 20.18469438795459 128
0.86 0.14 0.0 0.8526315789473684 0.14736842105263157 0.0 0.5789473684210527 1087.2650133909062 21.507030254367113 100
0.9375 0.0625 0.0 0.9354838709677419 0.06451612903225806 0.0 0.8064516129032258 1032.4132611992184 19.457818928237696 160
0.9389312977099237 0.061068702290076333 0.0 0.9365079365079365 0.06349206349206349 0.0 0.7936507936507936 1080.824625785387 20.343100674306392 131
0.917910447761194 0.08208955223880597 0.0 0.9147286821705426 0.08527131782945736 0.0 0.8062015503875969 1071.4044892418403 19.300465795125906 134
0.9444444444444444 0.05555555555555555 0.0 0.941747572815534 0.05825242718446602 0.0 0.8932038834951457 1011.9626114105364 22.253260665763328 108
0.926829268292683 0.07317073170731707 0.0 0.923728813559322 0.07627118644067797 0.0 0.7542372881355932 1051.888890281472 19.96532587841014 123
0.8809523809523809 0.10714285714285714 0.011904761904761904 0.8734177215189873 0.11392405063291139 0.012658227848101266 1.0 945.0689252193362 20.39690281042881 84
0.9519230769230769 0.04807692307692308 0.0 0.9494949494949495 0.050505050505050504 0.0 0.6767676767676768 1042.6143384634734 20.770326147484106 104
0.8896103896103896 0.11038961038961038 0.0 0.8859060402684564 0.11409395973154363 0.0 0.7114093959731543 1086.0028407345885 19.745263968143586 154
0.8953488372093024 0.10465116279069768 0.0 0.8888888888888888 0.1111111111111111 0.0 0.8148148148148148 1042.4137543947443 21.62392882795962 86
0.9126984126984127 0.0873015873015873 0.0 0.9173553719008265 0.08264462809917356 0.0 0.743801652892562 1087.1070364399757 19.482519783998026 126
0.9444444444444444 0.05555555555555555 0.0 0.9424460431654677 0.05755395683453238 0.0 0.6690647482014388 1087.4029100610824 19.7643388459735 144
0.8898305084745762 0.1016949152542373 0.00847457627118644 0.8849557522123894 0.10619469026548672 0.008849557522123894 0.911504424778761 1074.608725960983 22.10134404632153 118
0.927536231884058 0.07246376811594203 0.0 0.924812030075188 0.07518796992481203 0.0 0.7443609022556391 1087.3311077249537 20.279781230107627 138
0.875 0.125 0.0 0.8695652173913043 0.13043478260869565 0.0 0.7217391304347827 1081.6583096157221 20.95117330561546 120
0.9238095238095239 0.0761904761904762 0.0 0.92 0.08 0.0 0.89 1011.5347901335225 22.88516742997789 105
0.9637681159420289 0.036231884057971016 0.0 0.9624060150375939 0.03759398496240601 0.0 0.7593984962406015 1087.43840135916 20.535913534108733 138
0.8803418803418803 0.11965811965811966 0.0 0.875 0.125 0.0 0.7232142857142857 1085.8404272040796 20.381030123629113 117
0.8549618320610687 0.13740458015267176 0.007633587786259542 0.8492063492063492 0.14285714285714285 0.007936507936507936 0.9206349206349206 1029.7836460782855 18.498624344694633 131
0.9365079365079365 0.06349206349206349 0.0 0.9421487603305785 0.05785123966942149 0.0 0.8677685950413223 1035.3282420500377 20.572804853057484 126
0.9615384615384616 0.038461538461538464 0.0 0.9595959595959596 0.04040404040404041 0.0 1.0 1074.3952464136971 22.5687672563527 104
0.8861788617886179 0.11382113821138211 0.0 0.8813559322033898 0.11864406779661017 0.0 0.8135593220338984 1087.4166150708068 21.39210561020432 123
0.8454545454545455 0.14545454545454545 0.00909090909090909 0.8380952380952381 0.1523809523809524 0.009523809523809525 0.6571428571428571 1087.4210457900035 22.223325955976385 110
0.9609375 0.0390625 0.0 0.959349593495935 0.04065040650406504 0.0 0.7398373983739838 1020.6948975707127 19.02185042719267 128
0.872 0.128 0.0 0.8666666666666667 0.13333333333333333 0.0 0.925 1073.2056220236616 20.949963151913522 125
0.9259259259259259 0.07407407407407407 0.0 0.9230769230769231 0.07692307692307693 0.0 0.6307692307692307 1087.0263656751747 19.058192897253615 135
0.8787878787878788 0.12121212121212122 0.0 0.8740157480314961 0.12598425196850394 0.0 0.6299212598425197 1053.3517879453807 19.481381368122406 132
0.9596774193548387 0.04032258064516129 0.0 0.957983193277311 0.04201680672268908 0.0 0.8235294117647058 1087.3915507408306 19.91968461359146 124
0.8959537572254336 0.10404624277456648 0.0 0.8928571428571429 0.10714285714285714 0.0 0.9583333333333334 1062.4361645385634 18.516144044639844 173
0.8823529411764706 0.10784313725490197 0.00980392156862745 0.8865979381443299 0.10309278350515463 0.010309278350515464 0.7731958762886598 1075.227681715006 21.559256206906152 102
0.925531914893617 0.07446808510638298 0.0 0.9213483146067416 0.07865168539325842 0.0 0.9775280898876404 1031.9701962076656 23.399039492392284 94
0.9333333333333333 0.06666666666666667 0.0 0.9294117647058824 0.07058823529411765 0.0 1.0 1042.1412173627057 25.161806009089787 90
0.944954128440367 0.05504587155963303 0.0 0.9423076923076923 0.057692307692307696 0.0 0.8942307692307693 1071.0306743547724 20.79280407453468 109
0.9166666666666666 0.08333333333333333 0.0 0.912621359223301 0.08737864077669903 0.0 0.883495145631068 1086.6993106313519 22.654837440396985 108
0.9928571428571429 0.007142857142857143 0.0 0.9925925925925926 0.007407407407407408 0.0 0.7777777777777778 1063.295114307456 19.87467760723073 140
0.945054945054945 0.054945054945054944 0.0 0.9418604651162791 0.05813953488372093 0.0 0.9767441860465116 993.5631174674278 22.11599528573086 91
0.9572649572649573 0.042735042735042736 0.0 0.9553571428571429 0.044642857142857144 0.0 0.8214285714285714 1086.381384886208 20.798374208705305 117
0.981651376146789 0.01834862385321101 0.0 0.9807692307692307 0.019230769230769232 0.0 0.8942307692307693 1057.8998986275838 21.95109254283515 109
0.9655172413793104 0.034482758620689655 0.0 0.963963963963964 0.036036036036036036 0.0 0.7387387387387387 1075.3572571450752 20.478241336337657 116
0.8833333333333333 0.11666666666666667 0.0 0.8782608695652174 0.12173913043478261 0.0 0.9739130434782609 1076.1479559417173 21.86684304925843 120
0.8943661971830986 0.1056338028169014 0.0 0.8905109489051095 0.10948905109489052 0.0 0.7737226277372263 1087.481935239946 20.276459377379513 142
0.8714285714285714 0.10714285714285714 0.02142857142857143 0.8666666666666667 0.1111111111111111 0.022222222222222223 0.8148148148148148 1053.291053263219 20.464947657679772 140
0.9469026548672567 0.05309734513274336 0.0 0.9444444444444444 0.05555555555555555 0.0 0.8518518518518519 1044.2498108607003 22.146643406340253 113
0.88 0.12 0.0 0.8736842105263158 0.12631578947368421 0.0 0.7578947368421053 1087.340942294076 20.535560623837714 100
0.8921568627450981 0.10784313725490197 0.0 0.8865979381443299 0.1134020618556701 0.0 1.0 1072.095636806053 22.685521887785296 102
0.971830985915493 0.028169014084507043 0.0 0.9708029197080292 0.029197080291970802 0.0 0.7445255474452555 1081.3948474331755 18.563237178485412 142
0.927007299270073 0.072992700729927 0.0 0.9242424242424242 0.07575757575757576 0.0 0.7954545454545454 1061.0495062682585 19.405385084022914 137
0.9285714285714286 0.07142857142857142 0.0 0.9256198347107438 0.0743801652892562 0.0 0.7768595041322314 1057.6593435652812 20.806499141988493 126
0.9343065693430657 0.06569343065693431 0.0 0.9318181818181818 0.06818181818181818 0.0 1.0 1086.3933955106254 21.878930172355634 137
0.9090909090909091 0.09090909090909091 0.0 0.9051724137931034 0.09482758620689655 0.0 0.7413793103448276 1079.3198456765579 21.288375056338804 121
0.907563025210084 0.09243697478991597 0.0 0.9035087719298246 0.09649122807017543 0.0 0.8508771929824561 1036.780434898446 19.7576483186481 119
0.9555555555555556 0.044444444444444446 0.0 0.9538461538461539 0.046153846153846156 0.0 0.8 1074.3309596739537 20.27187578423126 135
0.9532710280373832 0.04672897196261682 0.0 0.9607843137254902 0.0392156862745098 0.0 0.7941176470588235 1080.4032740518503 21.236608168121183 107
0.8928571428571429 0.10714285714285714 0.0 0.8878504672897196 0.11214953271028037 0.0 0.0 1060.8301884117313 18.41289164633789 112
0.9487179487179487 0.05128205128205128 0.0 0.9553571428571429 0.044642857142857144 0.0 0.7857142857142857 1086.6045211240678 19.98559112649808 117
0.9387755102040817 0.05102040816326531 0.01020408163265306 0.9354838709677419 0.053763440860215055 0.010752688172043012 0.9032258064516129 1063.6669354059836 22.672513018160334 98
0.9703703703703703 0.02962962962962963 0.0 0.9769230769230769 0.023076923076923078 0.0 0.8384615384615385 1081.8258845621783 19.60541640257433 135
0.8947368421052632 0.09473684210526316 0.010526315789473684 0.8888888888888888 0.1 0.011111111111111112 0.9111111111111111 1072.6250202255874 22.521322349222746 95
0.9217391304347826 0.0782608695652174 0.0 0.9181818181818182 0.08181818181818182 0.0 0.7909090909090909 1086.397401681266 21.76368765363595 115
0.9256198347107438 0.0743801652892562 0.0 0.9224137931034483 0.07758620689655173 0.0 0.7586206896551724 1087.192701692163 19.156134268932895 121
0.9690721649484536 0.030927835051546393 0.0 0.967391304347826 0.03260869565217391 0.0 1.0 1083.7152727621483 22.82221361634149 97
0.9716981132075472 0.02830188679245283 0.0 0.9702970297029703 0.0297029702970297 0.0 0.8712871287128713 1045.8905532239376 22.13363906945226 106
0.9407894736842105 0.05921052631578947 0.0 0.9387755102040817 0.061224489795918366 0.0 0.7142857142857143 1086.3835121880118 20.384594126212807 152
0.9662162162162162 0.033783783783783786 0.0 0.972027972027972 0.027972027972027972 0.0 0.8881118881118881 1034.631410208663 19.60181915247906 148
0.910828025477707 0.08917197452229299 0.0 0.9078947368421053 0.09210526315789473 0.0 0.7894736842105263 1070.8010578112405 20.77687489168759 157
0.9570552147239264 0.04294478527607362 0.0 0.9556962025316456 0.04430379746835443 0.0 0.6962025316455697 1087.333225451309 19.36382790020715 163
0.8585858585858586 0.1414141414141414 0.0 0.851063829787234 0.14893617021276595 0.0 0.6914893617021277 1065.0420241625618 21.908521161821792 99
0.923469387755102 0.07653061224489796 0.0 0.9267015706806283 0.07329842931937172 0.0 0.7905759162303665 1087.3643758014355 18.637974415555277 196
0.8943089430894309 0.10569105691056911 0.0 0.8898305084745762 0.11016949152542373 0.0 0.7796610169491526 1051.0647583226382 21.041186873001102 123
0.9035087719298246 0.09649122807017543 0.0 0.8990825688073395 0.10091743119266056 0.0 0.8623853211009175 1062.3462631407642 21.806472703747694 114
0.9444444444444444 0.046296296296296294 0.009259259259259259 0.941747572815534 0.04854368932038835 0.009708737864077669 0.8349514563106796 1072.9705741236107 20.64679341708834 108
0.8764044943820225 0.11235955056179775 0.011235955056179775 0.8690476190476191 0.11904761904761904 0.011904761904761904 0.8333333333333334 1078.3181724079593 22.726310186812913 89
0.9848484848484849 0.015151515151515152 0.0 0.984251968503937 0.015748031496062992 0.0 0.8740157480314961 1082.1512915767396 19.38351053042719 132
0.9051094890510949 0.0948905109489051 0.0 0.9015151515151515 0.09848484848484848 0.0 0.8106060606060606 1008.411645048465 19.59777255523952 137
0.9461538461538461 0.05384615384615385 0.0 0.944 0.056 0.0 0.824 1084.7292368852911 21.193306898749952 130
0.9396551724137931 0.0603448275862069 0.0 0.9369369369369369 0.06306306306306306 0.0 0.9009009009009009 1058.7485899380406 21.935940461374766 116
0.8283582089552238 0.11940298507462686 0.05223880597014925 0.8217054263565892 0.12403100775193798 0.05426356589147287 0.8062015503875969 1038.7123281145653 20.1719973956513 134
0.8943089430894309 0.10569105691056911 0.0 0.8898305084745762 0.11016949152542373 0.0 0.7711864406779662 1087.3519752722357 20.550448313906085 123
0.9538461538461539 0.046153846153846156 0.0 0.952 0.048 0.0 0.888 1002.5499906468337 19.735368022070855 130
0.9083969465648855 0.0916030534351145 0.0 0.9047619047619048 0.09523809523809523 0.0 0.9761904761904762 1085.7190892188692 20.981143975314993 131
0.9663865546218487 0.03361344537815126 0.0 0.9649122807017544 0.03508771929824561 0.0 0.8421052631578947 1087.2475403966296 20.666087329205673 119
0.8983050847457628 0.1016949152542373 0.0 0.8938053097345132 0.10619469026548672 0.0 0.7433628318584071 1068.1360293071396 20.406771865132473 118
0.930379746835443 0.06962025316455696 0.0 0.9281045751633987 0.0718954248366013 0.0 0.6666666666666666 1039.2058340096044 19.229643161756897 158
0.8333333333333334 0.15942028985507245 0.007246376811594203 0.8270676691729323 0.16541353383458646 0.007518796992481203 0.9172932330827067 1007.6331339918263 19.072416482762026 138
0.967741935483871 0.03225806451612903 0.0 0.9666666666666667 0.03333333333333333 0.0 0.7333333333333333 1056.4872620755366 18.369054160896315 155
0.8653846153846154 0.1346153846153846 0.0 0.8609271523178808 0.1390728476821192 0.0 0.8344370860927153 1043.3233321640096 19.22487102393456 156
0.981651376146789 0.01834862385321101 0.0 0.9807692307692307 0.019230769230769232 0.0 0.8942307692307693 1074.2650753449695 22.657524756659665 109
0.9347826086956522 0.06521739130434782 0.0 0.9310344827586207 0.06896551724137931 0.0 0.896551724137931 1079.6810517943177 22.506723960659706 92
0.9210526315789473 0.07894736842105263 0.0 0.9174311926605505 0.08256880733944955 0.0 0.7981651376146789 1080.6331205738463 21.710846615575896 114
0.8793103448275862 0.1206896551724138 0.0 0.8738738738738738 0.12612612612612611 0.0 0.8288288288288288 1017.7556636178037 22.194262759536297 116
0.9636363636363636 0.03636363636363636 0.0 0.9619047619047619 0.0380952380952381 0.0 0.9142857142857143 1015.0132758706458 20.662056175615632 110
0.8785046728971962 0.12149532710280374 0.0 0.8725490196078431 0.12745098039215685 0.0 0.8529411764705882 1067.4709620534952 20.846436368385366 107
0.935251798561151 0.06474820143884892 0.0 0.9402985074626866 0.05970149253731343 0.0 0.7238805970149254 1087.1524870907954 18.58768332239594 139
0.9037037037037037 0.0962962962962963 0.0 0.9 0.1 0.0 1.0 1076.7671877328257 21.27825780009226 135
0.937007874015748 0.06299212598425197 0.0 0.9344262295081968 0.06557377049180328 0.0 0.8278688524590164 1074.1508148039054 20.075184243357576 127
0.9632352941176471 0.03676470588235294 0.0 0.9618320610687023 0.03816793893129771 0.0 0.816793893129771 1081.9863940309945 19.76279695530823 136
0.8629032258064516 0.0967741935483871 0.04032258064516129 0.8571428571428571 0.10084033613445378 0.04201680672268908 0.9915966386554622 1034.099053635256 21.056482542476612 124
0.904 0.096 0.0 0.9 0.1 0.0 0.6666666666666666 1042.8435661068913 20.476687711949886 125
0.98 0.02 0.0 0.9789473684210527 0.021052631578947368 0.0 0.7473684210526316 1068.9445874302073 20.236122893174564 100
0.89171974522293 0.10828025477707007 0.0 0.8881578947368421 0.1118421052631579 0.0 0.7302631578947368 1086.2348261593313 19.297729005012876 157
0.9333333333333333 0.06666666666666667 0.0 0.9294117647058824 0.07058823529411765 0.0 0.9882352941176471 1038.054610994208 24.11546584991327 90
0.9354838709677419 0.06451612903225806 0.0 0.9327731092436975 0.06722689075630252 0.0 0.6890756302521008 1087.4276073885114 19.898811786034273 124
0.9833333333333333 0.016666666666666666 0.0 0.9826086956521739 0.017391304347826087 0.0 0.8782608695652174 1014.2105249632197 20.593967453504856 120
0.9032258064516129 0.0967741935483871 0.0 0.8991596638655462 0.10084033613445378 0.0 0.865546218487395 1086.4386389031572 21.17319882917964 124
0.9847328244274809 0.015267175572519083 0.0 0.9841269841269841 0.015873015873015872 0.0 0.7857142857142857 1064.9462299752786 20.022323253321886 131
0.92 0.08 0.0 0.9172413793103448 0.08275862068965517 0.0 0.8068965517241379 1083.137808895315 19.766891272853805 150
0.9043478260869565 0.09565217391304348 0.0 0.9 0.1 0.0 0.7909090909090909 1083.6940680012247 21.641041534100506 115
0.9111111111111111 0.08888888888888889 0.0 0.9076923076923077 0.09230769230769231 0.0 0.8 1086.3837326998819 20.279173549991803 135
0.905511811023622 0.09448818897637795 0.0 0.9016393442622951 0.09836065573770492 0.0 0.7950819672131147 1086.6470709081127 19.27963702141416 127
0.9339622641509434 0.0660377358490566 0.0 0.9306930693069307 0.06930693069306931 0.0 0.8514851485148515 1064.9192320191055 20.366073885035036 106
0.9217391304347826 0.0782608695652174 0.0 0.9181818181818182 0.08181818181818182 0.0 0.7545454545454545 1044.3331675113598 20.476297640719338 115
0.8582089552238806 0.1417910447761194 0.0 0.8604651162790697 0.13953488372093023 0.0 0.8682170542635659 1025.8482040895592 20.22627666300623 134
0.8538461538461538 0.13076923076923078 0.015384615384615385 0.856 0.136 0.008 0.8 1040.8474718855016 19.856496160354375 130
0.9464285714285714 0.05357142857142857 0.0 0.9439252336448598 0.056074766355140186 0.0 1.0 1046.6716022569121 22.985607817894287 112
0.9916666666666667 0.008333333333333333 0.0 0.991304347826087 0.008695652173913044 0.0 0.8260869565217391 1086.0057621954834 21.11079898037311 120
0.8961748633879781 0.09836065573770492 0.00546448087431694 0.8932584269662921 0.10112359550561797 0.0056179775280898875 0.797752808988764 1086.793306605536 19.175370696637522 183
0.874251497005988 0.12574850299401197 0.0 0.8765432098765432 0.12345679012345678 0.0 0.7160493827160493 1087.3807292288575 18.929001147361827 167
0.98 0.02 0.0 0.9793103448275862 0.020689655172413793 0.0 0.7655172413793103 1087.4484388050744 19.567849376093367 150
0.959349593495935 0.032520325203252036 0.008130081300813009 0.9576271186440678 0.03389830508474576 0.00847457627118644 0.9661016949152542 1071.8846156712127 21.588313643957562 123
0.8488372093023255 0.1511627906976744 0.0 0.8502994011976048 0.1497005988023952 0.0 0.718562874251497 1087.432038251672 18.927372116274444 172
0.9545454545454546 0.045454545454545456 0.0 0.952755905511811 0.047244094488188976 0.0 0.984251968503937 1061.8750215256368 19.54480534352856 132
0.9602272727272727 0.03977272727272727 0.0 0.9590643274853801 0.04093567251461988 0.0 0.9005847953216374 1002.0740280108638 18.223553752308234 176
0.9833333333333333 0.016666666666666666 0.0 0.9826086956521739 0.017391304347826087 0.0 0.8347826086956521 1021.945956910867 20.478650738689264 120
0.860655737704918 0.12295081967213115 0.01639344262295082 0.8547008547008547 0.1282051282051282 0.017094017094017096 0.7777777777777778 1052.0572664407593 22.03502820095347 122
0.8673469387755102 0.1326530612244898 0.0 0.8602150537634409 0.13978494623655913 0.0 0.978494623655914 1077.267719936141 21.61544533021741 98
0.9621212121212122 0.03787878787878788 0.0 0.9606299212598425 0.03937007874015748 0.0 0.7086614173228346 1087.3678537156584 19.244770817568657 132
0.9469026548672567 0.05309734513274336 0.0 0.9444444444444444 0.05555555555555555 0.0 0.8240740740740741 1080.817429341491 20.552774778860016 113
0.9705882352941176 0.029411764705882353 0.0 0.9690721649484536 0.030927835051546393 0.0 0.865979381443299 1046.172991751058 20.42964692555244 102
0.9466666666666667 0.04666666666666667 0.006666666666666667 0.9517241379310345 0.041379310344827586 0.006896551724137931 0.7586206896551724 1052.3767412972236 19.58240736333851 150
0.9243697478991597 0.06722689075630252 0.008403361344537815 0.9210526315789473 0.07017543859649122 0.008771929824561403 0.9824561403508771 1054.2820983471645 21.834265494042736 119
0.9137931034482759 0.08620689655172414 0.0 0.9099099099099099 0.09009009009009009 0.0 0.954954954954955 1050.8294731481926 22.830003624379867 116
0.9047619047619048 0.09523809523809523 0.0 0.9 0.1 0.0 1.0 1014.8460474439818 24.100736106819667 105
0.9736842105263158 0.02631578947368421 0.0 0.9727891156462585 0.027210884353741496 0.0 0.7482993197278912 1048.1244056150672 19.318625256852187 152
0.9411764705882353 0.058823529411764705 0.0 0.9385964912280702 0.06140350877192982 0.0 0.6228070175438597 882.9713962603702 18.238048250231245 119
0.94 0.06 0.0 0.9368421052631579 0.06315789473684211 0.0 0.9894736842105263 1043.4373530464986 24.551905677611032 100
0.9583333333333334 0.041666666666666664 0.0 0.9652173913043478 0.034782608695652174 0.0 0.9391304347826087 1080.7598967165613 19.723832130859112 120
0.9736842105263158 0.02631578947368421 0.0 0.981651376146789 0.01834862385321101 0.0 0.7339449541284404 1020.6488419290146 19.82751429687901 114
0.956989247311828 0.043010752688172046 0.0 0.9545454545454546 0.045454545454545456 0.0 0.8636363636363636 1053.8891742876772 21.852887318005585 93
0.911504424778761 0.08849557522123894 0.0 0.9074074074074074 0.09259259259259259 0.0 0.7592592592592593 1074.8322588191795 22.625149684047344 113
0.9217391304347826 0.06956521739130435 0.008695652173913044 0.9181818181818182 0.07272727272727272 0.00909090909090909 0.8 1064.8835410582603 21.679439285699814 115
0.9186991869918699 0.08130081300813008 0.0 0.923728813559322 0.07627118644067797 0.0 0.8728813559322034 1073.670466965861 21.834236114159445 123
0.8881578947368421 0.1118421052631579 0.0 0.8843537414965986 0.11564625850340136 0.0 0.9251700680272109 1045.323300763127 21.10953290262233 152
0.9787234042553191 0.02127659574468085 0.0 0.9775280898876404 0.02247191011235955 0.0 0.8426966292134831 1087.355001677625 21.152690132704464 94
0.9357798165137615 0.06422018348623854 0.0 0.9326923076923077 0.0673076923076923 0.0 0.7884615384615384 1037.637660287109 19.831353767077918 109
0.9213483146067416 0.07865168539325842 0.0 0.9190751445086706 0.08092485549132948 0.0 0.6184971098265896 1051.488817619756 18.69386452246675 178
0.9186991869918699 0.08130081300813008 0.0 0.9152542372881356 0.0847457627118644 0.0 0.8813559322033898 1065.8004598678788 20.78938793912321 123
0.9841269841269841 0.015873015873015872 0.0 0.9834710743801653 0.01652892561983471 0.0 0.8099173553719008 1031.6372571001039 19.35076376589465 126
0.9666666666666667 0.03333333333333333 0.0 0.9652173913043478 0.034782608695652174 0.0 0.6 1050.239173609444 21.097391921892502 120
1.0 0.0 0.0 1.0 0.0 0.0 0.8481012658227848 1048.6822874823984 20.733550745932643 84
0.9280575539568345 0.07194244604316546 0.0 0.9328358208955224 0.06716417910447761 0.0 0.7611940298507462 1087.4078531777968 18.778193116435485 139
0.7777777777777778 0.16296296296296298 0.05925925925925926 0.7692307692307693 0.16923076923076924 0.06153846153846154 0.9307692307692308 1048.9263313041497 20.04012188405771 135
0.8787878787878788 0.11363636363636363 0.007575757575757576 0.8740157480314961 0.11811023622047244 0.007874015748031496 0.6850393700787402 1058.1816259925172 19.884885992301147 132
0.946969696969697 0.05303030303030303 0.0 0.9448818897637795 0.05511811023622047 0.0 0.7952755905511811 1067.380339383885 19.978070304492103 132
0.9777777777777777 0.022222222222222223 0.0 0.9846153846153847 0.015384615384615385 0.0 0.8 1077.7142761626053 20.19228163221374 135
0.7441860465116279 0.16279069767441862 0.09302325581395349 0.7338709677419355 0.1693548387096774 0.0967741935483871 0.9354838709677419 1051.2219967917085 19.14743436130781 129
0.953125 0.046875 0.0 0.9512195121951219 0.04878048780487805 0.0 0.7642276422764228 1087.3961941738737 19.304581315617494 128
0.9829059829059829 0.017094017094017096 0.0 0.9821428571428571 0.017857142857142856 0.0 0.7767857142857143 1032.4095930019505 20.203499559569842 117
0.9777777777777777 0.022222222222222223 0.0 0.9769230769230769 0.023076923076923078 0.0 1.0 1080.8343171303181 20.96118541568276 135
0.9420289855072463 0.057971014492753624 0.0 0.9398496240601504 0.06015037593984962 0.0 0.7593984962406015 1078.7190391636166 19.665901024492683 138
0.7265625 0.203125 0.0703125 0.7154471544715447 0.21138211382113822 0.07317073170731707 0.983739837398374 1054.825988658874 21.53785640602864 128
0.9739130434782609 0.02608695652173913 0.0 0.9727272727272728 0.02727272727272727 0.0 0.9818181818181818 1082.684572852933 20.00795248284713 115
0.9596774193548387 0.04032258064516129 0.0 0.957983193277311 0.04201680672268908 0.0 0.907563025210084 1059.7146729568044 20.81187686016488 124
0.9090909090909091 0.09090909090909091 0.0 0.9042553191489362 0.09574468085106383 0.0 0.5212765957446809 989.9373354032948 21.758510979115762 99
0.9646017699115044 0.035398230088495575 0.0 0.9722222222222222 0.027777777777777776 0.0 0.7314814814814815 1085.2319280268187 19.393117738112515 113
0.8924731182795699 0.0967741935483871 0.010752688172043012 0.8863636363636364 0.10227272727272728 0.011363636363636364 0.7613636363636364 1014.9118379198181 20.255707942849796 93
0.9296875 0.0703125 0.0 0.9349593495934959 0.06504065040650407 0.0 0.8943089430894309 1058.0888311504557 21.104675789974635 128
0.8148148148148148 0.16666666666666666 0.018518518518518517 0.8058252427184466 0.17475728155339806 0.019417475728155338 0.6990291262135923 1087.4641116820767 19.53198159169264 108
0.8220338983050848 0.1440677966101695 0.03389830508474576 0.8230088495575221 0.1415929203539823 0.035398230088495575 0.7699115044247787 1065.304690540915 21.49424160723564 118
0.9379310344827586 0.06206896551724138 0.0 0.9357142857142857 0.06428571428571428 0.0 0.8142857142857143 1078.59767575488 19.68777964835941 145
0.9402985074626866 0.05970149253731343 0.0 0.937984496124031 0.06201550387596899 0.0 0.7829457364341085 1012.142299831377 19.925820193587327 134
0.963302752293578 0.03669724770642202 0.0 0.9615384615384616 0.038461538461538464 0.0 0.9903846153846154 1026.011925021106 20.98637248243306 109
0.9166666666666666 0.08333333333333333 0.0 0.9130434782608695 0.08695652173913043 0.0 0.782608695652174 1080.7424979187226 22.407355840968908 120
0.95 0.05 0.0 0.9478260869565217 0.05217391304347826 0.0 0.8347826086956521 1015.5059495324849 20.00551776761412 120
0.8870967741935484 0.11290322580645161 0.0 0.8839779005524862 0.11602209944751381 0.0 0.7292817679558011 1054.4772672855854 17.274972152092566 186
0.9517241379310345 0.04827586206896552 0.0 0.95 0.05 0.0 0.8571428571428571 1057.0584854861158 20.29414119722603 145
0.9574468085106383 0.0425531914893617 0.0 0.9550561797752809 0.0449438202247191 0.0 0.9213483146067416 1045.2066897792017 22.23948582520739 94
0.9459459459459459 0.05405405405405406 0.0 0.9433962264150944 0.05660377358490566 0.0 0.8867924528301887 1010.0304530890384 20.099303168059116 111
0.9285714285714286 0.07142857142857142 0.0 0.9252336448598131 0.07476635514018691 0.0 0.8878504672897196 1049.6773388112306 21.589979337361136 112
0.9180327868852459 0.08196721311475409 0.0 0.9145299145299145 0.08547008547008547 0.0 0.7863247863247863 1086.3179797817968 21.300241362140426 122
0.9090909090909091 0.09090909090909091 0.0 0.9057971014492754 0.09420289855072464 0.0 0.8043478260869565 1086.8502490616265 20.211498359161155 143
0.8796992481203008 0.12030075187969924 0.0 0.8828125 0.1171875 0.0 0.640625 1087.3460624701831 19.738907053949582 133
0.9797297297297297 0.02027027027027027 0.0 0.9790209790209791 0.02097902097902098 0.0 0.8671328671328671 1018.5067710774842 18.812400137568677 148
0.9516129032258065 0.04838709677419355 0.0 0.9495798319327731 0.05042016806722689 0.0 0.8823529411764706 1087.0787813153736 20.43766455448311 124
0.956989247311828 0.043010752688172046 0.0 0.9545454545454546 0.045454545454545456 0.0 0.9545454545454546 1062.4863163981547 23.39074255461471 93
0.916030534351145 0.08396946564885496 0.0 0.9126984126984127 0.0873015873015873 0.0 0.8412698412698413 1086.1635953462726 20.45777550896176 131
0.9629629629629629 0.037037037037037035 0.0 0.9611650485436893 0.038834951456310676 0.0 0.7281553398058253 1084.2154069738 20.622509131676335 108
0.9014084507042254 0.09859154929577464 0.0 0.8978102189781022 0.10218978102189781 0.0 0.8248175182481752 1087.2878833862303 19.821319953761677 142
0.9517241379310345 0.04827586206896552 0.0 0.95 0.05 0.0 0.9071428571428571 1085.957601410603 19.1099491235991 145
0.8307692307692308 0.13846153846153847 0.03076923076923077 0.824 0.144 0.032 1.0 1057.9423340541607 21.64109667238612 130
0.923728813559322 0.07627118644067797 0.0 0.9203539823008849 0.07964601769911504 0.0 0.5929203539823009 1087.4574327484584 19.835368059683603 118
