0.9473684210526315 0.05263157894736842 0.0 0.9453125 0.0546875 0.0 0.734375 1087.204067506575 19.512853149907947 133
0.9090909090909091 0.06060606060606061 0.030303030303030304 0.905511811023622 0.06299212598425197 0.031496062992125984 0.9133858267716536 1067.88795177756 20.84091384574295 132
0.926605504587156 0.07339449541284404 0.0 0.9230769230769231 0.07692307692307693 0.0 0.7884615384615384 1086.7195867300893 19.8242229180204 109
0.8986486486486487 0.10135135135135136 0.0 0.8951048951048951 0.1048951048951049 0.0 0.8951048951048951 1081.9236492532098 19.688239830597617 148
0.967479674796748 0.032520325203252036 0.0 0.9745762711864406 0.025423728813559324 0.0 0.7288135593220338 1049.6021515211512 20.768654523939066 123
0.9741379310344828 0.02586206896551724 0.0 0.972972972972973 0.02702702702702703 0.0 0.7027027027027027 1073.8121819800508 20.5622625042932 116
0.8876404494382022 0.11235955056179775 0.0 0.884393063583815 0.11560693641618497 0.0 0.5953757225433526 1052.7115010116243 17.83185112404391 178
0.9618320610687023 0.03816793893129771 0.0 0.9603174603174603 0.03968253968253968 0.0 0.8809523809523809 1017.1485282399971 19.488569315308112 131
0.875 0.125 0.0 0.8695652173913043 0.13043478260869565 0.0 0.7565217391304347 1068.987405328563 21.22615995292747 120
0.8037383177570093 0.19626168224299065 0.0 0.803921568627451 0.19607843137254902 0.0 0.6862745098039216 982.0864468479476 20.6165369681455 107
0.9384615384615385 0.05384615384615385 0.007692307692307693 0.936 0.056 0.008 0.936 1046.7616056251684 20.051184227177714 130
0.957983193277311 0.04201680672268908 0.0 0.956140350877193 0.043859649122807015 0.0 0.8157894736842105 1062.9002570694652 21.51555382084185 119
0.9203539823008849 0.07079646017699115 0.008849557522123894 0.9166666666666666 0.07407407407407407 0.009259259259259259 0.7129629629629629 1087.2954302547973 20.423086122467616 113
0.8706896551724138 0.11206896551724138 0.017241379310344827 0.8648648648648649 0.11711711711711711 0.018018018018018018 0.7117117117117117 1087.2625800140852 21.16511789049697 116
0.9854014598540146 0.014598540145985401 0.0 0.9848484848484849 0.015151515151515152 0.0 0.9090909090909091 1049.7115541727271 19.11922510829108 137
0.8571428571428571 0.13333333333333333 0.009523809523809525 0.87 0.13 0.0 0.7 1086.308536265152 20.73473915683782 105
0.9407894736842105 0.05921052631578947 0.0 0.9387755102040817 0.061224489795918366 0.0 0.7210884353741497 1077.1462470251638 18.830139079245846 152
0.8472222222222222 0.1527777777777778 0.0 0.8489208633093526 0.1510791366906475 0.0 0.7410071942446043 1084.6094778702732 18.869693809607547 144
0.9722222222222222 0.027777777777777776 0.0 0.970873786407767 0.02912621359223301 0.0 0.9611650485436893 1015.2017362973979 21.530641330912335 108
0.9900990099009901 0.009900990099009901 0.0 0.9895833333333334 0.010416666666666666 0.0 0.7916666666666666 1087.4139309998582 22.32948323420029 101
0.9514563106796117 0.04854368932038835 0.0 0.9489795918367347 0.05102040816326531 0.0 0.7448979591836735 1068.700443258101 21.358239365549682 103
0.8951048951048951 0.1048951048951049 0.0 0.8913043478260869 0.10869565217391304 0.0 0.7028985507246377 1085.0903556929145 20.69731307153726 143
0.9901960784313726 0.00980392156862745 0.0 0.9896907216494846 0.010309278350515464 0.0 0.5567010309278351 1072.756756938025 20.108818640627117 102
0.9292035398230089 0.07079646017699115 0.0 0.9259259259259259 0.07407407407407407 0.0 0.9629629629629629 1058.8731321067798 22.50508366580999 113
0.9587628865979382 0.041237113402061855 0.0 0.967391304347826 0.03260869565217391 0.0 0.9456521739130435 1016.3246034988293 20.060003954453016 97
0.9508196721311475 0.04918032786885246 0.0 0.9487179487179487 0.05128205128205128 0.0 0.8290598290598291 1072.1832869275686 21.11799504901578 122
0.9365079365079365 0.06349206349206349 0.0 0.9338842975206612 0.06611570247933884 0.0 0.768595041322314 1087.4848737632353 20.375034559091944 126
0.9663865546218487 0.03361344537815126 0.0 0.9649122807017544 0.03508771929824561 0.0 0.7543859649122807 1087.302766618304 19.460590411644546 119
0.9117647058823529 0.08823529411764706 0.0 0.9083969465648855 0.0916030534351145 0.0 0.9770992366412213 1080.6993622132547 21.05832135482401 136
0.9365079365079365 0.06349206349206349 0.0 0.9421487603305785 0.05785123966942149 0.0 0.859504132231405 1080.4097170989353 20.145134947521058 126
1.0 0.0 0.0 1.0 0.0 0.0 0.7610619469026548 1044.381793513273 19.67097455674977 118
0.9383561643835616 0.06164383561643835 0.0 0.9361702127659575 0.06382978723404255 0.0 0.7304964539007093 1087.0388946882586 19.35646642225477 146
0.8195488721804511 0.16541353383458646 0.015037593984962405 0.8125 0.171875 0.015625 0.6171875 1051.7413305273142 19.83617017258869 133
0.9813084112149533 0.018691588785046728 0.0 0.9803921568627451 0.0196078431372549 0.0 0.9411764705882353 1059.5659196981414 20.896742516529518 107
0.975 0.025 0.0 0.9739130434782609 0.02608695652173913 0.0 0.6782608695652174 1073.2126213597614 19.51709391130647 120
0.9152542372881356 0.0847457627118644 0.0 0.911504424778761 0.08849557522123894 0.0 0.672566371681416 1056.2068276352184 20.516388469778086 118
0.9507042253521126 0.04929577464788732 0.0 0.948905109489051 0.051094890510948905 0.0 0.7153284671532847 1081.1524916897042 20.434522455742744 142
0.9905660377358491 0.009433962264150943 0.0 0.9900990099009901 0.009900990099009901 0.0 0.7524752475247525 1070.9958471256323 21.611064810194904 106
0.9603174603174603 0.03968253968253968 0.0 0.9586776859504132 0.04132231404958678 0.0 0.8429752066115702 1076.8539467358928 19.863205203532736 126
0.835820895522388 0.15671641791044777 0.007462686567164179 0.8294573643410853 0.16279069767441862 0.007751937984496124 0.7131782945736435 1061.5352435524953 20.859374376023553 134
0.959349593495935 0.04065040650406504 0.0 0.9576271186440678 0.0423728813559322 0.0 0.7796610169491526 1083.7723074511039 21.497399781124674 123
0.9259259259259259 0.07407407407407407 0.0 0.9230769230769231 0.07692307692307693 0.0 0.8384615384615385 1008.0902819463197 19.031419470942993 135
0.9846153846153847 0.015384615384615385 0.0 0.984 0.016 0.0 0.648 1064.6253124558443 19.398503505329863 130
0.96875 0.03125 0.0 0.967479674796748 0.032520325203252036 0.0 0.8048780487804879 1043.1041916478725 20.85192078601511 128
0.9649122807017544 0.03508771929824561 0.0 0.963302752293578 0.03669724770642202 0.0 0.9724770642201835 1069.9662092561646 21.827757336317067 114
0.9764705882352941 0.023529411764705882 0.0 0.9757575757575757 0.024242424242424242 0.0 0.006060606060606061 1004.5955697904038 17.953766949752048 170
0.9183673469387755 0.08163265306122448 0.0 0.9354838709677419 0.06451612903225806 0.0 0.7311827956989247 988.5270535099348 19.792282725435715 98
0.9512195121951219 0.04878048780487805 0.0 0.961038961038961 0.03896103896103896 0.0 0.7142857142857143 1087.084046115958 20.08822552118652 82
0.9593023255813954 0.040697674418604654 0.0 0.9580838323353293 0.041916167664670656 0.0 0.7425149700598802 1087.3979084798664 19.411952688975695 172
0.9387755102040817 0.061224489795918366 0.0 0.9366197183098591 0.06338028169014084 0.0 0.7464788732394366 1072.8392560823504 19.17297676539026 147
0.9262295081967213 0.07377049180327869 0.0 0.9230769230769231 0.07692307692307693 0.0 0.6837606837606838 1058.8337677959971 21.15716790031424 122
0.9029126213592233 0.0970873786407767 0.0 0.8979591836734694 0.10204081632653061 0.0 0.6530612244897959 1072.20562888453 20.605708441321024 103
0.9078947368421053 0.09210526315789473 0.0 0.9047619047619048 0.09523809523809523 0.0 0.7755102040816326 1081.3966513458934 18.42107119611128 152
0.8907563025210085 0.1092436974789916 0.0 0.8859649122807017 0.11403508771929824 0.0 0.956140350877193 1084.2260685249319 20.977583744439475 119
0.9642857142857143 0.03571428571428571 0.0 0.9626168224299065 0.037383177570093455 0.0 0.9532710280373832 1047.9052914115466 20.868779453260633 112
0.9897959183673469 0.01020408163265306 0.0 0.989247311827957 0.010752688172043012 0.0 0.989247311827957 1073.0768023500766 21.19826213917553 98
0.9476744186046512 0.05232558139534884 0.0 0.9461077844311377 0.05389221556886228 0.0 0.7365269461077845 1085.3868043301345 19.187067040703973 172
0.8870967741935484 0.11290322580645161 0.0 0.8823529411764706 0.11764705882352941 0.0 0.9831932773109243 1035.9153417657049 20.349055835718612 124
0.9922480620155039 0.007751937984496124 0.0 0.9919354838709677 0.008064516129032258 0.0 0.8790322580645161 990.0679335819826 19.30440747534596 129
0.943089430894309 0.056910569105691054 0.0 0.940677966101695 0.059322033898305086 0.0 0.9491525423728814 1069.1391110597983 19.916977275623722 123
0.9758064516129032 0.024193548387096774 0.0 0.9747899159663865 0.025210084033613446 0.0 0.6890756302521008 1022.1769570118305 19.700057594635407 124
0.8803418803418803 0.09401709401709402 0.02564102564102564 0.875 0.09821428571428571 0.026785714285714284 0.9732142857142857 1048.9236513471085 19.652838373616422 117
0.9655172413793104 0.034482758620689655 0.0 0.963963963963964 0.036036036036036036 0.0 0.8378378378378378 1081.1122060087162 19.389527886544453 116
0.968 0.032 0.0 0.9666666666666667 0.03333333333333333 0.0 1.0 1085.2504282095858 21.063321893713347 125
0.9174311926605505 0.08256880733944955 0.0 0.9134615384615384 0.08653846153846154 0.0 0.7788461538461539 1060.544353160003 21.159539015299064 109
0.8613138686131386 0.13138686131386862 0.0072992700729927005 0.8560606060606061 0.13636363636363635 0.007575757575757576 0.9924242424242424 1018.3932089647549 18.747791097633463 137
0.9754098360655737 0.02459016393442623 0.0 0.9743589743589743 0.02564102564102564 0.0 0.7350427350427351 1087.258422754553 18.843686746280127 122
0.9185185185185185 0.044444444444444446 0.037037037037037035 0.9153846153846154 0.046153846153846156 0.038461538461538464 0.9384615384615385 1070.6474079194045 20.677387924533935 135
0.9504950495049505 0.039603960396039604 0.009900990099009901 0.9479166666666666 0.041666666666666664 0.010416666666666666 0.8020833333333334 1079.535588203787 21.467066895606436 101
0.9568965517241379 0.034482758620689655 0.008620689655172414 0.954954954954955 0.036036036036036036 0.009009009009009009 0.954954954954955 1017.9293497105131 21.64345412546046 116
0.968421052631579 0.031578947368421054 0.0 0.9777777777777777 0.022222222222222223 0.0 0.9 1055.3744809507375 22.15938093302522 95
0.9810126582278481 0.0189873417721519 0.0 0.9803921568627451 0.0196078431372549 0.0 0.8104575163398693 1069.5992338152241 19.05897549672172 158
0.9285714285714286 0.07142857142857142 0.0 0.9252336448598131 0.07476635514018691 0.0 0.8317757009345794 1087.4155649120962 20.15736600576793 112
0.9586776859504132 0.04132231404958678 0.0 0.9568965517241379 0.04310344827586207 0.0 0.8879310344827587 1079.6022724666243 21.740332838378905 121
0.9382716049382716 0.06172839506172839 0.0 0.9342105263157895 0.06578947368421052 0.0 0.9210526315789473 1079.584368044069 23.030303104004993 81
0.953125 0.046875 0.0 0.9512195121951219 0.04878048780487805 0.0 0.8373983739837398 1083.704313638141 21.089968033766166 128
0.9850746268656716 0.014925373134328358 0.0 0.9844961240310077 0.015503875968992248 0.0 0.9922480620155039 1074.0485179690434 20.906522225818346 134
0.8961038961038961 0.1038961038961039 0.0 0.8926174496644296 0.10738255033557047 0.0 0.5637583892617449 1070.8657930774827 19.652165317814713 154
0.9841269841269841 0.015873015873015872 0.0 0.9834710743801653 0.01652892561983471 0.0 0.9586776859504132 969.042738899497 19.126719451060982 126
1.0 0.0 0.0 1.0 0.0 0.0 1.0 870.3353304167979 22.37749238731592 60
0.9098360655737705 0.09016393442622951 0.0 0.905982905982906 0.09401709401709402 0.0 0.9401709401709402 1079.1206420560286 20.208756923593207 122
0.9166666666666666 0.08333333333333333 0.0 0.9133858267716536 0.08661417322834646 0.0 1.0 1082.1302647969321 21.478695769005302 132
0.9459459459459459 0.05405405405405406 0.0 0.9440559440559441 0.055944055944055944 0.0 0.8461538461538461 1078.9118404433393 19.297382790997286 148
0.9612403100775194 0.03875968992248062 0.0 0.9596774193548387 0.04032258064516129 0.0 0.8709677419354839 1045.206305003303 19.709774560666112 129
0.9931506849315068 0.00684931506849315 0.0 0.9929078014184397 0.0070921985815602835 0.0 0.0 1042.5622075782 18.63456516869708 146
0.9173553719008265 0.08264462809917356 0.0 0.9137931034482759 0.08620689655172414 0.0 0.5431034482758621 1005.0369830929405 19.397975724146644 121
0.9553571428571429 0.044642857142857144 0.0 0.9532710280373832 0.04672897196261682 0.0 0.794392523364486 1087.225298668273 21.277571654801505 112
0.9629629629629629 0.037037037037037035 0.0 0.9611650485436893 0.038834951456310676 0.0 0.8058252427184466 1028.9049744023928 21.56462469715862 108
1.0 0.0 0.0 1.0 0.0 0.0 0.8412698412698413 1060.6982463471868 19.26555595980442 131
0.8823529411764706 0.11764705882352941 0.0 0.8778625954198473 0.12213740458015267 0.0 0.8854961832061069 1078.4981676324994 19.492459231154857 136
0.9142857142857143 0.08571428571428572 0.0 0.92 0.08 0.0 0.65 1009.572642891646 20.397060489085597 105
0.9759036144578314 0.024096385542168676 0.0 0.9743589743589743 0.02564102564102564 0.0 0.7692307692307693 988.190002322535 21.273139160468563 83
0.9668874172185431 0.026490066225165563 0.006622516556291391 0.9657534246575342 0.0273972602739726 0.00684931506849315 0.7945205479452054 1048.9996329492797 19.83236941420942 151
0.9338842975206612 0.06611570247933884 0.0 0.9310344827586207 0.06896551724137931 0.0 0.8793103448275862 1086.1120206061141 21.597211412888562 121
1.0 0.0 0.0 1.0 0.0 0.0 0.6868686868686869 1017.3117986940365 20.12142279009739 104
0.9083969465648855 0.0916030534351145 0.0 0.9047619047619048 0.09523809523809523 0.0 0.9761904761904762 1000.4128914879984 20.55452465325155 131
0.9572649572649573 0.042735042735042736 0.0 0.9553571428571429 0.044642857142857144 0.0 1.0 1052.2039884652331 20.940366570743592 117
0.9591836734693877 0.04081632653061224 0.0 0.956989247311828 0.043010752688172046 0.0 0.7849462365591398 1027.0345445175215 20.490951211632357 98
0.9555555555555556 0.044444444444444446 0.0 0.9529411764705882 0.047058823529411764 0.0 0.9647058823529412 1039.4705825428364 23.640686289562787 90
0.9491525423728814 0.03389830508474576 0.01694915254237288 0.9469026548672567 0.035398230088495575 0.017699115044247787 0.831858407079646 1087.330457094105 20.466482477925865 118
0.9245283018867925 0.07547169811320754 0.0 0.922077922077922 0.07792207792207792 0.0 0.5 1083.5710149072324 18.982315988683673 159
0.9545454545454546 0.045454545454545456 0.0 0.9523809523809523 0.047619047619047616 0.0 0.7904761904761904 1080.0422685109424 21.342588054682935 110
0.837037037037037 0.13333333333333333 0.02962962962962963 0.8307692307692308 0.13846153846153847 0.03076923076923077 0.7461538461538462 1086.1047206692426 18.612526861357452 135
0.9649122807017544 0.02631578947368421 0.008771929824561403 0.963302752293578 0.027522935779816515 0.009174311926605505 0.8348623853211009 996.5868411939664 20.561285630825825 114
0.9629629629629629 0.037037037037037035 0.0 0.9615384615384616 0.038461538461538464 0.0 0.6461538461538462 1081.4988385211989 18.419062985100936 135
0.9596774193548387 0.04032258064516129 0.0 0.957983193277311 0.04201680672268908 0.0 0.9327731092436975 1087.1863513761073 19.906895278648026 124
0.9212598425196851 0.07086614173228346 0.007874015748031496 0.9180327868852459 0.07377049180327869 0.00819672131147541 0.7704918032786885 1087.4808338863884 18.885492340479747 127
0.9214285714285714 0.07857142857142857 0.0 0.9185185185185185 0.08148148148148149 0.0 0.8 1086.439239064824 19.389749542344543 140
0.944954128440367 0.05504587155963303 0.0 0.9423076923076923 0.057692307692307696 0.0 0.7596153846153846 1058.3629672988548 21.17118830071576 109
0.9375 0.0625 0.0 0.9340659340659341 0.06593406593406594 0.0 0.8681318681318682 1061.5356598993562 22.246535848083486 96
0.926605504587156 0.07339449541284404 0.0 0.9230769230769231 0.07692307692307693 0.0 0.875 1069.7816867909648 21.034650442208104 109
0.9349593495934959 0.06504065040650407 0.0 0.9322033898305084 0.06779661016949153 0.0 0.9067796610169492 1073.8749444863454 21.70794921492652 123
0.8676470588235294 0.1323529411764706 0.0 0.8702290076335878 0.1297709923664122 0.0 0.8015267175572519 1061.2817043476582 19.967200779180594 136
0.91 0.09 0.0 0.9052631578947369 0.09473684210526316 0.0 0.9578947368421052 1029.6429293159847 22.352223362552465 100
0.7902097902097902 0.15384615384615385 0.055944055944055944 0.782608695652174 0.15942028985507245 0.057971014492753624 0.7608695652173914 1084.9321719105922 18.951819156046703 143
0.937984496124031 0.06201550387596899 0.0 0.9354838709677419 0.06451612903225806 0.0 0.8467741935483871 1080.003877149937 20.39856928919788 129
0.9196428571428571 0.08035714285714286 0.0 0.9158878504672897 0.08411214953271028 0.0 0.9158878504672897 1039.4192795800814 20.588449256278434 112
0.9634146341463414 0.036585365853658534 0.0 0.961038961038961 0.03896103896103896 0.0 0.935064935064935 950.6194636279812 20.79174310200371 82
0.825 0.15833333333333333 0.016666666666666666 0.8173913043478261 0.16521739130434782 0.017391304347826087 1.0 1054.3612503011345 20.10731415365918 120
0.9117647058823529 0.08823529411764706 0.0 0.9083969465648855 0.0916030534351145 0.0 0.732824427480916 1087.141374106553 18.829172933232712 136
0.9448818897637795 0.05511811023622047 0.0 0.9426229508196722 0.05737704918032787 0.0 0.7049180327868853 1074.6530654403746 19.728225329085653 127
0.8688524590163934 0.13114754098360656 0.0 0.8632478632478633 0.13675213675213677 0.0 0.6752136752136753 1058.2679618983866 20.943046866589892 122
0.8849557522123894 0.11504424778761062 0.0 0.8796296296296297 0.12037037037037036 0.0 0.8703703703703703 1060.0413159464138 21.98095379230675 113
1.0 0.0 0.0 1.0 0.0 0.0 1.0 1046.419075892842 21.932317023892228 108
0.9452054794520548 0.0547945205479452 0.0 0.9432624113475178 0.05673758865248227 0.0 0.900709219858156 1078.5990911279084 19.570293535406975 146
0.951048951048951 0.04895104895104895 0.0 0.9492753623188406 0.050724637681159424 0.0 0.0 1007.9495614936101 18.284220453561723 143
0.9772727272727273 0.022727272727272728 0.0 0.9759036144578314 0.024096385542168676 0.0 0.9397590361445783 1063.9069931342258 20.8627795436124 88
0.9905660377358491 0.009433962264150943 0.0 0.9900990099009901 0.009900990099009901 0.0 1.0 1056.6366257791612 20.76769529113483 106
0.9632352941176471 0.03676470588235294 0.0 0.9694656488549618 0.030534351145038167 0.0 0.7786259541984732 1030.695606591727 19.269232624422894 136
0.9590163934426229 0.040983606557377046 0.0 0.9572649572649573 0.042735042735042736 0.0 0.6837606837606838 1042.2939546293912 20.693476936093678 122
0.8850574712643678 0.11494252873563218 0.0 0.8780487804878049 0.12195121951219512 0.0 0.4024390243902439 1002.436919580863 21.52114289868238 87
0.901840490797546 0.08588957055214724 0.012269938650306749 0.8987341772151899 0.08860759493670886 0.012658227848101266 0.7658227848101266 1087.443141631786 18.76352822300364 163
0.9426229508196722 0.05737704918032787 0.0 0.9487179487179487 0.05128205128205128 0.0 0.7692307692307693 1063.1657287129954 21.040109785765154 122
0.9938650306748467 0.006134969325153374 0.0 0.9936708860759493 0.006329113924050633 0.0 0.6455696202531646 1062.145432870366 19.216115347235423 163
0.9158878504672897 0.08411214953271028 0.0 0.9117647058823529 0.08823529411764706 0.0 0.9705882352941176 1070.1881101726647 22.63170442886819 107
0.9322033898305084 0.06779661016949153 0.0 0.9292035398230089 0.07079646017699115 0.0 0.7787610619469026 1043.9358207654416 18.848996557434173 118
0.9724770642201835 0.027522935779816515 0.0 0.9711538461538461 0.028846153846153848 0.0 0.8557692307692307 1020.0597739366958 19.923345950081167 109
0.9929577464788732 0.007042253521126761 0.0 0.9927007299270073 0.0072992700729927005 0.0 0.8686131386861314 1036.676769441346 20.006346719071853 142
0.968 0.032 0.0 0.9666666666666667 0.03333333333333333 0.0 0.8666666666666667 1063.1206530726147 20.221842192752344 125
0.9298245614035088 0.06140350877192982 0.008771929824561403 0.926605504587156 0.06422018348623854 0.009174311926605505 0.9908256880733946 1080.4955393762693 21.80931556924514 114
0.8992248062015504 0.10077519379844961 0.0 0.8951612903225806 0.10483870967741936 0.0 0.6290322580645161 991.3801349987806 20.015984924448613 129
0.9523809523809523 0.047619047619047616 0.0 0.9504132231404959 0.049586776859504134 0.0 0.8925619834710744 1046.9456440854442 19.97903206280633 126
0.9770992366412213 0.022900763358778626 0.0 0.9761904761904762 0.023809523809523808 0.0 0.9285714285714286 956.2894735915737 19.466949096455604 131
0.9523809523809523 0.047619047619047616 0.0 0.9507042253521126 0.04929577464788732 0.0 0.7676056338028169 1081.1568026587363 20.025683630400298 147
0.9466666666666667 0.05333333333333334 0.0 0.9448275862068966 0.05517241379310345 0.0 0.8413793103448276 1029.621586178373 18.169049407611187 150
0.9310344827586207 0.06896551724137931 0.0 0.9279279279279279 0.07207207207207207 0.0 0.9099099099099099 957.5068043449294 19.92260497687832 116
0.9067796610169492 0.0847457627118644 0.00847457627118644 0.9026548672566371 0.08849557522123894 0.008849557522123894 0.7964601769911505 1086.294148887801 20.776333628919108 118
0.9495798319327731 0.05042016806722689 0.0 0.9473684210526315 0.05263157894736842 0.0 0.956140350877193 1021.1267613734436 21.16793166902416 119
0.963302752293578 0.03669724770642202 0.0 0.9711538461538461 0.028846153846153848 0.0 0.9903846153846154 1078.1366472830928 22.28747015444862 109
0.8671875 0.125 0.0078125 0.8617886178861789 0.13008130081300814 0.008130081300813009 0.7235772357723578 1085.7311918587875 20.913953358517976 128
0.9629629629629629 0.037037037037037035 0.0 0.9615384615384616 0.038461538461538464 0.0 0.9230769230769231 1072.14846064928 19.13702477142379 135
0.9487179487179487 0.05128205128205128 0.0 0.9470198675496688 0.052980132450331126 0.0 0.7880794701986755 1085.7829961772743 18.972153553450102 156
0.9337748344370861 0.06622516556291391 0.0 0.9315068493150684 0.0684931506849315 0.0 0.7465753424657534 1075.9003580625704 19.730417089130146 151
1.0 0.0 0.0 1.0 0.0 0.0 1.0 1031.6513482744308 21.376225431891683 92
0.9197080291970803 0.08029197080291971 0.0 0.9166666666666666 0.08333333333333333 0.0 0.8409090909090909 1065.5761505617547 20.278780212414294 137
0.8807947019867549 0.11920529801324503 0.0 0.8767123287671232 0.1232876712328767 0.0 0.726027397260274 1068.2181923249448 19.768089444442914 151
0.9516129032258065 0.04838709677419355 0.0 0.9495798319327731 0.05042016806722689 0.0 0.8571428571428571 1078.0222490776382 20.632058081498116 124
0.925 0.075 0.0 0.9217391304347826 0.0782608695652174 0.0 0.7478260869565218 1067.5397117509297 19.05316209249101 120
1.0 0.0 0.0 1.0 0.0 0.0 0.6896551724137931 1065.419276065822 19.75231091286008 121
0.9872611464968153 0.012738853503184714 0.0 0.9868421052631579 0.013157894736842105 0.0 0.875 1073.6517549602506 19.038797315174204 157
0.9793103448275862 0.020689655172413793 0.0 0.9785714285714285 0.02142857142857143 0.0 0.7785714285714286 997.555571361094 18.036658187569167 145
0.8782608695652174 0.11304347826086956 0.008695652173913044 0.8727272727272727 0.11818181818181818 0.00909090909090909 0.990909090909091 1042.0555144381901 22.823344936293214 115
0.9312977099236641 0.06870229007633588 0.0 0.9285714285714286 0.07142857142857142 0.0 0.9682539682539683 1046.418127822493 21.180555272050377 131
0.7456140350877193 0.24561403508771928 0.008771929824561403 0.7431192660550459 0.24770642201834864 0.009174311926605505 0.8532110091743119 1055.1961350887068 19.185741924684 114
0.9590163934426229 0.040983606557377046 0.0 0.9572649572649573 0.042735042735042736 0.0 0.811965811965812 1073.7344029246976 19.93486958348944 122
0.9571428571428572 0.04285714285714286 0.0 0.9555555555555556 0.044444444444444446 0.0 0.5407407407407407 1086.179075030545 18.78174504399606 140
0.9661016949152542 0.03389830508474576 0.0 0.9646017699115044 0.035398230088495575 0.0 0.7876106194690266 1087.2511542440643 20.740706923154764 118
0.8627450980392157 0.08823529411764706 0.049019607843137254 0.8556701030927835 0.09278350515463918 0.05154639175257732 0.9381443298969072 1062.796326559867 21.92496073676635 102
0.8898305084745762 0.11016949152542373 0.0 0.8849557522123894 0.11504424778761062 0.0 0.9469026548672567 1046.4675208750787 20.647078317322137 118
0.927007299270073 0.072992700729927 0.0 0.9242424242424242 0.07575757575757576 0.0 0.42424242424242425 1034.1411983760454 19.32526746794936 137
0.9044117647058824 0.09558823529411764 0.0 0.9083969465648855 0.0916030534351145 0.0 0.8396946564885496 954.1437251836786 18.317057804815477 136
0.9702970297029703 0.0297029702970297 0.0 0.96875 0.03125 0.0 0.8854166666666666 1077.984283437438 22.55170472724796 101
0.9316239316239316 0.06837606837606838 0.0 0.9285714285714286 0.07142857142857142 0.0 0.7946428571428571 1051.0795621294653 22.1158513747829 117
0.9361702127659575 0.06382978723404255 0.0 0.9325842696629213 0.06741573033707865 0.0 0.9325842696629213 937.0703290109063 21.15145133275712 94
0.9741379310344828 0.02586206896551724 0.0 0.972972972972973 0.02702702702702703 0.0 0.990990990990991 1044.3743933699836 22.02726354476265 116
0.9915254237288136 0.00847457627118644 0.0 0.9911504424778761 0.008849557522123894 0.0 0.8141592920353983 1086.312982404599 20.07914726504469 118
0.8319327731092437 0.13445378151260504 0.03361344537815126 0.8245614035087719 0.14035087719298245 0.03508771929824561 0.9035087719298246 1051.402971172174 19.679352758185676 119
0.9024390243902439 0.0975609756097561 0.0 0.8983050847457628 0.1016949152542373 0.0 0.923728813559322 1066.5027219506246 20.146167083656003 123
0.9794520547945206 0.02054794520547945 0.0 0.9787234042553191 0.02127659574468085 0.0 0.8156028368794326 1005.8917588538255 18.92682858324232 146
0.9349593495934959 0.06504065040650407 0.0 0.9322033898305084 0.06779661016949153 0.0 0.7288135593220338 1087.4760344994304 21.02217430146721 123
0.88 0.12 0.0 0.8758620689655172 0.12413793103448276 0.0 0.7448275862068966 1085.3105777069727 17.759297970601896 150
0.9495798319327731 0.05042016806722689 0.0 0.9473684210526315 0.05263157894736842 0.0 0.7894736842105263 1027.7198159056445 20.978493026613922 119
0.910958904109589 0.08904109589041095 0.0 0.9078014184397163 0.09219858156028368 0.0 0.8936170212765957 1057.6941455641736 18.995760746137712 146
0.9912280701754386 0.008771929824561403 0.0 0.9908256880733946 0.009174311926605505 0.0 0.7614678899082569 1040.18223204505 18.91132601332909 114
0.9583333333333334 0.041666666666666664 0.0 0.9570552147239264 0.04294478527607362 0.0 0.6625766871165644 1078.990805189324 18.062177878974353 168
0.9745762711864406 0.025423728813559324 0.0 0.9734513274336283 0.02654867256637168 0.0 0.8230088495575221 1034.6161142789294 18.70785107540215 118
0.9166666666666666 0.08333333333333333 0.0 0.9120879120879121 0.08791208791208792 0.0 0.945054945054945 1080.5853231311694 22.218913395766766 96
0.9618320610687023 0.03816793893129771 0.0 0.9603174603174603 0.03968253968253968 0.0 0.8015873015873016 1064.1092621000043 20.16738193918506 131
0.9367088607594937 0.06329113924050633 0.0 0.934640522875817 0.06535947712418301 0.0 0.006535947712418301 1033.0910312767423 19.08752724919243 158
0.9923076923076923 0.007692307692307693 0.0 0.992 0.008 0.0 0.8 1083.576071702834 20.98465684731402 130
0.9463087248322147 0.053691275167785234 0.0 0.9444444444444444 0.05555555555555555 0.0 0.7916666666666666 1086.2140503106223 18.835530891396076 149
0.9469026548672567 0.05309734513274336 0.0 0.9444444444444444 0.05555555555555555 0.0 0.8981481481481481 1027.9791340973472 20.383301359649803 113
0.918918918918919 0.08108108108108109 0.0 0.916083916083916 0.08391608391608392 0.0 0.8391608391608392 1076.5604219410486 19.606438568227254 148
0.946236559139785 0.053763440860215055 0.0 0.9431818181818182 0.056818181818181816 0.0 0.7954545454545454 1087.3085081705528 20.654868108219503 93
0.9829059829059829 0.017094017094017096 0.0 0.9821428571428571 0.017857142857142856 0.0 0.9285714285714286 1069.9475842353638 20.455150725489315 117
0.9743589743589743 0.02564102564102564 0.0 0.9732142857142857 0.026785714285714284 0.0 0.7589285714285714 1044.337704169464 21.427164015100438 117
0.952 0.048 0.0 0.95 0.05 0.0 0.7333333333333333 1086.0835282960802 19.284096304034176 125
0.9308176100628931 0.06918238993710692 0.0 0.9285714285714286 0.07142857142857142 0.0 0.7987012987012987 1061.031769540122 19.33812704569753 159
0.8872180451127819 0.11278195488721804 0.0 0.8828125 0.1171875 0.0 0.7421875 1060.065072121163 20.703884902686287 133
0.9826086956521739 0.017391304347826087 0.0 0.9818181818181818 0.01818181818181818 0.0 0.6818181818181818 1041.4087156985188 20.40571253577647 115
0.928 0.072 0.0 0.9333333333333333 0.06666666666666667 0.0 0.825 1059.9459958567254 19.58801542088054 125
0.9090909090909091 0.08080808080808081 0.010101010101010102 0.9042553191489362 0.0851063829787234 0.010638297872340425 0.8936170212765957 997.9609506122295 21.240290239180737 99
0.918918918918919 0.08108108108108109 0.0 0.9150943396226415 0.08490566037735849 0.0 0.7452830188679245 1074.3082933702917 21.173835981632564 111
0.9444444444444444 0.05555555555555555 0.0 0.9421487603305785 0.05785123966942149 0.0 0.8677685950413223 1069.3820684927755 21.039980932767122 126
0.967032967032967 0.03296703296703297 0.0 0.9651162790697675 0.03488372093023256 0.0 0.813953488372093 1008.2902992200726 20.741323759952056 91
0.9669421487603306 0.03305785123966942 0.0 0.9655172413793104 0.034482758620689655 0.0 0.853448275862069 1081.4662415263213 20.20694819170246 121
0.9292035398230089 0.07079646017699115 0.0 0.9259259259259259 0.07407407407407407 0.0 0.7037037037037037 1045.8029127721038 21.177954760235394 113
0.9565217391304348 0.043478260869565216 0.0 0.9548872180451128 0.045112781954887216 0.0 0.6015037593984962 1087.4089571266816 20.47231574208094 138
0.9829059829059829 0.017094017094017096 0.0 0.9821428571428571 0.017857142857142856 0.0 1.0 1027.693257775405 21.518598949909325 117
0.9785714285714285 0.02142857142857143 0.0 0.9777777777777777 0.022222222222222223 0.0 0.8740740740740741 1085.2896758338725 20.82404081494499 140
0.970873786407767 0.02912621359223301 0.0 0.9693877551020408 0.030612244897959183 0.0 0.7857142857142857 1080.2619396696887 21.433034054871968 103
0.9461538461538461 0.05384615384615385 0.0 0.944 0.056 0.0 0.992 1084.6007250192267 19.706148710391634 130
0.9418604651162791 0.05813953488372093 0.0 0.9401197604790419 0.059880239520958084 0.0 0.8143712574850299 979.209774935976 18.486378196684097 172
0.9015151515151515 0.08333333333333333 0.015151515151515152 0.8976377952755905 0.08661417322834646 0.015748031496062992 1.0 962.8100766066697 20.08640831448847 132
0.9767441860465116 0.023255813953488372 0.0 0.9758064516129032 0.024193548387096774 0.0 1.0 1057.2111060091806 22.281977388326045 129
0.9494949494949495 0.050505050505050504 0.0 0.9468085106382979 0.05319148936170213 0.0 0.9787234042553191 1077.9660588721895 23.411752136209632 99
0.9612403100775194 0.03875968992248062 0.0 0.9596774193548387 0.04032258064516129 0.0 0.9032258064516129 1015.8344321795335 20.599956367717756 129
0.9203539823008849 0.07964601769911504 0.0 0.9166666666666666 0.08333333333333333 0.0 0.7962962962962963 1087.43042441384 21.459768036686533 113
0.9197530864197531 0.08024691358024691 0.0 0.9171974522292994 0.08280254777070063 0.0 0.7834394904458599 1086.881653408299 18.16095807073013 162
0.92 0.08 0.0 0.9172413793103448 0.08275862068965517 0.0 0.8827586206896552 1069.9830538306935 20.12910266730996 150
0.967741935483871 0.03225806451612903 0.0 0.9663865546218487 0.03361344537815126 0.0 0.8067226890756303 1043.7113821187443 19.43122327394738 124
0.9696969696969697 0.030303030303030304 0.0 0.9680851063829787 0.031914893617021274 0.0 0.776595744680851 1071.7940734424055 21.628963614472344 99
0.9846153846153847 0.015384615384615385 0.0 0.984 0.016 0.0 0.8 1043.160447051352 20.578163142390203 130
0.9224137931034483 0.06896551724137931 0.008620689655172414 0.918918918918919 0.07207207207207207 0.009009009009009009 0.972972972972973 1065.612418949791 22.27924059869788 116
0.9057971014492754 0.09420289855072464 0.0 0.9022556390977443 0.09774436090225563 0.0 0.8195488721804511 1064.6250100114776 19.40657787537914 138
0.9312977099236641 0.06870229007633588 0.0 0.9285714285714286 0.07142857142857142 0.0 0.7142857142857143 1071.868417007896 20.236344766992854 131
0.832 0.152 0.016 0.8333333333333334 0.15 0.016666666666666666 0.8583333333333333 1062.5223183396881 20.796747614294183 125
0.943089430894309 0.04878048780487805 0.008130081300813009 0.940677966101695 0.05084745762711865 0.00847457627118644 0.9830508474576272 1074.1789046458825 20.861216291261524 123
0.946969696969697 0.05303030303030303 0.0 0.9448818897637795 0.05511811023622047 0.0 0.7795275590551181 1075.1460058162274 21.28842242820241 132
0.9767441860465116 0.015503875968992248 0.007751937984496124 0.9758064516129032 0.016129032258064516 0.008064516129032258 0.8870967741935484 999.4951934468634 20.491956133559935 129
0.896551724137931 0.10344827586206896 0.0 0.8928571428571429 0.10714285714285714 0.0 0.8142857142857143 1071.7991663981443 18.64871140131343 145
0.9477611940298507 0.05223880597014925 0.0 0.9457364341085271 0.05426356589147287 0.0 0.9534883720930233 1078.6954564846853 21.001305134254185 134
0.9383561643835616 0.06164383561643835 0.0 0.950354609929078 0.04964539007092199 0.0 0.8936170212765957 1066.7444574216795 19.303795088374628 146
0.951048951048951 0.04895104895104895 0.0 0.9492753623188406 0.050724637681159424 0.0 0.7753623188405797 1086.1451305903481 19.046394619608037 143
0.9431818181818182 0.045454545454545456 0.011363636363636364 0.9397590361445783 0.04819277108433735 0.012048192771084338 0.9397590361445783 1019.6016113572051 22.277026368010265 88
0.9124087591240876 0.08759124087591241 0.0 0.9090909090909091 0.09090909090909091 0.0 0.7727272727272727 1086.6228510985343 20.70008292860265 137
0.9642857142857143 0.03571428571428571 0.0 0.9626168224299065 0.037383177570093455 0.0 0.8037383177570093 1080.416406234318 19.840296753893938 112
0.935672514619883 0.06432748538011696 0.0 0.9337349397590361 0.06626506024096386 0.0 0.6867469879518072 1040.51312037319 18.692769472216675 171
0.9903846153846154 0.009615384615384616 0.0 0.98989898989899 0.010101010101010102 0.0 1.0 831.0189101185068 20.001720883190007 104
0.9739130434782609 0.02608695652173913 0.0 0.9727272727272728 0.02727272727272727 0.0 0.8818181818181818 1081.1916005585338 20.503278548021978 115
0.9280575539568345 0.07194244604316546 0.0 0.9253731343283582 0.07462686567164178 0.0 0.9925373134328358 1057.238151799376 20.187031481428875 139
0.9846153846153847 0.015384615384615385 0.0 0.984 0.016 0.0 0.856 1057.2972822354507 19.516950658962855 130
0.9343065693430657 0.06569343065693431 0.0 0.9393939393939394 0.06060606060606061 0.0 0.8181818181818182 1082.501533184626 19.2226494331268 137
0.8732394366197183 0.11971830985915492 0.007042253521126761 0.8686131386861314 0.12408759124087591 0.0072992700729927005 0.8540145985401459 992.5356758321598 18.419307351834405 142
0.9318181818181818 0.06060606060606061 0.007575757575757576 0.9291338582677166 0.06299212598425197 0.007874015748031496 0.7559055118110236 1079.3277375841983 20.31655026542048 132
0.9310344827586207 0.06896551724137931 0.0 0.9279279279279279 0.07207207207207207 0.0 0.8288288288288288 1086.9351364374756 20.56826864399052 116
0.9504950495049505 0.04950495049504951 0.0 0.9479166666666666 0.052083333333333336 0.0 0.78125 1047.759577335623 20.218045403604876 101
0.963963963963964 0.036036036036036036 0.0 0.9622641509433962 0.03773584905660377 0.0 0.8679245283018868 1079.2444652942422 21.27911080532965 111
0.9705882352941176 0.029411764705882353 0.0 0.9694656488549618 0.030534351145038167 0.0 0.8244274809160306 1084.7291488318679 20.25221751826756 136
0.970873786407767 0.02912621359223301 0.0 0.9693877551020408 0.030612244897959183 0.0 0.8163265306122449 1045.0771897785994 21.768479347296264 103
0.9326923076923077 0.0673076923076923 0.0 0.9292929292929293 0.0707070707070707 0.0 0.5757575757575758 1086.388576603026 19.229300996469043 104
0.9432624113475178 0.05673758865248227 0.0 0.9411764705882353 0.058823529411764705 0.0 0.8970588235294118 1050.2614456740405 18.926305713771086 141
0.9578313253012049 0.04216867469879518 0.0 0.9565217391304348 0.043478260869565216 0.0 0.84472049689441 1087.4589695354225 19.170120666192766 166
0.972972972972973 0.02702702702702703 0.0 0.972027972027972 0.027972027972027972 0.0 0.6923076923076923 1087.4467341478885 19.077717320026924 148
0.9333333333333333 0.06666666666666667 0.0 0.9294117647058824 0.07058823529411765 0.0 0.7764705882352941 1079.5829316591426 19.95040083525343 90
0.9905660377358491 0.009433962264150943 0.0 0.9900990099009901 0.009900990099009901 0.0 0.8118811881188119 1065.9414265660596 20.887354407497234 106
0.9513888888888888 0.04861111111111111 0.0 0.9496402877697842 0.050359712230215826 0.0 0.8057553956834532 1050.7163161799965 19.635595239054236 144
0.9352941176470588 0.06470588235294118 0.0 0.9333333333333333 0.06666666666666667 0.0 0.6363636363636364 1063.8212234459672 18.403103982088478 170
0.865979381443299 0.12371134020618557 0.010309278350515464 0.8695652173913043 0.13043478260869565 0.0 0.782608695652174 1042.2847588472619 21.000147420800936 97
0.9252336448598131 0.07476635514018691 0.0 0.9215686274509803 0.0784313725490196 0.0 0.8725490196078431 1074.7207647371429 21.479189926283688 107
0.9603960396039604 0.039603960396039604 0.0 0.9583333333333334 0.041666666666666664 0.0 1.0 988.9588323381971 20.938499506652217 101
0.978021978021978 0.02197802197802198 0.0 0.9767441860465116 0.023255813953488372 0.0 0.872093023255814 1061.6439880450882 20.829551285254315 91
1.0 0.0 0.0 1.0 0.0 0.0 0.9139784946236559 1072.0372611710395 21.603111607635043 98
0.981651376146789 0.01834862385321101 0.0 0.9807692307692307 0.019230769230769232 0.0 0.7307692307692307 1085.4401679610808 20.13358232483708 109
0.8888888888888888 0.1111111111111111 0.0 0.8829787234042553 0.11702127659574468 0.0 0.8936170212765957 1076.5198143590783 20.866361282149843 99
0.9682539682539683 0.031746031746031744 0.0 0.9669421487603306 0.03305785123966942 0.0 0.9421487603305785 1055.8564696687476 19.60183449418191 126
0.9649122807017544 0.03508771929824561 0.0 0.963302752293578 0.03669724770642202 0.0 0.9174311926605505 1059.8727546717694 21.178358325772155 114
0.9716981132075472 0.02830188679245283 0.0 0.9702970297029703 0.0297029702970297 0.0 0.8811881188118812 1070.3738505279 19.495759163174064 106
0.8943089430894309 0.10569105691056911 0.0 0.8898305084745762 0.11016949152542373 0.0 0.8050847457627118 1076.2433002083947 21.628654543373788 123
0.9104477611940298 0.08955223880597014 0.0 0.9069767441860465 0.09302325581395349 0.0 0.9922480620155039 1041.7539500845598 20.778632386124954 134
0.9854014598540146 0.014598540145985401 0.0 0.9848484848484849 0.015151515151515152 0.0 0.9848484848484849 1077.0480230636058 20.684138370329105 137
0.9609375 0.0390625 0.0 0.959349593495935 0.04065040650406504 0.0 0.7967479674796748 1056.6972448221586 19.676472321658604 128
0.9444444444444444 0.05555555555555555 0.0 0.941747572815534 0.05825242718446602 0.0 0.8252427184466019 1086.293814344762 21.831751181339886 108
0.9291338582677166 0.06299212598425197 0.007874015748031496 0.9262295081967213 0.06557377049180328 0.00819672131147541 0.8278688524590164 1075.4679996711777 20.334933939201562 127
0.9193548387096774 0.08064516129032258 0.0 0.9159663865546218 0.08403361344537816 0.0 0.8907563025210085 1071.3859444655893 19.33462663256964 124
0.86 0.12 0.02 0.8551724137931035 0.12413793103448276 0.020689655172413793 0.6551724137931034 1082.984447261669 18.980057556123676 150
0.9269662921348315 0.07303370786516854 0.0 0.9248554913294798 0.07514450867052024 0.0 0.8265895953757225 1081.6772336016113 18.283619985876918 178
0.9869281045751634 0.013071895424836602 0.0 0.9864864864864865 0.013513513513513514 0.0 0.8040540540540541 1032.4483058805954 17.84690698383308 153
0.9754098360655737 0.02459016393442623 0.0 0.9743589743589743 0.02564102564102564 0.0 0.8461538461538461 1039.2182623765184 19.8084105701342 122
0.9722222222222222 0.027777777777777776 0.0 0.9712230215827338 0.02877697841726619 0.0 0.5539568345323741 1065.3041681580032 19.226688218825544 144
0.9006211180124224 0.09937888198757763 0.0 0.9038461538461539 0.09615384615384616 0.0 0.8974358974358975 1044.4798154614257 19.721180622936938 161
0.9347826086956522 0.06521739130434782 0.0 0.9310344827586207 0.06896551724137931 0.0 0.7816091954022989 1078.571564196763 21.926322668947197 92
0.968503937007874 0.031496062992125984 0.0 0.9672131147540983 0.03278688524590164 0.0 0.8770491803278688 1087.4599925270427 20.060228236671268 127
0.9685534591194969 0.031446540880503145 0.0 0.9675324675324676 0.032467532467532464 0.0 0.8246753246753247 1087.1354097951307 19.615658846819393 159
0.9767441860465116 0.023255813953488372 0.0 0.9753086419753086 0.024691358024691357 0.0 0.9135802469135802 1049.2166771028 20.816851261827978 86
0.96875 0.03125 0.0 0.967032967032967 0.03296703296703297 0.0 0.8131868131868132 1015.7587991770381 21.300999142930262 96
0.96 0.04 0.0 0.9571428571428572 0.04285714285714286 0.0 0.7571428571428571 1030.5014388854443 21.10827605808296 75
0.9858156028368794 0.014184397163120567 0.0 0.9852941176470589 0.014705882352941176 0.0 0.8161764705882353 1086.3730516008059 19.647526906774207 141
0.9539473684210527 0.046052631578947366 0.0 0.9523809523809523 0.047619047619047616 0.0 0.7278911564625851 1087.339670234324 18.62116596680063 152
0.9253731343283582 0.05970149253731343 0.014925373134328358 0.9302325581395349 0.05426356589147287 0.015503875968992248 0.875968992248062 1049.2603290394482 20.351697451438472 134
0.9459459459459459 0.05405405405405406 0.0 0.9433962264150944 0.05660377358490566 0.0 0.7547169811320755 1027.5876641357577 22.27080899828523 111
0.9626168224299065 0.037383177570093455 0.0 0.9607843137254902 0.0392156862745098 0.0 0.9117647058823529 1057.9923168139596 21.776145149717816 107
0.927007299270073 0.072992700729927 0.0 0.9242424242424242 0.07575757575757576 0.0 0.8257575757575758 1076.3522325761694 20.190464495536073 137
0.9661016949152542 0.03389830508474576 0.0 0.9646017699115044 0.035398230088495575 0.0 0.8761061946902655 1079.2722874889337 20.865464817566632 118
0.9565217391304348 0.043478260869565216 0.0 0.9548872180451128 0.045112781954887216 0.0 0.8571428571428571 1027.2273175418602 19.06732676765454 138
0.9797979797979798 0.020202020202020204 0.0 0.9787234042553191 0.02127659574468085 0.0 0.9680851063829787 1078.2971093317406 22.37672324918115 99
0.9523809523809523 0.047619047619047616 0.0 0.9504132231404959 0.049586776859504134 0.0 0.8099173553719008 1013.6260531943605 18.621406890592034 126
0.9375 0.0625 0.0 0.9439252336448598 0.056074766355140186 0.0 0.9252336448598131 1043.5047768696243 20.8384986080771 112
0.9712230215827338 0.02877697841726619 0.0 0.9701492537313433 0.029850746268656716 0.0 0.835820895522388 1070.4728587835684 19.542568789747108 139
0.970873786407767 0.02912621359223301 0.0 0.9795918367346939 0.02040816326530612 0.0 0.8469387755102041 1041.2638394764404 21.299630886587803 103
0.9245283018867925 0.07547169811320754 0.0 0.922077922077922 0.07792207792207792 0.0 0.7597402597402597 1079.8924881211958 18.604848760738392 159
0.9354838709677419 0.06451612903225806 0.0 0.9327731092436975 0.06722689075630252 0.0 0.8319327731092437 1085.9430229949337 19.869014453746896 124
0.9809523809523809 0.01904761904761905 0.0 0.98 0.02 0.0 0.65 1087.485888691058 20.56703210923646 105
0.9741379310344828 0.02586206896551724 0.0 0.972972972972973 0.02702702702702703 0.0 0.7657657657657657 1048.7471429660206 20.334286982823066 116
0.873015873015873 0.11904761904761904 0.007936507936507936 0.8677685950413223 0.12396694214876033 0.008264462809917356 0.768595041322314 1087.1003589169973 20.54197452491245 126
0.948051948051948 0.05194805194805195 0.0 0.9463087248322147 0.053691275167785234 0.0 0.7248322147651006 1087.0803245404154 19.70643546976884 154
0.9606299212598425 0.03937007874015748 0.0 0.9590163934426229 0.040983606557377046 0.0 0.8442622950819673 1043.4669890251878 20.885760433976476 127
0.9285714285714286 0.07142857142857142 0.0 0.9256198347107438 0.0743801652892562 0.0 0.8016528925619835 1080.5920977902435 21.003678030685744 126
0.9206349206349206 0.07936507936507936 0.0 0.9173553719008265 0.08264462809917356 0.0 0.7603305785123967 1057.4161177587175 20.24371520737506 126
0.9652173913043478 0.034782608695652174 0.0 0.9636363636363636 0.03636363636363636 0.0 0.7636363636363637 1032.6003578095902 19.87400988789884 115
0.8961038961038961 0.1038961038961039 0.0 0.8926174496644296 0.10738255033557047 0.0 0.7315436241610739 1080.9273428846116 19.30367932288679 154
0.9019607843137255 0.09803921568627451 0.0 0.8969072164948454 0.10309278350515463 0.0 0.7525773195876289 1087.3704035107232 21.59258710357506 102
0.9509803921568627 0.049019607843137254 0.0 0.9484536082474226 0.05154639175257732 0.0 0.8350515463917526 1042.5048553764423 20.262582279215913 102
0.9340659340659341 0.06593406593406594 0.0 0.9302325581395349 0.06976744186046512 0.0 0.7558139534883721 1087.3624709675933 20.325714943857083 91
0.9612403100775194 0.03875968992248062 0.0 0.9596774193548387 0.04032258064516129 0.0 0.8951612903225806 1087.1151508747396 20.62980471874616 129
0.9485294117647058 0.051470588235294115 0.0 0.9465648854961832 0.05343511450381679 0.0 0.6793893129770993 1024.1344831087154 19.906811526991206 136
0.9555555555555556 0.044444444444444446 0.0 0.9538461538461539 0.046153846153846156 0.0 0.7230769230769231 1078.7315218708388 19.62472518036928 135
0.9361702127659575 0.06382978723404255 0.0 0.9338235294117647 0.0661764705882353 0.0 0.8235294117647058 994.0983055485244 19.353900252072556 141
1.0 0.0 0.0 1.0 0.0 0.0 0.8888888888888888 1087.1275697814551 19.98673371651028 113
0.9295774647887324 0.07042253521126761 0.0 0.927007299270073 0.072992700729927 0.0 0.7518248175182481 1084.9520524455468 20.035946581339402 142
0.9545454545454546 0.045454545454545456 0.0 0.9523809523809523 0.047619047619047616 0.0 0.8476190476190476 1033.9417104489664 21.807575553164376 110
0.9459459459459459 0.05405405405405406 0.0 0.9528301886792453 0.04716981132075472 0.0 0.7452830188679245 1087.4152582988077 19.959596744997647 111
0.9495798319327731 0.05042016806722689 0.0 0.9473684210526315 0.05263157894736842 0.0 0.9035087719298246 1080.2122059670714 19.17487507720492 119
0.948905109489051 0.051094890510948905 0.0 0.946969696969697 0.05303030303030303 0.0 0.7121212121212122 1083.3438262548439 20.621404802936233 137
0.9590163934426229 0.040983606557377046 0.0 0.9572649572649573 0.042735042735042736 0.0 0.7521367521367521 1040.898125831026 20.11140414899659 122
0.954954954954955 0.04504504504504504 0.0 0.9528301886792453 0.04716981132075472 0.0 0.839622641509434 949.5221918314701 21.432056721203576 111
0.9256198347107438 0.0743801652892562 0.0 0.9224137931034483 0.07758620689655173 0.0 0.8879310344827587 1062.2280240659302 20.923271745916804 121
0.9557522123893806 0.04424778761061947 0.0 0.9537037037037037 0.046296296296296294 0.0 0.9629629629629629 1082.0927350483703 21.43848409680265 113
0.8881118881118881 0.11188811188811189 0.0 0.8840579710144928 0.11594202898550725 0.0 0.8913043478260869 1075.824611411526 19.823703534508784 143
0.9217391304347826 0.0782608695652174 0.0 0.9181818181818182 0.08181818181818182 0.0 0.8272727272727273 1087.2008813683187 20.427734220530585 115
0.9867549668874173 0.013245033112582781 0.0 0.9863013698630136 0.0136986301369863 0.0 0.9041095890410958 1058.8724150306246 18.622829100837457 151
0.9032258064516129 0.07741935483870968 0.01935483870967742 0.9066666666666666 0.07333333333333333 0.02 0.7866666666666666 1008.8697969740659 17.81303592902319 155
0.9727272727272728 0.02727272727272727 0.0 0.9714285714285714 0.02857142857142857 0.0 0.8095238095238095 1086.3723760570194 20.269268253673904 110
0.8252427184466019 0.17475728155339806 0.0 0.8163265306122449 0.1836734693877551 0.0 0.7346938775510204 1040.3240605792967 21.707996814538895 103
0.9652777777777778 0.034722222222222224 0.0 0.9640287769784173 0.03597122302158273 0.0 0.8057553956834532 1037.310328018618 20.652865866079978 144
0.971830985915493 0.028169014084507043 0.0 0.9708029197080292 0.029197080291970802 0.0 0.6715328467153284 1087.3009307332197 20.024717983433344 142
1.0 0.0 0.0 1.0 0.0 0.0 0.006578947368421052 988.1441181645371 19.085637049668996 157
0.8395061728395061 0.15432098765432098 0.006172839506172839 0.8471337579617835 0.1464968152866242 0.006369426751592357 0.8662420382165605 1047.7154838901781 18.112769184714306 162
0.9496402877697842 0.050359712230215826 0.0 0.9477611940298507 0.05223880597014925 0.0 0.6044776119402985 1084.8229379227214 19.389223108578943 139
0.9405940594059405 0.0594059405940594 0.0 0.9375 0.0625 0.0 0.8541666666666666 1060.0534282731344 23.131429688371576 101
0.9119496855345912 0.0880503144654088 0.0 0.9090909090909091 0.09090909090909091 0.0 0.006493506493506494 1063.624683813822 17.909219346480583 159
0.9887005649717514 0.011299435028248588 0.0 0.9883720930232558 0.011627906976744186 0.0 0.6744186046511628 1023.8524532128425 18.03396623453081 177
0.9074074074074074 0.09259259259259259 0.0 0.9029126213592233 0.0970873786407767 0.0 0.8252427184466019 1079.7268351715381 21.454710857973833 108
0.9090909090909091 0.09090909090909091 0.0 0.9051724137931034 0.09482758620689655 0.0 0.6379310344827587 1057.494895052482 21.098679130317077 121
0.9274193548387096 0.07258064516129033 0.0 0.9243697478991597 0.07563025210084033 0.0 0.7142857142857143 1061.4050961623536 21.394863512521564 124
1.0 0.0 0.0 1.0 0.0 0.0 0.8905109489051095 1057.0954639859565 19.320101956153962 142
0.9272727272727272 0.07272727272727272 0.0 0.9333333333333333 0.06666666666666667 0.0 0.7523809523809524 1086.9444266699932 19.03435948721405 110
0.990990990990991 0.009009009009009009 0.0 0.9905660377358491 0.009433962264150943 0.0 0.9433962264150944 1040.0279950913089 20.793548888747146 111
0.8938053097345132 0.09734513274336283 0.008849557522123894 0.8888888888888888 0.10185185185185185 0.009259259259259259 0.9074074074074074 1043.7833570467135 21.955820351924203 113
0.8677685950413223 0.12396694214876033 0.008264462809917356 0.8620689655172413 0.12931034482758622 0.008620689655172414 0.7758620689655172 1047.0607213300864 20.22103851769703 121
0.9923664122137404 0.007633587786259542 0.0 0.9920634920634921 0.007936507936507936 0.0 0.7857142857142857 1051.7654605830076 20.703079529586798 131
0.9930555555555556 0.006944444444444444 0.0 0.9928057553956835 0.007194244604316547 0.0 0.8489208633093526 1087.1006470904056 20.12144320292446 144
0.9136690647482014 0.08633093525179857 0.0 0.9104477611940298 0.08955223880597014 0.0 0.9776119402985075 1068.125997190447 18.929843621917843 139
0.9083333333333333 0.09166666666666666 0.0 0.9043478260869565 0.09565217391304348 0.0 0.8260869565217391 1087.4452658350067 21.715774095307555 120
0.8787878787878788 0.10606060606060606 0.015151515151515152 0.8740157480314961 0.11023622047244094 0.015748031496062992 0.8031496062992126 1046.268577311212 20.56459930333125 132
1.0 0.0 0.0 1.0 0.0 0.0 0.897196261682243 1055.4634249259593 19.838748233469243 112
0.9910714285714286 0.008928571428571428 0.0 0.9906542056074766 0.009345794392523364 0.0 0.8878504672897196 1076.050236052692 21.088323547257172 112
0.9719626168224299 0.028037383177570093 0.0 0.9705882352941176 0.029411764705882353 0.0 0.9215686274509803 1036.8851002193064 21.702022048086572 107
0.9745762711864406 0.025423728813559324 0.0 0.9734513274336283 0.02654867256637168 0.0 0.8230088495575221 1008.9725271346435 20.019770836169116 118
0.9752066115702479 0.024793388429752067 0.0 0.9741379310344828 0.02586206896551724 0.0 0.9310344827586207 1085.2483057724137 20.01906524927308 121
0.8848920863309353 0.11510791366906475 0.0 0.8805970149253731 0.11940298507462686 0.0 0.7686567164179104 1086.4256148727266 20.769006249372197 139
0.912621359223301 0.08737864077669903 0.0 0.9081632653061225 0.09183673469387756 0.0 0.826530612244898 1060.185635455308 21.413026100981 103
0.8879310344827587 0.11206896551724138 0.0 0.8828828828828829 0.11711711711711711 0.0 0.8198198198198198 1042.747957668882 22.01952810503034 116
0.9246575342465754 0.07534246575342465 0.0 0.9219858156028369 0.07801418439716312 0.0 0.6524822695035462 1029.0565838552886 19.059534689848064 146
0.9858156028368794 0.014184397163120567 0.0 0.9852941176470589 0.014705882352941176 0.0 0.7941176470588235 1038.6447042154832 19.471260562372308 141
0.991304347826087 0.008695652173913044 0.0 0.990909090909091 0.00909090909090909 0.0 0.8454545454545455 1043.312667399112 20.907796619091705 115
0.9096774193548387 0.09032258064516129 0.0 0.9066666666666666 0.09333333333333334 0.0 0.5333333333333333 1087.3138241804982 19.252244620436407 155
0.9739130434782609 0.02608695652173913 0.0 0.9727272727272728 0.02727272727272727 0.0 0.8363636363636363 1062.5076958630098 22.038444106303395 115
0.9836065573770492 0.01639344262295082 0.0 0.9829059829059829 0.017094017094017096 0.0 0.8717948717948718 1079.0733976360436 21.442274150368586 122
0.9683544303797469 0.03164556962025317 0.0 0.9673202614379085 0.032679738562091505 0.0 0.7189542483660131 1079.062017629681 20.07353794118815 158
0.8581560283687943 0.14184397163120568 0.0 0.8529411764705882 0.14705882352941177 0.0 0.7720588235294118 1072.2145206889822 19.801473044713966 141
0.9851851851851852 0.014814814814814815 0.0 0.9846153846153847 0.015384615384615385 0.0 0.9076923076923077 995.2648787599361 19.780824992164973 135
0.9607843137254902 0.0392156862745098 0.0 0.9690721649484536 0.030927835051546393 0.0 0.8041237113402062 1086.7579628644946 20.946764300264984 102
1.0 0.0 0.0 1.0 0.0 0.0 0.8345864661654135 1043.6570911812507 19.422127848626044 138
0.9172932330827067 0.08270676691729323 0.0 0.921875 0.078125 0.0 0.8515625 1077.5082547313093 19.83442240025154 133
0.9102564102564102 0.08333333333333333 0.00641025641025641 0.9072847682119205 0.08609271523178808 0.006622516556291391 0.9006622516556292 990.6227463875084 18.842556679147517 156
0.9019607843137255 0.09803921568627451 0.0 0.8986486486486487 0.10135135135135136 0.0 0.6824324324324325 1068.5309654013963 19.02203787848192 153
0.957983193277311 0.04201680672268908 0.0 0.956140350877193 0.043859649122807015 0.0 0.7982456140350878 1087.3902234889815 19.94545069174625 119
1.0 0.0 0.0 1.0 0.0 0.0 1.0 893.1749522371115 20.603882433003985 103
0.9761904761904762 0.023809523809523808 0.0 0.9834710743801653 0.01652892561983471 0.0 0.8181818181818182 995.1147491441787 19.14388812533265 126
0.967741935483871 0.03225806451612903 0.0 0.9659090909090909 0.03409090909090909 0.0 0.875 1068.236705259865 21.3803167716067 93
0.950354609929078 0.04964539007092199 0.0 0.9485294117647058 0.051470588235294115 0.0 0.7205882352941176 1056.152189862338 19.3429672351033 141
0.88 0.12 0.0 0.8827586206896552 0.11724137931034483 0.0 0.8068965517241379 1086.0276105369057 19.4469398397038 150
0.9682539682539683 0.031746031746031744 0.0 0.9669421487603306 0.03305785123966942 0.0 0.9090909090909091 932.9343010653255 17.770806615713482 126
0.9069767441860465 0.08527131782945736 0.007751937984496124 0.9032258064516129 0.08870967741935484 0.008064516129032258 0.9596774193548387 1059.5288947146032 20.90078933151433 129
0.87 0.12 0.01 0.8631578947368421 0.12631578947368421 0.010526315789473684 0.8421052631578947 1039.6803100119523 22.731106504084366 100
1.0 0.0 0.0 1.0 0.0 0.0 0.9111111111111111 992.7833601182247 19.38842006683431 140
0.9538461538461539 0.046153846153846156 0.0 0.952 0.048 0.0 0.736 1042.4025289543779 20.287246202856853 130
0.9375 0.0625 0.0 0.9345794392523364 0.06542056074766354 0.0 0.7570093457943925 1087.4569019296734 20.78422863289352 112
0.9117647058823529 0.08823529411764706 0.0 0.9083969465648855 0.0916030534351145 0.0 0.9465648854961832 1072.8425975871542 21.107651952147695 136
0.9310344827586207 0.06896551724137931 0.0 0.9279279279279279 0.07207207207207207 0.0 0.7207207207207207 920.534917074141 18.151914427375225 116
0.9583333333333334 0.041666666666666664 0.0 0.9568345323741008 0.04316546762589928 0.0 0.5179856115107914 1054.9620824501853 19.009905217151783 144
0.8617886178861789 0.11382113821138211 0.024390243902439025 0.8559322033898306 0.11864406779661017 0.025423728813559324 0.8389830508474576 1069.5691565656268 22.213654486380843 123
1.0 0.0 0.0 1.0 0.0 0.0 0.9814814814814815 1079.4718197086008 23.09324325646236 59
0.9161290322580645 0.08387096774193549 0.0 0.9133333333333333 0.08666666666666667 0.0 0.7266666666666667 1087.450962991536 18.977891084304485 155
0.9878048780487805 0.012195121951219513 0.0 0.9874213836477987 0.012578616352201259 0.0 0.7044025157232704 1079.3983330696515 18.02949317294034 164
0.986013986013986 0.013986013986013986 0.0 0.9855072463768116 0.014492753623188406 0.0 0.9130434782608695 1033.9490851641544 18.952593776828934 143
0.9137931034482759 0.08620689655172414 0.0 0.9099099099099099 0.09009009009009009 0.0 0.7387387387387387 983.5257945863126 19.880428180075434 116
0.9411764705882353 0.058823529411764705 0.0 0.9473684210526315 0.05263157894736842 0.0 0.7982456140350878 1087.1801516703683 20.661819223644198 119
0.8947368421052632 0.10526315789473684 0.0 0.890625 0.109375 0.0 0.8984375 1085.5944593519225 20.686314592297716 133
0.8879310344827587 0.11206896551724138 0.0 0.8828828828828829 0.11711711711711711 0.0 0.8108108108108109 1021.1288154568495 19.46638401700266 116
0.9658119658119658 0.03418803418803419 0.0 0.9642857142857143 0.03571428571428571 0.0 0.875 1059.08686742807 20.213011757311428 117
0.957983193277311 0.04201680672268908 0.0 0.956140350877193 0.043859649122807015 0.0 0.8245614035087719 984.3272831571413 19.587732765800723 119
0.9557522123893806 0.04424778761061947 0.0 0.9537037037037037 0.046296296296296294 0.0 0.8611111111111112 1086.219185983302 20.378163879325115 113
0.9854014598540146 0.014598540145985401 0.0 0.9848484848484849 0.015151515151515152 0.0 0.7878787878787878 1025.8542481638628 19.897240795268516 137
0.9787234042553191 0.02127659574468085 0.0 0.9775280898876404 0.02247191011235955 0.0 0.8876404494382022 1084.5474330972052 22.92076981275367 94
0.8 0.1826086956521739 0.017391304347826087 0.7909090909090909 0.19090909090909092 0.01818181818181818 0.8272727272727273 1052.9477042301096 22.443558536272217 115
0.9017857142857143 0.09821428571428571 0.0 0.897196261682243 0.102803738317757 0.0 0.9906542056074766 1045.4132650252259 24.067431380553053 112
0.9624060150375939 0.03759398496240601 0.0 0.9609375 0.0390625 0.0 0.765625 1079.4874263121353 19.883067618500167 133
0.9384615384615385 0.06153846153846154 0.0 0.936 0.064 0.0 0.752 1087.4079420884127 19.034185154088938 130
0.944 0.056 0.0 0.9416666666666667 0.058333333333333334 0.0 0.8333333333333334 1086.2586331541534 22.20971787740887 125
0.9905660377358491 0.009433962264150943 0.0 0.9900990099009901 0.009900990099009901 0.0 1.0 1055.0440319641243 21.45142025229133 106
0.9487179487179487 0.05128205128205128 0.0 0.9464285714285714 0.05357142857142857 0.0 0.8214285714285714 976.9311060764601 20.79391088515636 117
0.9881656804733728 0.011834319526627219 0.0 0.9878048780487805 0.012195121951219513 0.0 0.16463414634146342 1037.6786793163092 18.446947177612408 169
0.935251798561151 0.06474820143884892 0.0 0.9402985074626866 0.05970149253731343 0.0 0.917910447761194 1013.4047115790706 20.519103968407133 139
0.9078014184397163 0.09219858156028368 0.0 0.9044117647058824 0.09558823529411764 0.0 0.8529411764705882 1070.0605058730735 19.967765241065795 141
0.9473684210526315 0.05263157894736842 0.0 0.9453125 0.0546875 0.0 0.9375 1081.526400508668 21.926812017536278 133
0.927007299270073 0.072992700729927 0.0 0.9242424242424242 0.07575757575757576 0.0 0.7651515151515151 1087.2023777192185 19.376325233913974 137
0.9448818897637795 0.05511811023622047 0.0 0.9426229508196722 0.05737704918032787 0.0 0.6557377049180327 1038.3825428227433 19.784978863733375 127
0.9473684210526315 0.05263157894736842 0.0 0.944954128440367 0.05504587155963303 0.0 0.7064220183486238 1081.6615896687154 21.352726288722057 114
0.9285714285714286 0.0625 0.008928571428571428 0.9252336448598131 0.06542056074766354 0.009345794392523364 0.8504672897196262 1067.6910688631326 20.657567715810845 112
0.9603174603174603 0.023809523809523808 0.015873015873015872 0.9586776859504132 0.024793388429752067 0.01652892561983471 0.8842975206611571 1006.8406634885217 19.484960195123175 126
0.9671052631578947 0.03289473684210526 0.0 0.9659863945578231 0.034013605442176874 0.0 0.7074829931972789 1087.2683412801816 18.460985597989872 152
0.958041958041958 0.04195804195804196 0.0 0.9565217391304348 0.043478260869565216 0.0 0.6521739130434783 1078.8213362371741 18.628623284980115 143
0.9459459459459459 0.05405405405405406 0.0 0.9528301886792453 0.04716981132075472 0.0 0.7452830188679245 1087.4542586378068 19.528864825983977 111
0.7604166666666666 0.19791666666666666 0.041666666666666664 0.7472527472527473 0.2087912087912088 0.04395604395604396 0.9560439560439561 1070.4684892056591 22.663691153873398 96
0.9056603773584906 0.09433962264150944 0.0 0.900990099009901 0.09900990099009901 0.0 1.0 1041.3089973642827 21.1946445323841 106
0.9508196721311475 0.04918032786885246 0.0 0.9487179487179487 0.05128205128205128 0.0 0.8547008547008547 1055.7890241805621 19.008692003647955 122
0.9083969465648855 0.0916030534351145 0.0 0.9047619047619048 0.09523809523809523 0.0 0.7698412698412699 1087.2574899871247 20.493307706894935 131
0.9044117647058824 0.08088235294117647 0.014705882352941176 0.9007633587786259 0.08396946564885496 0.015267175572519083 0.8854961832061069 1033.4391390751798 20.27444333303497 136
0.9517241379310345 0.04827586206896552 0.0 0.95 0.05 0.0 0.7928571428571428 1066.9355235348457 18.240471767369765 145
0.9741379310344828 0.02586206896551724 0.0 0.972972972972973 0.02702702702702703 0.0 1.0 1028.8464788551635 22.532274508301647 116
0.95 0.05 0.0 0.9478260869565217 0.05217391304347826 0.0 0.8608695652173913 1039.451995982519 21.14099836106744 120
0.9661016949152542 0.03389830508474576 0.0 0.9646017699115044 0.035398230088495575 0.0 0.8849557522123894 1059.558470987743 21.417985710948596 118
0.9477611940298507 0.05223880597014925 0.0 0.9457364341085271 0.05426356589147287 0.0 0.8062015503875969 1087.4734936795796 20.2142673520318 134
0.9577464788732394 0.04225352112676056 0.0 0.9562043795620438 0.043795620437956206 0.0 0.8248175182481752 1082.8783282806114 19.89921961861097 142
0.9776119402985075 0.022388059701492536 0.0 0.9767441860465116 0.023255813953488372 0.0 0.8372093023255814 1086.1897767131384 19.212750016926496 134
0.8623853211009175 0.10091743119266056 0.03669724770642202 0.8557692307692307 0.10576923076923077 0.038461538461538464 0.9615384615384616 1076.9295239835276 22.084870190683557 109
0.9444444444444444 0.05555555555555555 0.0 0.9421487603305785 0.05785123966942149 0.0 0.8016528925619835 1080.840168944626 20.6798744938607 126
0.8888888888888888 0.1111111111111111 0.0 0.8853503184713376 0.11464968152866242 0.0 0.8853503184713376 1015.4543665723891 18.11960648493875 162
0.9210526315789473 0.07894736842105263 0.0 0.926605504587156 0.07339449541284404 0.0 0.8715596330275229 1031.1210717496112 20.837271819860188 114
0.8778625954198473 0.09923664122137404 0.022900763358778626 0.8809523809523809 0.09523809523809523 0.023809523809523808 0.8174603174603174 1046.8228370742622 20.967509977331 131
0.9702970297029703 0.0297029702970297 0.0 0.96875 0.03125 0.0 0.9375 1045.1837955636904 21.00152085774247 101
0.9387755102040817 0.061224489795918366 0.0 0.9354838709677419 0.06451612903225806 0.0 0.8172043010752689 1087.4732662706501 22.671755569091182 98
0.9492753623188406 0.050724637681159424 0.0 0.9473684210526315 0.05263157894736842 0.0 0.8120300751879699 1087.0872878273153 19.674130052464314 138
0.9761904761904762 0.023809523809523808 0.0 0.9754601226993865 0.024539877300613498 0.0 0.8404907975460123 1078.88387774833 18.520061331844506 168
0.9032258064516129 0.0967741935483871 0.0 0.8991596638655462 0.10084033613445378 0.0 0.7815126050420168 1086.673581832232 19.475834316218627 124
0.9934640522875817 0.006535947712418301 0.0 0.9932432432432432 0.006756756756756757 0.0 0.722972972972973 1050.5568547863988 19.10362214116879 153
0.957983193277311 0.04201680672268908 0.0 0.956140350877193 0.043859649122807015 0.0 0.8859649122807017 1006.5682046018908 19.71759770618442 119
0.9423076923076923 0.057692307692307696 0.0 0.9403973509933775 0.059602649006622516 0.0 0.8344370860927153 1070.3682739705837 19.748103533340007 156
0.9019607843137255 0.09803921568627451 0.0 0.8986486486486487 0.10135135135135136 0.0 0.7027027027027027 1087.3979228828266 18.90963845027043 153
0.85 0.15 0.0 0.8444444444444444 0.15555555555555556 0.0 0.8518518518518519 1038.5691381452036 19.508446068754335 140
0.855072463768116 0.14492753623188406 0.0 0.849624060150376 0.15037593984962405 0.0 0.7368421052631579 1087.4826093687104 19.13651760817436 138
0.9180327868852459 0.08196721311475409 0.0 0.9145299145299145 0.08547008547008547 0.0 0.5299145299145299 1057.309745983383 20.588821671493335 122
1.0 0.0 0.0 1.0 0.0 0.0 1.0 1074.1062444807997 23.10479624584835 96
0.9885057471264368 0.011494252873563218 0.0 0.9878048780487805 0.012195121951219513 0.0 0.8048780487804879 1076.5519713164822 19.130247148533254 87
0.9469026548672567 0.05309734513274336 0.0 0.9444444444444444 0.05555555555555555 0.0 0.8518518518518519 1078.2835558367037 20.699374712621584 113
0.9838709677419355 0.016129032258064516 0.0 0.9831932773109243 0.01680672268907563 0.0 0.9747899159663865 1028.627235946785 20.350203401109262 124
0.9066666666666666 0.09333333333333334 0.0 0.903448275862069 0.09655172413793103 0.0 0.9862068965517241 1085.3018961370192 20.840048192155336 150
0.9652173913043478 0.034782608695652174 0.0 0.9636363636363636 0.03636363636363636 0.0 0.9272727272727272 1051.2225812507784 20.972595396513643 115
0.8301886792452831 0.16981132075471697 0.0 0.8246753246753247 0.17532467532467533 0.0 0.5714285714285714 1087.3411399339298 19.132850571695823 159
0.8916666666666667 0.10833333333333334 0.0 0.8869565217391304 0.11304347826086956 0.0 0.782608695652174 1078.1200402522009 20.57173014675876 120
0.8601398601398601 0.13986013986013987 0.0 0.855072463768116 0.14492753623188406 0.0 0.5507246376811594 1086.7756543113942 19.848072012845456 143
0.9375 0.0625 0.0 0.9340659340659341 0.06593406593406594 0.0 0.978021978021978 1047.0080570112702 22.80862037143145 96
0.9636363636363636 0.03636363636363636 0.0 0.9619047619047619 0.0380952380952381 0.0 0.7619047619047619 1086.8704757656217 19.846372068491256 110
0.984251968503937 0.015748031496062992 0.0 0.9918032786885246 0.00819672131147541 0.0 0.8114754098360656 1078.9966198746285 18.846735782906244 127
0.9781021897810219 0.021897810218978103 0.0 0.9772727272727273 0.022727272727272728 0.0 0.5075757575757576 1048.3495177810348 20.27971220918628 137
0.9595959595959596 0.04040404040404041 0.0 0.9574468085106383 0.0425531914893617 0.0 0.8829787234042553 1079.2171776747632 20.836337647036288 99
0.9568965517241379 0.04310344827586207 0.0 0.954954954954955 0.04504504504504504 0.0 1.0 933.4391161197785 21.970750488117893 116
0.9685534591194969 0.031446540880503145 0.0 0.974025974025974 0.025974025974025976 0.0 0.7532467532467533 928.2343874031656 18.07316772365015 159
0.9391304347826087 0.06086956521739131 0.0 0.9363636363636364 0.06363636363636363 0.0 0.8 1086.8225586612061 19.638860311903677 115
0.9302325581395349 0.06976744186046512 0.0 0.9259259259259259 0.07407407407407407 0.0 0.7654320987654321 1087.080593370486 23.26266440257347 86
0.935251798561151 0.06474820143884892 0.0 0.9402985074626866 0.05970149253731343 0.0 0.8955223880597015 1063.9476827546018 19.287538698990936 139
0.9596774193548387 0.04032258064516129 0.0 0.9663865546218487 0.03361344537815126 0.0 1.0 1021.4978031089556 21.69685192061437 124
0.9649122807017544 0.03508771929824561 0.0 0.963302752293578 0.03669724770642202 0.0 0.7155963302752294 1086.2544712458644 21.060310966683858 114
0.7837837837837838 0.2 0.016216216216216217 0.7833333333333333 0.2 0.016666666666666666 0.5666666666666667 1087.4785819063077 17.708654874713538 185
0.963963963963964 0.036036036036036036 0.0 0.9622641509433962 0.03773584905660377 0.0 0.7735849056603774 1072.161461913828 20.198460141946533 111
0.9272727272727272 0.07272727272727272 0.0 0.9238095238095239 0.0761904761904762 0.0 0.7428571428571429 1044.1176513186426 21.676038708635687 110
1.0 0.0 0.0 1.0 0.0 0.0 1.0 1063.040080992141 21.436808980729513 111
0.910958904109589 0.08904109589041095 0.0 0.9078014184397163 0.09219858156028368 0.0 0.7943262411347518 1056.4975155466716 19.36232928074034 146
0.9664429530201343 0.03355704697986577 0.0 0.9652777777777778 0.034722222222222224 0.0 0.7986111111111112 960.9407666638473 19.097904573853718 149
0.9618320610687023 0.03816793893129771 0.0 0.9682539682539683 0.031746031746031744 0.0 0.7222222222222222 1081.967388208707 19.42130257542361 131
0.6842105263157895 0.2543859649122807 0.06140350877192982 0.6788990825688074 0.25688073394495414 0.06422018348623854 0.6972477064220184 1084.2584907895623 22.73051495437953 114
0.9891304347826086 0.010869565217391304 0.0 0.9885057471264368 0.011494252873563218 0.0 0.9770114942528736 1065.324854678771 23.313353133799186 92
0.9846153846153847 0.015384615384615385 0.0 0.984 0.016 0.0 0.928 1070.6546769341971 19.708267864972605 130
0.9338842975206612 0.06611570247933884 0.0 0.9310344827586207 0.06896551724137931 0.0 0.43103448275862066 1008.001416065688 19.721179407125668 121
0.9712230215827338 0.02877697841726619 0.0 0.9701492537313433 0.029850746268656716 0.0 0.6417910447761194 1087.264388648043 19.969307841718916 139
0.9029126213592233 0.0970873786407767 0.0 0.8979591836734694 0.10204081632653061 0.0 0.7244897959183674 1086.7665160184881 19.656420752322628 103
0.83125 0.15625 0.0125 0.8258064516129032 0.16129032258064516 0.012903225806451613 0.8258064516129032 1019.243162601669 19.161434302047617 160
0.9669421487603306 0.03305785123966942 0.0 0.9655172413793104 0.034482758620689655 0.0 0.7155172413793104 1047.3620907641246 20.223969874273998 121
0.7669172932330827 0.21804511278195488 0.015037593984962405 0.7578125 0.2265625 0.015625 0.7890625 1057.7609857418677 19.8098677204642 133
0.972972972972973 0.02702702702702703 0.0 0.972027972027972 0.027972027972027972 0.0 0.8251748251748252 1060.0103080663166 18.76280282027239 148
0.9856115107913669 0.014388489208633094 0.0 0.9850746268656716 0.014925373134328358 0.0 0.7388059701492538 1087.3899468368845 19.803045201979785 139
0.9487179487179487 0.042735042735042736 0.008547008547008548 0.9464285714285714 0.044642857142857144 0.008928571428571428 0.9642857142857143 1049.0043232580053 22.429010657813837 117
0.9619047619047619 0.0380952380952381 0.0 0.96 0.04 0.0 0.73 1086.219457477403 20.39689752481603 105
0.9769230769230769 0.023076923076923078 0.0 0.976 0.024 0.0 0.744 1007.2765651208406 19.7195990882834 130
0.9487179487179487 0.05128205128205128 0.0 0.9464285714285714 0.05357142857142857 0.0 0.8571428571428571 1006.0146304994848 19.819740270932773 117
0.9646017699115044 0.035398230088495575 0.0 0.9629629629629629 0.037037037037037035 0.0 0.5833333333333334 1059.2245219527206 20.371804946529313 113
0.8925619834710744 0.10743801652892562 0.0 0.8879310344827587 0.11206896551724138 0.0 0.8620689655172413 975.2867131148706 20.04660593027322 121
0.9285714285714286 0.07142857142857142 0.0 0.9263803680981595 0.0736196319018405 0.0 0.7730061349693251 1060.1411286621094 18.585971662427394 168
