0.8090909090909091 0.19090909090909092 0.0 0.8 0.2 0.0 0.7428571428571429 1085.7469950142893 21.501572358476267 110
0.8970588235294118 0.10294117647058823 0.0 0.8931297709923665 0.10687022900763359 0.0 0.7862595419847328 1041.6955709653123 21.26787152278209 136
0.826530612244898 0.17346938775510204 0.0 0.8172043010752689 0.1827956989247312 0.0 0.8709677419354839 1013.788077414404 23.753593139251578 98
0.8488372093023255 0.1511627906976744 0.0 0.8502994011976048 0.1497005988023952 0.0 0.7065868263473054 1031.556995061708 19.817053547650605 172
0.8294573643410853 0.15503875968992248 0.015503875968992248 0.8225806451612904 0.16129032258064516 0.016129032258064516 0.782258064516129 1073.5641733676034 21.065244904056577 129
0.8928571428571429 0.09523809523809523 0.011904761904761904 0.8860759493670886 0.10126582278481013 0.012658227848101266 0.7721518987341772 1066.1840033071724 22.481651040418715 84
0.8125 0.175 0.0125 0.8 0.18666666666666668 0.013333333333333334 0.8933333333333333 1071.4974492196652 24.23570711153598 80
0.8392857142857143 0.15178571428571427 0.008928571428571428 0.8317757009345794 0.1588785046728972 0.009345794392523364 0.9532710280373832 1073.7357203379381 22.43446620025835 112
0.8787878787878788 0.1111111111111111 0.010101010101010102 0.8829787234042553 0.10638297872340426 0.010638297872340425 0.8936170212765957 1051.6466415892532 24.663080969328625 99
0.8539325842696629 0.12359550561797752 0.02247191011235955 0.8452380952380952 0.13095238095238096 0.023809523809523808 0.9642857142857143 1059.3441723545827 23.7468001463524 89
0.8636363636363636 0.13636363636363635 0.0 0.8661417322834646 0.13385826771653545 0.0 0.7322834645669292 1087.4101024357083 21.15388977515821 132
0.8620689655172413 0.13793103448275862 0.0 0.8536585365853658 0.14634146341463414 0.0 0.7073170731707317 1079.1507846987722 23.113119372027988 87
0.9361702127659575 0.06382978723404255 0.0 0.9325842696629213 0.06741573033707865 0.0 0.7640449438202247 1078.8006180694308 22.288926812072976 94
0.9117647058823529 0.08823529411764706 0.0 0.9047619047619048 0.09523809523809523 0.0 1.0 1058.6849128150914 28.054062347612135 68
0.794392523364486 0.19626168224299065 0.009345794392523364 0.7843137254901961 0.20588235294117646 0.00980392156862745 0.9803921568627451 1067.2114214903913 24.394982498767114 107
0.8728813559322034 0.1271186440677966 0.0 0.8672566371681416 0.13274336283185842 0.0 0.8672566371681416 1050.4691382209571 22.873297814226152 118
0.8524590163934426 0.14754098360655737 0.0 0.8461538461538461 0.15384615384615385 0.0 0.8205128205128205 1051.5631207445872 22.62842625298987 122
0.8387096774193549 0.1532258064516129 0.008064516129032258 0.8319327731092437 0.15966386554621848 0.008403361344537815 0.9495798319327731 1079.7048721828771 23.164393298048434 124
0.8924731182795699 0.10752688172043011 0.0 0.8863636363636364 0.11363636363636363 0.0 0.7272727272727273 1053.555936287928 20.904961988066056 93
0.8785046728971962 0.12149532710280374 0.0 0.8725490196078431 0.12745098039215685 0.0 0.696078431372549 1087.3964379688102 21.875033541920057 107
0.832 0.168 0.0 0.825 0.175 0.0 0.7833333333333333 1030.9996569519817 21.012140567074958 125
0.8739495798319328 0.12605042016806722 0.0 0.868421052631579 0.13157894736842105 0.0 0.6578947368421053 1085.108113276308 21.495118799770847 119
0.9026548672566371 0.09734513274336283 0.0 0.8981481481481481 0.10185185185185185 0.0 0.6759259259259259 1046.5997571602825 20.349926739229826 113
0.8518518518518519 0.14814814814814814 0.0 0.8421052631578947 0.15789473684210525 0.0 0.9736842105263158 1043.777893627255 25.657245492643575 81
0.8548387096774194 0.14516129032258066 0.0 0.8487394957983193 0.15126050420168066 0.0 0.7899159663865546 1049.8283789032218 20.5640135183276 124
0.8773584905660378 0.12264150943396226 0.0 0.8712871287128713 0.12871287128712872 0.0 0.7920792079207921 1086.778269777183 23.43365729737125 106
0.889763779527559 0.11023622047244094 0.0 0.8852459016393442 0.11475409836065574 0.0 0.8032786885245902 1026.883704552456 20.350300850370328 127
0.8484848484848485 0.1414141414141414 0.010101010101010102 0.8404255319148937 0.14893617021276595 0.010638297872340425 0.851063829787234 1077.5132002971447 21.20861278507798 99
0.8476190476190476 0.14285714285714285 0.009523809523809525 0.84 0.15 0.01 0.81 1072.5855055937907 23.11738021413633 105
0.907563025210084 0.09243697478991597 0.0 0.9035087719298246 0.09649122807017543 0.0 0.6754385964912281 1087.4936322511994 20.833161187972674 119
0.8440366972477065 0.1559633027522936 0.0 0.8461538461538461 0.15384615384615385 0.0 0.8942307692307693 1073.9041676836857 21.694884303557174 109
0.900709219858156 0.09219858156028368 0.0070921985815602835 0.8970588235294118 0.09558823529411764 0.007352941176470588 0.75 1055.0203103590725 21.272249213984484 141
0.8442622950819673 0.1557377049180328 0.0 0.8376068376068376 0.1623931623931624 0.0 0.7435897435897436 1087.3911996502627 19.46796591757634 122
0.8834355828220859 0.1165644171779141 0.0 0.8860759493670886 0.11392405063291139 0.0 0.7658227848101266 1087.468688193601 20.627534625625092 163
0.8412698412698413 0.15873015873015872 0.0 0.8347107438016529 0.1652892561983471 0.0 0.7851239669421488 1025.4070997979816 21.020951294644643 126
0.8403361344537815 0.15966386554621848 0.0 0.8333333333333334 0.16666666666666666 0.0 0.8157894736842105 1038.610666983378 22.03076291812998 119
0.875 0.125 0.0 0.8681318681318682 0.13186813186813187 0.0 0.7032967032967034 1066.7289103527166 22.843126301398076 96
0.8558558558558559 0.13513513513513514 0.009009009009009009 0.8490566037735849 0.14150943396226415 0.009433962264150943 0.8867924528301887 1070.392892941883 22.633992318029573 111
0.7727272727272727 0.20909090909090908 0.01818181818181818 0.7619047619047619 0.21904761904761905 0.01904761904761905 1.0 1010.0432424967291 23.492343149031477 110
0.8571428571428571 0.14285714285714285 0.0 0.8504672897196262 0.14953271028037382 0.0 0.8317757009345794 1063.8279609156739 20.39547406821392 112
0.8666666666666667 0.13333333333333333 0.0 0.86 0.14 0.0 0.88 1073.556473173475 22.98677055159287 105
0.7534246575342466 0.2465753424657534 0.0 0.7352941176470589 0.2647058823529412 0.0 1.0 1078.2744179312513 25.25331249486185 73
0.8303571428571429 0.15178571428571427 0.017857142857142856 0.822429906542056 0.1588785046728972 0.018691588785046728 0.822429906542056 1075.249810740421 23.181337172151196 112
0.8446601941747572 0.1262135922330097 0.02912621359223301 0.8367346938775511 0.1326530612244898 0.030612244897959183 0.6836734693877551 957.1405786406236 23.14285619241854 103
0.9171597633136095 0.08284023668639054 0.0 0.9146341463414634 0.08536585365853659 0.0 0.8170731707317073 1077.1599124021127 19.115583314895126 169
0.8571428571428571 0.14285714285714285 0.0 0.85 0.15 0.0 0.95 1081.12580864329 23.215951718213166 105
0.7867647058823529 0.21323529411764705 0.0 0.7786259541984732 0.22137404580152673 0.0 0.7175572519083969 1087.3754200348712 19.955212556438514 136
0.8962962962962963 0.1037037037037037 0.0 0.8923076923076924 0.1076923076923077 0.0 0.823076923076923 1087.27736279925 19.934126906358642 135
0.8214285714285714 0.17857142857142858 0.0 0.810126582278481 0.189873417721519 0.0 0.7341772151898734 1087.0487630442578 20.01181362197684 84
0.7920792079207921 0.2079207920792079 0.0 0.78125 0.21875 0.0 0.7083333333333334 1016.4733136139513 21.7791656843575 101
0.8058252427184466 0.1941747572815534 0.0 0.7959183673469388 0.20408163265306123 0.0 0.9183673469387755 968.5592914170757 21.639883514259896 103
0.6944444444444444 0.28703703703703703 0.018518518518518517 0.6796116504854369 0.30097087378640774 0.019417475728155338 0.6601941747572816 1015.1937634382537 22.277880817376175 108
0.8409090909090909 0.1590909090909091 0.0 0.8313253012048193 0.1686746987951807 0.0 0.9518072289156626 1086.4336151400944 24.925567152067774 88
0.9 0.1 0.0 0.896 0.104 0.0 0.792 1083.2022585712537 20.48938347148865 130
0.8877551020408163 0.11224489795918367 0.0 0.8817204301075269 0.11827956989247312 0.0 0.6881720430107527 1033.4908064965246 19.15677906655204 98
0.8666666666666667 0.13333333333333333 0.0 0.8608695652173913 0.1391304347826087 0.0 0.8347826086956521 1044.2248834076606 20.224365669786273 120
0.7398373983739838 0.25203252032520324 0.008130081300813009 0.7288135593220338 0.2627118644067797 0.00847457627118644 0.7796610169491526 1078.5631756847429 20.900224702901493 123
0.7217391304347827 0.24347826086956523 0.034782608695652174 0.7090909090909091 0.2545454545454545 0.03636363636363636 0.7727272727272727 1005.5134108432007 22.707471024838654 115
0.8407079646017699 0.1592920353982301 0.0 0.8333333333333334 0.16666666666666666 0.0 0.7129629629629629 1086.903409350234 22.756093102342458 113
0.9117647058823529 0.08823529411764706 0.0 0.9072164948453608 0.09278350515463918 0.0 0.8556701030927835 1038.5960047852886 22.265216235949964 102
0.7482517482517482 0.24475524475524477 0.006993006993006993 0.7463768115942029 0.2463768115942029 0.007246376811594203 0.7536231884057971 1039.6092422191227 20.800616020357737 143
0.8823529411764706 0.11764705882352941 0.0 0.8778625954198473 0.12213740458015267 0.0 0.7938931297709924 978.6350930835105 20.131351479906616 136
0.7678571428571429 0.22321428571428573 0.008928571428571428 0.7570093457943925 0.2336448598130841 0.009345794392523364 0.897196261682243 1032.8850096703434 22.424690975704287 112
0.8290598290598291 0.1623931623931624 0.008547008547008548 0.8303571428571429 0.16071428571428573 0.008928571428571428 0.7321428571428571 1079.3108510597533 21.277115587766907 117
0.7521367521367521 0.19658119658119658 0.05128205128205128 0.7410714285714286 0.20535714285714285 0.05357142857142857 0.6875 1059.4032235541401 22.51641393420198 117
0.8686131386861314 0.13138686131386862 0.0 0.8636363636363636 0.13636363636363635 0.0 0.6515151515151515 1022.3350736007209 20.71689256464915 137
0.825 0.175 0.0 0.8173913043478261 0.1826086956521739 0.0 0.782608695652174 1049.3935990666914 20.383543096646633 120
0.9236641221374046 0.07633587786259542 0.0 0.9206349206349206 0.07936507936507936 0.0 0.8015873015873016 1087.2643186629705 21.133669579009783 131
0.7653061224489796 0.20408163265306123 0.030612244897959183 0.7526881720430108 0.21505376344086022 0.03225806451612903 0.8279569892473119 1034.0681428747919 21.91548725308442 98
0.8560606060606061 0.13636363636363635 0.007575757575757576 0.8582677165354331 0.13385826771653545 0.007874015748031496 0.7795275590551181 1087.166558607409 19.218941725015448 132
0.8666666666666667 0.13333333333333333 0.0 0.8588235294117647 0.1411764705882353 0.0 0.788235294117647 1086.915655949873 21.59739127758186 90
0.8813559322033898 0.11864406779661017 0.0 0.8761061946902655 0.12389380530973451 0.0 0.8141592920353983 1039.656503491576 20.69770081497396 118
0.7326732673267327 0.2376237623762376 0.0297029702970297 0.71875 0.25 0.03125 0.8645833333333334 1040.8592263529665 25.65229813783413 101
0.912 0.088 0.0 0.9083333333333333 0.09166666666666666 0.0 0.775 1070.285035139523 19.628337943558385 125
0.6777777777777778 0.2777777777777778 0.044444444444444446 0.6588235294117647 0.29411764705882354 0.047058823529411764 0.9176470588235294 1016.0655492213975 25.545316234474203 90
0.7391304347826086 0.25 0.010869565217391304 0.7241379310344828 0.26436781609195403 0.011494252873563218 0.9655172413793104 1022.1269363036453 24.87876726751496 92
0.8666666666666667 0.1259259259259259 0.007407407407407408 0.8615384615384616 0.13076923076923078 0.007692307692307693 0.8384615384615385 1010.0091907675105 21.418681986495283 135
0.7851851851851852 0.21481481481481482 0.0 0.7769230769230769 0.2230769230769231 0.0 0.7615384615384615 1086.780872728622 20.715486562592915 135
0.8014705882352942 0.19117647058823528 0.007352941176470588 0.7938931297709924 0.1984732824427481 0.007633587786259542 0.8320610687022901 1069.445579981917 22.347579732141572 136
0.8918918918918919 0.10810810810810811 0.0 0.8867924528301887 0.11320754716981132 0.0 0.8679245283018868 1073.634582888623 22.76101409485002 111
0.8909090909090909 0.10909090909090909 0.0 0.8857142857142857 0.11428571428571428 0.0 0.7523809523809524 1047.8589296490572 23.20725471138538 110
0.8442622950819673 0.1557377049180328 0.0 0.8376068376068376 0.1623931623931624 0.0 0.6923076923076923 1084.3912321830253 21.170176631383878 122
0.9108910891089109 0.0891089108910891 0.0 0.90625 0.09375 0.0 0.6770833333333334 1075.0113910450702 22.333623030315152 101
0.8455284552845529 0.15447154471544716 0.0 0.8389830508474576 0.16101694915254236 0.0 0.7372881355932204 1087.3972172124331 22.372358972139573 123
0.8898305084745762 0.11016949152542373 0.0 0.8849557522123894 0.11504424778761062 0.0 0.8672566371681416 1060.3178060033845 20.769933651773318 118
0.7441860465116279 0.23255813953488372 0.023255813953488372 0.7338709677419355 0.24193548387096775 0.024193548387096774 0.8951612903225806 1038.0532993104177 20.982964566591942 129
0.8828125 0.1171875 0.0 0.8780487804878049 0.12195121951219512 0.0 0.8943089430894309 1086.9906944743223 21.35053878221568 128
0.8454545454545455 0.14545454545454545 0.00909090909090909 0.8380952380952381 0.1523809523809524 0.009523809523809525 0.8952380952380953 1037.7687954349124 21.830811289364465 110
0.636986301369863 0.3424657534246575 0.02054794520547945 0.6312056737588653 0.3475177304964539 0.02127659574468085 0.7730496453900709 1070.3290683897499 20.038106477541984 146
0.8728813559322034 0.1271186440677966 0.0 0.8672566371681416 0.13274336283185842 0.0 0.7522123893805309 1057.7401566531512 20.157492858940323 118
0.8726114649681529 0.12738853503184713 0.0 0.868421052631579 0.13157894736842105 0.0 0.7894736842105263 1087.3878692381834 20.546530123184485 157
0.8214285714285714 0.17857142857142858 0.0 0.822429906542056 0.17757009345794392 0.0 0.8504672897196262 1023.7393505107741 21.630519449561266 112
0.8050847457627118 0.17796610169491525 0.01694915254237288 0.7964601769911505 0.18584070796460178 0.017699115044247787 0.7876106194690266 1032.8407242062965 22.122158457287313 118
0.8043478260869565 0.1956521739130435 0.0 0.8045977011494253 0.19540229885057472 0.0 0.6666666666666666 1087.4537616313057 21.749082249176553 92
0.6190476190476191 0.26666666666666666 0.11428571428571428 0.6 0.28 0.12 0.91 1021.7220712411862 23.247058567621536 105
0.8495575221238938 0.13274336283185842 0.017699115044247787 0.8518518518518519 0.12962962962962962 0.018518518518518517 0.8888888888888888 1064.9349665013583 22.57262594645808 113
0.8013245033112583 0.1986754966887417 0.0 0.8013698630136986 0.19863013698630136 0.0 0.6712328767123288 1087.3924613830745 19.641681138015265 151
0.75 0.22321428571428573 0.026785714285714284 0.7476635514018691 0.22429906542056074 0.028037383177570093 0.7383177570093458 1077.1410228703912 21.560299586454818 112
0.8333333333333334 0.16666666666666666 0.0 0.8260869565217391 0.17391304347826086 0.0 0.7304347826086957 1087.2338230759567 20.287817765402977 120
0.797752808988764 0.19101123595505617 0.011235955056179775 0.7857142857142857 0.20238095238095238 0.011904761904761904 0.9523809523809523 1052.1507069970307 23.69573790073145 89
0.853448275862069 0.14655172413793102 0.0 0.8468468468468469 0.15315315315315314 0.0 0.7567567567567568 1086.3093313426632 20.85022656853516 116
0.93 0.07 0.0 0.9263157894736842 0.07368421052631578 0.0 0.8210526315789474 1049.7425091931948 19.548438438979975 100
0.898876404494382 0.10112359550561797 0.0 0.8928571428571429 0.10714285714285714 0.0 1.0 1087.0231980610467 23.67333895983761 89
0.7913043478260869 0.2 0.008695652173913044 0.7818181818181819 0.20909090909090908 0.00909090909090909 0.8181818181818182 1086.9766002154176 22.825329281982803 115
0.8837209302325582 0.11627906976744186 0.0 0.8790322580645161 0.12096774193548387 0.0 0.8225806451612904 1047.8330920516366 21.714969383578953 129
0.8275862068965517 0.1724137931034483 0.0 0.8198198198198198 0.18018018018018017 0.0 0.7567567567567568 1074.1971486034706 23.229722965550042 116
0.85 0.15 0.0 0.84 0.16 0.0 0.9866666666666667 903.606173515915 23.008747367441977 80
0.927536231884058 0.07246376811594203 0.0 0.921875 0.078125 0.0 0.65625 1074.9491162449149 24.391084549363736 69
0.8888888888888888 0.10101010101010101 0.010101010101010102 0.8829787234042553 0.10638297872340426 0.010638297872340425 0.5851063829787234 1068.1676501582108 21.90920811341793 99
0.8984375 0.1015625 0.0 0.8943089430894309 0.10569105691056911 0.0 0.7804878048780488 961.575820898889 20.82116701366796 128
0.7264957264957265 0.26495726495726496 0.008547008547008548 0.7232142857142857 0.26785714285714285 0.008928571428571428 0.7857142857142857 1087.2739372536532 21.43393521853565 117
0.8267716535433071 0.1732283464566929 0.0 0.819672131147541 0.18032786885245902 0.0 0.7377049180327869 1086.9909069393937 22.431916249361148 127
0.875 0.125 0.0 0.8699186991869918 0.13008130081300814 0.0 0.9024390243902439 1082.87452514025 21.19425648936235 128
0.8488372093023255 0.1511627906976744 0.0 0.8395061728395061 0.16049382716049382 0.0 0.8395061728395061 1074.9981118608057 26.026365222458857 86
0.8727272727272727 0.12727272727272726 0.0 0.8666666666666667 0.13333333333333333 0.0 0.7619047619047619 1084.5749244729252 22.91197291706891 110
0.7631578947368421 0.23684210526315788 0.0 0.7522935779816514 0.24770642201834864 0.0 0.9908256880733946 1024.2879847731558 23.056583366427592 114
0.744 0.248 0.008 0.7333333333333333 0.25833333333333336 0.008333333333333333 0.7416666666666667 1076.0553423608592 20.939341847992328 125
0.845360824742268 0.15463917525773196 0.0 0.8369565217391305 0.16304347826086957 0.0 0.9456521739130435 1061.968551452067 22.216115504539676 97
0.8584905660377359 0.14150943396226415 0.0 0.8514851485148515 0.1485148514851485 0.0 0.7722772277227723 970.6201479783564 23.147205375386523 106
0.7913043478260869 0.1826086956521739 0.02608695652173913 0.7818181818181819 0.19090909090909092 0.02727272727272727 0.8181818181818182 1068.0743175986547 21.969440940404706 115
0.9285714285714286 0.07142857142857142 0.0 0.9247311827956989 0.07526881720430108 0.0 0.989247311827957 1054.0142040651099 22.783710614427473 98
0.8617886178861789 0.12195121951219512 0.016260162601626018 0.8559322033898306 0.1271186440677966 0.01694915254237288 0.8389830508474576 1084.4630171725848 20.246299270813747 123
0.8661971830985915 0.13380281690140844 0.0 0.8613138686131386 0.1386861313868613 0.0 0.7372262773722628 1087.3145910896505 19.920372918959934 142
0.8910891089108911 0.10891089108910891 0.0 0.8854166666666666 0.11458333333333333 0.0 0.75 1087.401455251393 21.474162299879108 101
0.868421052631579 0.13157894736842105 0.0 0.8623853211009175 0.13761467889908258 0.0 0.8073394495412844 1087.393408452933 21.390802162438728 114
0.808 0.144 0.048 0.8 0.15 0.05 0.8166666666666667 958.1999769469696 21.223216932503234 125
0.8620689655172413 0.13793103448275862 0.0 0.8558558558558559 0.14414414414414414 0.0 0.6486486486486487 1087.2498547725588 19.570040966683877 116
0.8734177215189873 0.12658227848101267 0.0 0.8758169934640523 0.12418300653594772 0.0 0.8169934640522876 1087.487827804756 20.460015366630156 158
0.7692307692307693 0.21153846153846154 0.019230769230769232 0.7575757575757576 0.2222222222222222 0.020202020202020204 1.0 1078.3339850178681 25.169743875502157 104
0.8721804511278195 0.12781954887218044 0.0 0.8671875 0.1328125 0.0 0.8125 1057.1990949708875 19.903343871813735 133
0.8558558558558559 0.14414414414414414 0.0 0.8490566037735849 0.1509433962264151 0.0 0.8584905660377359 1084.6720967071387 22.38175315353212 111
0.7980769230769231 0.20192307692307693 0.0 0.7878787878787878 0.21212121212121213 0.0 0.9494949494949495 1057.7227301226187 21.848765107379652 104
0.8632478632478633 0.13675213675213677 0.0 0.8660714285714286 0.13392857142857142 0.0 0.8392857142857143 1040.7260640583152 21.142847519055387 117
0.896551724137931 0.10344827586206896 0.0 0.9009009009009009 0.0990990990990991 0.0 0.7477477477477478 1056.0285468771756 21.184984212836248 116
0.8354430379746836 0.16455696202531644 0.0 0.8243243243243243 0.17567567567567569 0.0 0.9459459459459459 1067.883651947788 25.0983046620451 79
0.9098360655737705 0.09016393442622951 0.0 0.905982905982906 0.09401709401709402 0.0 0.7692307692307693 1083.0537089647207 21.019188963569974 122
0.7747747747747747 0.2072072072072072 0.018018018018018018 0.7641509433962265 0.2169811320754717 0.018867924528301886 0.9056603773584906 1074.903581903644 23.534027449724608 111
0.8169934640522876 0.1830065359477124 0.0 0.8108108108108109 0.1891891891891892 0.0 0.7162162162162162 1087.31914615486 19.954602948013548 153
0.8148148148148148 0.18518518518518517 0.0 0.8026315789473685 0.19736842105263158 0.0 0.8157894736842105 996.8261662645867 23.771930656698416 81
0.9074074074074074 0.09259259259259259 0.0 0.9029126213592233 0.0970873786407767 0.0 0.7766990291262136 1063.866632053121 22.609739490836734 108
0.9090909090909091 0.09090909090909091 0.0 0.9042553191489362 0.09574468085106383 0.0 0.9361702127659575 1027.4457777252485 24.61980335254445 99
0.8449612403100775 0.15503875968992248 0.0 0.8387096774193549 0.16129032258064516 0.0 0.8467741935483871 1063.088961337806 21.257289080132303 129
0.8839285714285714 0.11607142857142858 0.0 0.8785046728971962 0.12149532710280374 0.0 0.7383177570093458 1081.979699345834 21.430996249345007 112
0.76 0.24 0.0 0.7578947368421053 0.24210526315789474 0.0 0.7789473684210526 1079.757513336708 23.283558592037977 100
0.9016393442622951 0.09836065573770492 0.0 0.8974358974358975 0.10256410256410256 0.0 0.7606837606837606 1087.3764476421666 21.465247731571456 122
0.8396946564885496 0.16030534351145037 0.0 0.8333333333333334 0.16666666666666666 0.0 0.5079365079365079 1062.7838998664547 22.49729041917902 131
0.7956989247311828 0.20430107526881722 0.0 0.7954545454545454 0.20454545454545456 0.0 0.7613636363636364 1047.194405917512 22.24695814377292 93
0.8620689655172413 0.13793103448275862 0.0 0.8558558558558559 0.14414414414414414 0.0 0.7477477477477478 1087.3932077852562 20.88621882890752 116
0.8103448275862069 0.1896551724137931 0.0 0.8018018018018018 0.1981981981981982 0.0 0.7927927927927928 1087.4014427300579 22.772722086579513 116
0.7908496732026143 0.20261437908496732 0.006535947712418301 0.7837837837837838 0.20945945945945946 0.006756756756756757 0.7162162162162162 1087.2277098955813 20.01184322094602 153
0.8961038961038961 0.1038961038961039 0.0 0.8888888888888888 0.1111111111111111 0.0 0.8333333333333334 1064.883723619297 21.857405211062133 77
0.8648648648648649 0.13513513513513514 0.0 0.8584905660377359 0.14150943396226415 0.0 0.8018867924528302 1035.5756476181002 21.3891786188302 111
0.8672566371681416 0.13274336283185842 0.0 0.8703703703703703 0.12962962962962962 0.0 0.7592592592592593 1087.0237389107633 20.719685805188455 113
0.8598130841121495 0.14018691588785046 0.0 0.8529411764705882 0.14705882352941177 0.0 0.8137254901960784 1067.983764711524 22.26933045615784 107
0.8026315789473685 0.19078947368421054 0.006578947368421052 0.7959183673469388 0.19727891156462585 0.006802721088435374 0.891156462585034 1030.425490106981 21.771404075284337 152
0.782608695652174 0.1826086956521739 0.034782608695652174 0.7818181818181819 0.18181818181818182 0.03636363636363636 0.7727272727272727 1085.8684161606848 23.532329545617163 115
0.8975903614457831 0.10240963855421686 0.0 0.8944099378881988 0.10559006211180125 0.0 0.8509316770186336 1086.0773466869352 20.254014885605333 166
0.7985611510791367 0.17985611510791366 0.02158273381294964 0.7910447761194029 0.1865671641791045 0.022388059701492536 0.753731343283582 1087.3919537437555 21.05707536162986 139
0.875 0.125 0.0 0.8691588785046729 0.1308411214953271 0.0 0.7757009345794392 1080.5960257351928 21.20379218367234 112
0.8979591836734694 0.10204081632653061 0.0 0.8924731182795699 0.10752688172043011 0.0 0.9354838709677419 1086.702816604529 23.03621179375527 98
0.8495575221238938 0.1504424778761062 0.0 0.8518518518518519 0.14814814814814814 0.0 0.7685185185185185 1087.3844813388737 21.414374416670803 113
0.837037037037037 0.11851851851851852 0.044444444444444446 0.8307692307692308 0.12307692307692308 0.046153846153846156 0.8 1024.444623239809 20.36629244447861 135
0.875968992248062 0.12403100775193798 0.0 0.8709677419354839 0.12903225806451613 0.0 0.6129032258064516 1087.4206906021802 20.59254768256285 129
0.8211382113821138 0.17886178861788618 0.0 0.8135593220338984 0.1864406779661017 0.0 0.8135593220338984 1084.9046503893512 21.1756974659455 123
0.8646616541353384 0.13533834586466165 0.0 0.859375 0.140625 0.0 0.75 1058.5293840728136 20.75349600269525 133
0.8627450980392157 0.13725490196078433 0.0 0.865979381443299 0.13402061855670103 0.0 0.6907216494845361 1086.4187132585937 21.136452521017247 102
0.8301886792452831 0.16981132075471697 0.0 0.8217821782178217 0.1782178217821782 0.0 0.7029702970297029 1058.7490713754044 21.75785681256624 106
0.8554216867469879 0.14457831325301204 0.0 0.8461538461538461 0.15384615384615385 0.0 0.9230769230769231 1054.4067124737642 22.87389863680294 83
0.9541284403669725 0.045871559633027525 0.0 0.9519230769230769 0.04807692307692308 0.0 0.8269230769230769 1079.0932141544124 19.942925845260255 109
0.75 0.24107142857142858 0.008928571428571428 0.7476635514018691 0.24299065420560748 0.009345794392523364 0.719626168224299 1066.9913178903475 21.115011175230627 112
0.8874172185430463 0.11258278145695365 0.0 0.8835616438356164 0.11643835616438356 0.0 0.7397260273972602 1086.9207250436966 20.25444499201509 151
0.8571428571428571 0.14285714285714285 0.0 0.852112676056338 0.14788732394366197 0.0 0.6690140845070423 1087.43272855626 19.657525951599712 147
0.8396946564885496 0.16030534351145037 0.0 0.8333333333333334 0.16666666666666666 0.0 0.8571428571428571 1072.1371859723113 20.889746384465887 131
0.8690476190476191 0.13095238095238096 0.0 0.8607594936708861 0.13924050632911392 0.0 0.9240506329113924 1038.0313710749576 23.53444045467082 84
0.8571428571428571 0.14285714285714285 0.0 0.85 0.15 0.0 0.88 1087.351733570122 21.17704072814523 105
0.8913043478260869 0.10869565217391304 0.0 0.8850574712643678 0.11494252873563218 0.0 0.7701149425287356 929.4012601600634 24.099605676052935 92
0.8172043010752689 0.1827956989247312 0.0 0.8068181818181818 0.19318181818181818 0.0 0.5454545454545454 1068.4294063762104 21.16091985790808 93
0.8089887640449438 0.19101123595505617 0.0 0.7976190476190477 0.20238095238095238 0.0 0.9404761904761905 1035.5392395626106 22.193084250029997 89
0.8762886597938144 0.12371134020618557 0.0 0.8695652173913043 0.13043478260869565 0.0 0.9456521739130435 1078.6484269759385 24.019049596291055 97
0.8345323741007195 0.16546762589928057 0.0 0.8283582089552238 0.17164179104477612 0.0 0.9253731343283582 1047.06500428607 20.993859424637254 139
0.9193548387096774 0.08064516129032258 0.0 0.9159663865546218 0.08403361344537816 0.0 0.6890756302521008 1060.2760159212953 21.36339067669147 124
0.7865168539325843 0.20224719101123595 0.011235955056179775 0.7738095238095238 0.21428571428571427 0.011904761904761904 0.9047619047619048 1028.1610241151038 23.248053047511068 89
0.9010989010989011 0.0989010989010989 0.0 0.8953488372093024 0.10465116279069768 0.0 0.9767441860465116 989.1938476414282 22.78160219977611 91
0.8588235294117647 0.11764705882352941 0.023529411764705882 0.85 0.125 0.025 1.0 1061.194488227309 25.370380311796673 85
0.8974358974358975 0.10256410256410256 0.0 0.8928571428571429 0.10714285714285714 0.0 0.7946428571428571 1031.5496554430351 21.04220994852043 117
0.8347826086956521 0.16521739130434782 0.0 0.8272727272727273 0.17272727272727273 0.0 0.8 1081.7420746963573 23.280262800082625 115
0.84 0.15 0.01 0.8421052631578947 0.14736842105263157 0.010526315789473684 0.8315789473684211 1062.713315567564 21.921048894752186 100
0.8584070796460177 0.1415929203539823 0.0 0.8518518518518519 0.14814814814814814 0.0 0.6851851851851852 1045.7836690980512 22.06746283355897 113
0.7368421052631579 0.24561403508771928 0.017543859649122806 0.7247706422018348 0.25688073394495414 0.01834862385321101 0.981651376146789 1041.5628984372902 23.25001221111886 114
0.9166666666666666 0.08333333333333333 0.0 0.9130434782608695 0.08695652173913043 0.0 0.7739130434782608 1087.3729537503543 22.196754955654914 120
0.8521739130434782 0.14782608695652175 0.0 0.8454545454545455 0.15454545454545454 0.0 0.7909090909090909 1079.4595038460332 21.697126142536828 115
0.7738095238095238 0.19642857142857142 0.02976190476190476 0.7668711656441718 0.20245398773006135 0.03067484662576687 0.8466257668711656 1086.6431891821417 20.78953566635324 168
0.8272727272727273 0.14545454545454545 0.02727272727272727 0.8285714285714286 0.14285714285714285 0.02857142857142857 0.7142857142857143 1049.7744985014383 20.720128786639187 110
0.8899082568807339 0.11009174311926606 0.0 0.8846153846153846 0.11538461538461539 0.0 0.8461538461538461 1040.944036789507 22.073547384922048 109
0.8505747126436781 0.13793103448275862 0.011494252873563218 0.8414634146341463 0.14634146341463414 0.012195121951219513 0.9878048780487805 965.3897075774075 25.699001781224833 87
0.8275862068965517 0.16551724137931034 0.006896551724137931 0.8214285714285714 0.17142857142857143 0.007142857142857143 0.7642857142857142 1004.96519287354 22.109038819828484 145
0.8461538461538461 0.14102564102564102 0.01282051282051282 0.8356164383561644 0.1506849315068493 0.0136986301369863 1.0 1063.4755882242825 26.703237858807103 78
0.7663551401869159 0.22429906542056074 0.009345794392523364 0.7549019607843137 0.23529411764705882 0.00980392156862745 0.803921568627451 1086.0958668669916 23.390981607964214 107
0.7363636363636363 0.24545454545454545 0.01818181818181818 0.7238095238095238 0.2571428571428571 0.01904761904761905 0.6761904761904762 1087.4776089610075 21.644509058814855 110
0.6666666666666666 0.2619047619047619 0.07142857142857142 0.6611570247933884 0.2644628099173554 0.0743801652892562 0.6198347107438017 1083.8402912953907 21.502610961104043 126
0.6935483870967742 0.29838709677419356 0.008064516129032258 0.680672268907563 0.31092436974789917 0.008403361344537815 0.7142857142857143 1080.8195772970782 22.596691775042025 124
0.7987804878048781 0.20121951219512196 0.0 0.7924528301886793 0.20754716981132076 0.0 0.8805031446540881 1081.9431884946562 20.67357916001814 164
0.8288288288288288 0.17117117117117117 0.0 0.8207547169811321 0.1792452830188679 0.0 0.8301886792452831 1086.4676459771495 20.500899904016535 111
0.7870370370370371 0.2037037037037037 0.009259259259259259 0.7766990291262136 0.21359223300970873 0.009708737864077669 0.6796116504854369 1075.2471118412632 21.913083107397156 108
0.8737864077669902 0.1262135922330097 0.0 0.8673469387755102 0.1326530612244898 0.0 0.6428571428571429 1086.8986763959224 21.27130315908884 103
0.8518518518518519 0.14814814814814814 0.0 0.8471337579617835 0.15286624203821655 0.0 0.7388535031847133 1087.4016843364095 19.892016783125428 162
0.8514851485148515 0.1485148514851485 0.0 0.8541666666666666 0.14583333333333334 0.0 0.6770833333333334 1087.4616275122444 21.005812000812945 101
0.8620689655172413 0.13793103448275862 0.0 0.8558558558558559 0.14414414414414414 0.0 0.6936936936936937 1087.4152375225447 19.9447680970967 116
0.8785714285714286 0.12142857142857143 0.0 0.8740740740740741 0.1259259259259259 0.0 0.8222222222222222 1087.1922368930657 21.633473213590054 140
0.7333333333333333 0.2518518518518518 0.014814814814814815 0.7230769230769231 0.26153846153846155 0.015384615384615385 0.823076923076923 974.706026652438 21.259886483089716 135
0.8303571428571429 0.16964285714285715 0.0 0.822429906542056 0.17757009345794392 0.0 0.7009345794392523 1080.7771694691894 21.879000417613714 112
0.8203125 0.1796875 0.0 0.8130081300813008 0.18699186991869918 0.0 0.7317073170731707 1082.9786887785397 20.830899272841826 128
0.8641975308641975 0.13580246913580246 0.0 0.8552631578947368 0.14473684210526316 0.0 0.868421052631579 1019.7765135176447 23.8039743195309 81
0.8235294117647058 0.16176470588235295 0.014705882352941176 0.8095238095238095 0.1746031746031746 0.015873015873015872 0.9523809523809523 1079.0575164919285 27.07988479254296 68
0.926829268292683 0.06504065040650407 0.008130081300813009 0.923728813559322 0.06779661016949153 0.00847457627118644 0.864406779661017 1063.287688995469 21.332798527863904 123
0.8333333333333334 0.16666666666666666 0.0 0.8347826086956521 0.16521739130434782 0.0 0.8434782608695652 1029.1164235779504 22.1745453805043 120
0.8395061728395061 0.16049382716049382 0.0 0.8289473684210527 0.17105263157894737 0.0 0.8289473684210527 1087.3905626354642 21.327291658325034 81
0.7878787878787878 0.17424242424242425 0.03787878787878788 0.7795275590551181 0.18110236220472442 0.03937007874015748 0.7165354330708661 1077.355738619097 21.23970692378078 132
0.7876106194690266 0.168141592920354 0.04424778761061947 0.7777777777777778 0.17592592592592593 0.046296296296296294 0.9259259259259259 998.3257919949515 22.017462824247293 113
0.8672566371681416 0.13274336283185842 0.0 0.8611111111111112 0.1388888888888889 0.0 0.8981481481481481 1003.9544201557015 22.290235175345586 113
0.8295454545454546 0.1590909090909091 0.011363636363636364 0.8192771084337349 0.1686746987951807 0.012048192771084338 0.8192771084337349 1043.1134821570483 26.160547457357897 88
0.7642857142857142 0.2357142857142857 0.0 0.762962962962963 0.23703703703703705 0.0 0.8 1068.889602012311 20.72287723190309 140
0.8846153846153846 0.11538461538461539 0.0 0.8787878787878788 0.12121212121212122 0.0 0.8585858585858586 1010.1114728737 21.511702661375242 104
0.9368421052631579 0.06315789473684211 0.0 0.9333333333333333 0.06666666666666667 0.0 0.8888888888888888 1067.6769111658293 21.639996302232813 95
0.8547008547008547 0.1452991452991453 0.0 0.8571428571428571 0.14285714285714285 0.0 0.6428571428571429 1033.3715383758738 22.076802054890763 117
0.810126582278481 0.1518987341772152 0.0379746835443038 0.7972972972972973 0.16216216216216217 0.04054054054054054 0.8918918918918919 951.8090717536131 22.94480098219326 79
0.794392523364486 0.205607476635514 0.0 0.7843137254901961 0.21568627450980393 0.0 0.8333333333333334 967.8075332661581 22.751458181199315 107
0.8091603053435115 0.183206106870229 0.007633587786259542 0.8015873015873016 0.19047619047619047 0.007936507936507936 0.8174603174603174 1080.326809408804 22.171150672668894 131
0.8809523809523809 0.11904761904761904 0.0 0.8842975206611571 0.11570247933884298 0.0 0.7107438016528925 1087.0119655971298 21.000021111474567 126
0.8794326241134752 0.12056737588652482 0.0 0.875 0.125 0.0 0.9044117647058824 1069.218572006348 21.60516947676949 141
0.8305084745762712 0.1694915254237288 0.0 0.8230088495575221 0.17699115044247787 0.0 0.7964601769911505 1052.564698763474 21.221600449253085 118
0.8524590163934426 0.13934426229508196 0.00819672131147541 0.8461538461538461 0.1452991452991453 0.008547008547008548 0.8205128205128205 1055.4672020536896 21.50682464479596 122
0.8583333333333333 0.14166666666666666 0.0 0.8521739130434782 0.14782608695652175 0.0 0.8521739130434782 1031.1098111208676 22.584982198213886 120
0.86 0.14 0.0 0.8526315789473684 0.14736842105263157 0.0 0.8210526315789474 1034.6247495345722 23.20944240427922 100
0.8305084745762712 0.16101694915254236 0.00847457627118644 0.8230088495575221 0.168141592920354 0.008849557522123894 0.7699115044247787 1078.8486199773793 21.93457575997286 118
0.8952380952380953 0.10476190476190476 0.0 0.89 0.11 0.0 0.92 1076.740244639985 23.915777131289556 105
0.8666666666666667 0.13333333333333333 0.0 0.86 0.14 0.0 0.86 1083.14055452748 22.34507612221074 105
0.88 0.12 0.0 0.8714285714285714 0.12857142857142856 0.0 1.0 1071.8603261534006 24.554310078256457 75
0.8269230769230769 0.17307692307692307 0.0 0.8181818181818182 0.18181818181818182 0.0 0.6868686868686869 1044.916442276555 21.945943974098967 104
0.8426966292134831 0.15730337078651685 0.0 0.8333333333333334 0.16666666666666666 0.0 0.8333333333333334 1001.5163411668401 23.391554289201906 89
0.815068493150685 0.18493150684931506 0.0 0.8085106382978723 0.19148936170212766 0.0 0.8297872340425532 1044.1754617243257 20.3080820185421 146
0.8278688524590164 0.16393442622950818 0.00819672131147541 0.8290598290598291 0.1623931623931624 0.008547008547008548 0.7435897435897436 1087.0747000753574 21.5253245087309 122
0.7307692307692307 0.2403846153846154 0.028846153846153848 0.7171717171717171 0.25252525252525254 0.030303030303030304 0.8888888888888888 1086.9618183632303 23.46684133069554 104
0.8376068376068376 0.1623931623931624 0.0 0.8303571428571429 0.16964285714285715 0.0 0.7232142857142857 1085.5608579054303 22.133944589120027 117
0.8110236220472441 0.1889763779527559 0.0 0.8032786885245902 0.19672131147540983 0.0 0.7540983606557377 1068.3523912224994 20.860666749186397 127
0.8489208633093526 0.1510791366906475 0.0 0.8432835820895522 0.15671641791044777 0.0 0.746268656716418 1087.4162076824332 20.05721610966002 139
0.8597560975609756 0.1402439024390244 0.0 0.8553459119496856 0.14465408805031446 0.0 0.7735849056603774 1087.4348766107908 20.242949645867718 164
0.8653846153846154 0.1346153846153846 0.0 0.8585858585858586 0.1414141414141414 0.0 0.8080808080808081 974.3827443563217 22.00353035505807 104
0.87 0.12 0.01 0.8631578947368421 0.12631578947368421 0.010526315789473684 0.968421052631579 1080.3586538089842 24.543714103674592 100
0.8916666666666667 0.10833333333333334 0.0 0.8869565217391304 0.11304347826086956 0.0 0.7391304347826086 1087.4391924368742 23.457240968065243 120
0.7755102040816326 0.19387755102040816 0.030612244897959183 0.7634408602150538 0.20430107526881722 0.03225806451612903 0.9247311827956989 1044.2477411447994 23.84577158924036 98
0.7956989247311828 0.1935483870967742 0.010752688172043012 0.7840909090909091 0.20454545454545456 0.011363636363636364 0.7386363636363636 1080.1713781185124 23.663793344653126 93
0.8581081081081081 0.14189189189189189 0.0 0.8531468531468531 0.14685314685314685 0.0 0.7272727272727273 1064.6928104682784 19.845192776386003 148
0.7920792079207921 0.19801980198019803 0.009900990099009901 0.7916666666666666 0.19791666666666666 0.010416666666666666 0.8125 1082.1806303150154 22.563371705612134 101
0.8108108108108109 0.1891891891891892 0.0 0.8018867924528302 0.19811320754716982 0.0 0.8584905660377359 1059.9664073216882 21.48030221810431 111
0.7433628318584071 0.19469026548672566 0.061946902654867256 0.75 0.18518518518518517 0.06481481481481481 0.7592592592592593 1025.3800748369256 21.827988913262292 113
0.8426966292134831 0.1348314606741573 0.02247191011235955 0.8333333333333334 0.14285714285714285 0.023809523809523808 0.8452380952380952 1063.9048934608325 23.83184878048804 89
0.7735849056603774 0.2169811320754717 0.009433962264150943 0.7623762376237624 0.22772277227722773 0.009900990099009901 0.8118811881188119 1075.7724095565666 22.437337733449173 106
0.7596899224806202 0.2248062015503876 0.015503875968992248 0.75 0.23387096774193547 0.016129032258064516 1.0 1050.5718368471098 21.970371432033957 129
0.8270676691729323 0.17293233082706766 0.0 0.8203125 0.1796875 0.0 0.9453125 1018.7330612366485 20.706191717522525 133
0.9407407407407408 0.05925925925925926 0.0 0.9384615384615385 0.06153846153846154 0.0 0.8769230769230769 1069.455513931487 19.84225729293958 135
0.8702290076335878 0.1297709923664122 0.0 0.8650793650793651 0.1349206349206349 0.0 0.873015873015873 1085.43028278747 22.20841858855575 131
0.8347107438016529 0.15702479338842976 0.008264462809917356 0.8275862068965517 0.16379310344827586 0.008620689655172414 0.6810344827586207 1087.2227415477535 19.743019013285426 121
0.8317757009345794 0.16822429906542055 0.0 0.8235294117647058 0.17647058823529413 0.0 0.8921568627450981 1068.3450626132703 24.202354047599048 107
0.831081081081081 0.16891891891891891 0.0 0.8251748251748252 0.17482517482517482 0.0 0.9370629370629371 1078.8859788043567 19.85291876142862 148
0.8387096774193549 0.16129032258064516 0.0 0.8295454545454546 0.17045454545454544 0.0 0.9886363636363636 1066.9759541000296 22.58640567590969 93
0.8690476190476191 0.13095238095238096 0.0 0.8607594936708861 0.13924050632911392 0.0 0.810126582278481 1079.9198067768432 22.554307972607866 84
0.8514851485148515 0.1485148514851485 0.0 0.84375 0.15625 0.0 0.8020833333333334 1055.4852713078278 23.848340482835418 101
0.8279569892473119 0.16129032258064516 0.010752688172043012 0.8181818181818182 0.17045454545454544 0.011363636363636364 0.9886363636363636 1061.1558629805663 26.525529728405825 93
0.671875 0.2890625 0.0390625 0.6585365853658537 0.3008130081300813 0.04065040650406504 0.8048780487804879 1034.8842128182 22.79558422688705 128
0.84 0.16 0.0 0.8285714285714286 0.17142857142857143 0.0 1.0 1068.1413096673323 26.247323162384767 75
0.8559322033898306 0.1440677966101695 0.0 0.8495575221238938 0.1504424778761062 0.0 0.672566371681416 1004.8205287864666 20.86504238580569 118
0.7830188679245284 0.2169811320754717 0.0 0.7722772277227723 0.22772277227722773 0.0 0.8712871287128713 1063.8299870028823 22.49238673700408 106
0.7421875 0.203125 0.0546875 0.7398373983739838 0.2032520325203252 0.056910569105691054 0.8536585365853658 1080.134125494244 20.7746459070627 128
0.8181818181818182 0.17424242424242425 0.007575757575757576 0.8110236220472441 0.18110236220472442 0.007874015748031496 0.7244094488188977 1087.422126083809 20.71600138802142 132
0.8201438848920863 0.17985611510791366 0.0 0.8208955223880597 0.1791044776119403 0.0 0.8582089552238806 1085.3096620920846 21.610499095994957 139
0.8272727272727273 0.16363636363636364 0.00909090909090909 0.8285714285714286 0.1619047619047619 0.009523809523809525 0.6285714285714286 1087.3922480122822 18.968666200282147 110
0.8307692307692308 0.16923076923076924 0.0 0.824 0.176 0.0 0.824 1082.570211639127 20.84407977869618 130
0.7480314960629921 0.2283464566929134 0.023622047244094488 0.7377049180327869 0.23770491803278687 0.02459016393442623 0.9754098360655737 1060.7148006958912 21.37400916180647 127
0.8415841584158416 0.1485148514851485 0.009900990099009901 0.8333333333333334 0.15625 0.010416666666666666 0.9375 1066.0489121515257 23.214899246547372 101
0.76 0.216 0.024 0.75 0.225 0.025 0.85 1022.6451944425005 22.02613223225076 125
0.7619047619047619 0.2222222222222222 0.015873015873015872 0.7520661157024794 0.23140495867768596 0.01652892561983471 1.0 1085.8771091282563 22.728494083835702 126
0.8636363636363636 0.13636363636363635 0.0 0.8582677165354331 0.14173228346456693 0.0 0.889763779527559 1065.954697724177 21.68699564505875 132
0.6310679611650486 0.33980582524271846 0.02912621359223301 0.6122448979591837 0.35714285714285715 0.030612244897959183 0.9897959183673469 1002.7356705002311 22.98716528210049 103
0.8320610687022901 0.1450381679389313 0.022900763358778626 0.8253968253968254 0.15079365079365079 0.023809523809523808 0.9365079365079365 1028.8737380006737 21.391694589676188 131
0.7948717948717948 0.16666666666666666 0.038461538461538464 0.7808219178082192 0.1780821917808219 0.0410958904109589 0.9863013698630136 1044.5726173350192 24.64554922055643 78
0.7037037037037037 0.26851851851851855 0.027777777777777776 0.6893203883495146 0.2815533980582524 0.02912621359223301 0.7184466019417476 1047.4594816204929 22.26367400943005 108
0.6846846846846847 0.2882882882882883 0.02702702702702703 0.6698113207547169 0.3018867924528302 0.02830188679245283 0.7264150943396226 1087.4600053509555 22.993294775242152 111
0.765625 0.21875 0.015625 0.7560975609756098 0.22764227642276422 0.016260162601626018 0.7804878048780488 1044.198275401068 21.399083275321633 128
0.8623853211009175 0.13761467889908258 0.0 0.8653846153846154 0.1346153846153846 0.0 0.7596153846153846 1048.9328002339983 22.921812881403522 109
0.8275862068965517 0.1724137931034483 0.0 0.8170731707317073 0.18292682926829268 0.0 0.6951219512195121 1081.8422877158575 25.797005449530864 87
0.8549618320610687 0.1450381679389313 0.0 0.8492063492063492 0.15079365079365079 0.0 0.7857142857142857 1087.4549744655471 21.132360502875155 131
0.8705035971223022 0.1223021582733813 0.007194244604316547 0.8656716417910447 0.12686567164179105 0.007462686567164179 0.8208955223880597 1086.1262699666013 21.233081388494007 139
0.8583333333333333 0.14166666666666666 0.0 0.8521739130434782 0.14782608695652175 0.0 0.8782608695652174 1076.3418598072567 22.189368087583293 120
0.8494623655913979 0.15053763440860216 0.0 0.8522727272727273 0.14772727272727273 0.0 0.8181818181818182 1049.0793418489895 22.966362686215017 93
0.8588235294117647 0.12941176470588237 0.011764705882352941 0.85 0.1375 0.0125 0.7375 1081.7353305258255 23.91903351375509 85
0.8734177215189873 0.12658227848101267 0.0 0.8648648648648649 0.13513513513513514 0.0 0.8783783783783784 1077.0222013151142 24.513230426036063 79
0.8878504672897196 0.102803738317757 0.009345794392523364 0.8823529411764706 0.10784313725490197 0.00980392156862745 0.9313725490196079 1043.5394295311476 23.29270174280154 107
0.900990099009901 0.09900990099009901 0.0 0.8958333333333334 0.10416666666666667 0.0 0.7083333333333334 1079.664984256945 22.17149329007466 101
0.796875 0.1875 0.015625 0.7967479674796748 0.18699186991869918 0.016260162601626018 0.7804878048780488 1038.0118685276282 20.40475138398982 128
0.8290598290598291 0.1623931623931624 0.008547008547008548 0.8214285714285714 0.16964285714285715 0.008928571428571428 0.8571428571428571 1085.4512031249067 21.543227430563178 117
0.8125 0.17708333333333334 0.010416666666666666 0.8021978021978022 0.18681318681318682 0.01098901098901099 0.8021978021978022 1082.2607548152578 22.85097010150668 96
0.8148148148148148 0.18518518518518517 0.0 0.8058252427184466 0.1941747572815534 0.0 0.9514563106796117 1082.4526259624254 23.361250643903396 108
0.8026315789473685 0.13157894736842105 0.06578947368421052 0.7887323943661971 0.14084507042253522 0.07042253521126761 0.971830985915493 1065.9947647978695 24.994761362231202 76
0.8646616541353384 0.13533834586466165 0.0 0.859375 0.140625 0.0 0.71875 1087.3225540335145 21.075046695120335 133
0.8770491803278688 0.12295081967213115 0.0 0.8717948717948718 0.1282051282051282 0.0 0.811965811965812 1087.1738534177991 21.66819454969445 122
0.8829787234042553 0.11702127659574468 0.0 0.8764044943820225 0.12359550561797752 0.0 0.7640449438202247 1058.4193333560088 22.532909777531156 94
0.9195402298850575 0.08045977011494253 0.0 0.9146341463414634 0.08536585365853659 0.0 0.7682926829268293 1087.2471110686117 22.21165318960771 87
0.8198198198198198 0.18018018018018017 0.0 0.8207547169811321 0.1792452830188679 0.0 0.7924528301886793 1086.9948161434424 23.330738464543842 111
0.8582677165354331 0.14173228346456693 0.0 0.8524590163934426 0.14754098360655737 0.0 0.6967213114754098 1087.3648561732912 19.33737737437935 127
0.8521739130434782 0.14782608695652175 0.0 0.8545454545454545 0.14545454545454545 0.0 0.7272727272727273 1086.071023943305 21.903378766518063 115
0.8581560283687943 0.14184397163120568 0.0 0.8529411764705882 0.14705882352941177 0.0 0.8382352941176471 1084.8600941584173 21.844664526545753 141
0.7615384615384615 0.2230769230769231 0.015384615384615385 0.752 0.232 0.016 0.784 1075.2682581667304 21.337693230711345 130
0.8650793650793651 0.1349206349206349 0.0 0.859504132231405 0.14049586776859505 0.0 0.9090909090909091 1084.8182661074964 20.9758277832332 126
0.9222222222222223 0.07777777777777778 0.0 0.9176470588235294 0.08235294117647059 0.0 0.7058823529411765 1086.1111511084277 21.584214203398414 90
0.8656716417910447 0.13432835820895522 0.0 0.8604651162790697 0.13953488372093023 0.0 0.8294573643410853 1078.4701211297802 22.45383626412679 134
0.8817204301075269 0.11827956989247312 0.0 0.8863636363636364 0.11363636363636363 0.0 0.8295454545454546 1087.4328526931627 22.27363866292201 93
0.8504672897196262 0.14953271028037382 0.0 0.8431372549019608 0.1568627450980392 0.0 0.9019607843137255 1068.083647865488 21.23325226634816 107
0.7706422018348624 0.22018348623853212 0.009174311926605505 0.7596153846153846 0.23076923076923078 0.009615384615384616 0.75 1034.194336470857 23.35753730431802 109
0.8842975206611571 0.11570247933884298 0.0 0.8793103448275862 0.1206896551724138 0.0 0.6810344827586207 1086.14058809557 20.183735080060934 121
0.8759124087591241 0.12408759124087591 0.0 0.8787878787878788 0.12121212121212122 0.0 0.8106060606060606 1086.4810182635015 20.694640348146677 137
0.8803418803418803 0.11965811965811966 0.0 0.875 0.125 0.0 0.7946428571428571 1083.4564173701901 22.313094683163285 117
0.8359375 0.1640625 0.0 0.8373983739837398 0.16260162601626016 0.0 0.7642276422764228 1080.0868586616527 20.4981963366766 128
0.9009009009009009 0.0990990990990991 0.0 0.9056603773584906 0.09433962264150944 0.0 0.7169811320754716 1065.9632311643122 21.41767111762938 111
0.8712871287128713 0.12871287128712872 0.0 0.8645833333333334 0.13541666666666666 0.0 0.8541666666666666 1057.6523582184639 23.738384897005712 101
0.8859649122807017 0.11403508771929824 0.0 0.8807339449541285 0.11926605504587157 0.0 0.8440366972477065 1083.2862838504664 21.956243478493707 114
0.7863247863247863 0.18803418803418803 0.02564102564102564 0.7767857142857143 0.19642857142857142 0.026785714285714284 0.9017857142857143 999.8596589674678 23.06630052366653 117
0.9056603773584906 0.09433962264150944 0.0 0.900990099009901 0.09900990099009901 0.0 0.9108910891089109 1043.849081990972 22.396327671428278 106
0.8461538461538461 0.15384615384615385 0.0 0.8383838383838383 0.16161616161616163 0.0 0.9191919191919192 924.6704326604216 22.201833110940868 104
0.85 0.13 0.02 0.8421052631578947 0.1368421052631579 0.021052631578947368 0.8947368421052632 1067.8165446365267 23.102549171921222 100
0.7864077669902912 0.1650485436893204 0.04854368932038835 0.7755102040816326 0.17346938775510204 0.05102040816326531 0.8163265306122449 1057.586410770608 23.90610297578352 103
0.8321678321678322 0.16083916083916083 0.006993006993006993 0.8260869565217391 0.16666666666666666 0.007246376811594203 0.8623188405797102 1061.2714004614643 21.26432345469258 143
0.7563025210084033 0.2184873949579832 0.025210084033613446 0.7456140350877193 0.22807017543859648 0.02631578947368421 0.6929824561403509 1047.8104372360526 20.551845831790622 119
0.8428571428571429 0.15714285714285714 0.0 0.837037037037037 0.16296296296296298 0.0 0.7703703703703704 1030.7789981501965 21.14670528847506 140
0.8869565217391304 0.11304347826086956 0.0 0.8818181818181818 0.11818181818181818 0.0 0.7545454545454545 1069.8773619665278 21.629588692584676 115
0.8467741935483871 0.1532258064516129 0.0 0.8403361344537815 0.15966386554621848 0.0 0.7815126050420168 1082.6568324791126 20.819433848495244 124
0.7133333333333334 0.24666666666666667 0.04 0.7103448275862069 0.2482758620689655 0.041379310344827586 0.7862068965517242 1071.7223234701078 19.414400531058224 150
0.9038461538461539 0.09615384615384616 0.0 0.898989898989899 0.10101010101010101 0.0 0.7373737373737373 1086.4031507572183 21.925654982714686 104
0.7906976744186046 0.20930232558139536 0.0 0.7777777777777778 0.2222222222222222 0.0 0.8148148148148148 1037.2923145859218 23.849019277995605 86
0.8916666666666667 0.10833333333333334 0.0 0.8869565217391304 0.11304347826086956 0.0 0.7130434782608696 1087.206082343494 19.969067248552655 120
0.8503937007874016 0.14960629921259844 0.0 0.8442622950819673 0.1557377049180328 0.0 0.7459016393442623 1087.392289762688 21.260874838867828 127
0.7692307692307693 0.18681318681318682 0.04395604395604396 0.7674418604651163 0.18604651162790697 0.046511627906976744 0.8604651162790697 979.1090656378332 25.300747095709514 91
0.900990099009901 0.09900990099009901 0.0 0.90625 0.09375 0.0 0.75 1084.8590923048912 22.284727396922097 101
0.7966101694915254 0.2033898305084746 0.0 0.7876106194690266 0.21238938053097345 0.0 0.6902654867256637 1087.3410137499138 20.338341849835647 118
0.8125 0.1875 0.0 0.8021978021978022 0.1978021978021978 0.0 0.7912087912087912 1062.651703929698 21.61597178077037 96
0.7786259541984732 0.20610687022900764 0.015267175572519083 0.7777777777777778 0.20634920634920634 0.015873015873015872 0.753968253968254 1012.519391440637 20.43151938322709 131
0.9166666666666666 0.08333333333333333 0.0 0.9120879120879121 0.08791208791208792 0.0 0.6923076923076923 1068.292528552531 23.46595732938317 96
0.8666666666666667 0.13333333333333333 0.0 0.8608695652173913 0.1391304347826087 0.0 0.7391304347826086 1083.1980670617252 21.392879617128333 120
0.743801652892562 0.2396694214876033 0.01652892561983471 0.7413793103448276 0.2413793103448276 0.017241379310344827 0.75 1082.8537524973453 20.74189476051231 121
0.918918918918919 0.07207207207207207 0.009009009009009009 0.9150943396226415 0.07547169811320754 0.009433962264150943 0.9811320754716981 1022.5097597266802 22.980953365462778 111
0.8598130841121495 0.14018691588785046 0.0 0.8529411764705882 0.14705882352941177 0.0 0.9411764705882353 1065.419455944318 23.07040520632146 107
0.8645833333333334 0.13541666666666666 0.0 0.8681318681318682 0.13186813186813187 0.0 0.7252747252747253 1084.2068589524104 21.359032224451024 96
0.7952755905511811 0.1968503937007874 0.007874015748031496 0.7868852459016393 0.20491803278688525 0.00819672131147541 0.8360655737704918 1020.106222663872 22.027826073915676 127
0.8888888888888888 0.1111111111111111 0.0 0.883495145631068 0.11650485436893204 0.0 0.6310679611650486 1076.655301943256 21.03493280692133 108
0.7816901408450704 0.21830985915492956 0.0 0.781021897810219 0.21897810218978103 0.0 0.7226277372262774 1087.3066406621 20.201699753457167 142
0.9270833333333334 0.07291666666666667 0.0 0.9230769230769231 0.07692307692307693 0.0 0.7692307692307693 1045.5984748105998 22.73885958397905 96
0.8148148148148148 0.18518518518518517 0.0 0.8026315789473685 0.19736842105263158 0.0 0.9342105263157895 1044.6074018012368 26.710886614454214 81
0.8 0.19090909090909092 0.00909090909090909 0.7904761904761904 0.2 0.009523809523809525 0.8476190476190476 985.2925323575777 21.464460278610325 110
0.9166666666666666 0.07142857142857142 0.011904761904761904 0.9113924050632911 0.0759493670886076 0.012658227848101266 0.7848101265822784 1078.0150820324677 22.886860750137213 84
0.8645833333333334 0.13541666666666666 0.0 0.8571428571428571 0.14285714285714285 0.0 0.7692307692307693 1037.9390211034552 23.30613086156329 96
0.8538461538461538 0.14615384615384616 0.0 0.848 0.152 0.0 0.728 1087.1797278183124 19.41503363802191 130
0.8411214953271028 0.1588785046728972 0.0 0.8333333333333334 0.16666666666666666 0.0 0.6176470588235294 1087.2525637021945 23.87778347924905 107
0.7692307692307693 0.19230769230769232 0.038461538461538464 0.7575757575757576 0.20202020202020202 0.04040404040404041 0.8888888888888888 1037.36984311593 24.1116004284323 104
0.8859649122807017 0.11403508771929824 0.0 0.8807339449541285 0.11926605504587157 0.0 0.8165137614678899 1022.4838653787701 22.471747140574777 114
0.8727272727272727 0.12727272727272726 0.0 0.8666666666666667 0.13333333333333333 0.0 0.780952380952381 1076.0183281118254 23.80764446082746 110
0.896551724137931 0.10344827586206896 0.0 0.8902439024390244 0.10975609756097561 0.0 0.7804878048780488 1049.7836410234927 23.53447444796894 87
0.832 0.168 0.0 0.8333333333333334 0.16666666666666666 0.0 0.8333333333333334 1032.8661448277185 21.450232963647043 125
0.9029126213592233 0.0970873786407767 0.0 0.8979591836734694 0.10204081632653061 0.0 1.0 1067.0310749327625 25.249355130517433 103
0.875 0.125 0.0 0.8695652173913043 0.13043478260869565 0.0 0.808695652173913 1066.703023476647 21.822524327093905 120
0.8421052631578947 0.15789473684210525 0.0 0.8309859154929577 0.16901408450704225 0.0 0.9295774647887324 1026.1635354831021 24.25759171227756 76
0.8936170212765957 0.10638297872340426 0.0 0.9101123595505618 0.0898876404494382 0.0 0.7865168539325843 1087.3876069577416 21.404887519424378 94
0.8526315789473684 0.14736842105263157 0.0 0.8444444444444444 0.15555555555555556 0.0 0.8555555555555555 1010.9411576493106 24.309718090589698 95
0.8287671232876712 0.1643835616438356 0.00684931506849315 0.8226950354609929 0.1702127659574468 0.0070921985815602835 0.9787234042553191 1075.0041575600121 21.098654795838208 146
0.8053097345132744 0.19469026548672566 0.0 0.7962962962962963 0.2037037037037037 0.0 0.8055555555555556 1062.372117069443 20.752587511816316 113
0.7596899224806202 0.23255813953488372 0.007751937984496124 0.75 0.24193548387096775 0.008064516129032258 0.7661290322580645 1073.0281949707314 22.603523322685245 129
0.8656716417910447 0.11940298507462686 0.014925373134328358 0.8604651162790697 0.12403100775193798 0.015503875968992248 0.8604651162790697 1083.33889628519 21.648429992655963 134
0.7641509433962265 0.2358490566037736 0.0 0.7524752475247525 0.24752475247524752 0.0 0.900990099009901 1031.0284758471646 22.180693216108722 106
0.75 0.225 0.025 0.7391304347826086 0.23478260869565218 0.02608695652173913 0.7913043478260869 1077.8534781267713 22.303839085365546 120
0.8389830508474576 0.16101694915254236 0.0 0.831858407079646 0.168141592920354 0.0 0.8849557522123894 1062.2316502817848 23.071462604885983 118
0.8163265306122449 0.17346938775510204 0.01020408163265306 0.8172043010752689 0.17204301075268819 0.010752688172043012 0.8172043010752689 1029.6663028934067 24.340521012171905 98
0.8151260504201681 0.18487394957983194 0.0 0.8070175438596491 0.19298245614035087 0.0 0.8947368421052632 1049.9680526342293 20.491746930020188 119
0.9259259259259259 0.07407407407407407 0.0 0.9223300970873787 0.07766990291262135 0.0 0.6796116504854369 1084.79660908454 20.875696246785985 108
0.8686868686868687 0.13131313131313133 0.0 0.8617021276595744 0.13829787234042554 0.0 1.0 983.7023457869982 22.87739967691922 99
0.8695652173913043 0.11956521739130435 0.010869565217391304 0.8620689655172413 0.12643678160919541 0.011494252873563218 0.7931034482758621 1078.1503065568152 22.557694501428816 92
0.8811881188118812 0.1188118811881188 0.0 0.875 0.125 0.0 0.9166666666666666 1016.8893994097293 21.606981865560947 101
0.8787878787878788 0.11363636363636363 0.007575757575757576 0.8740157480314961 0.11811023622047244 0.007874015748031496 0.7480314960629921 1080.8662314909632 21.95942979889267 132
0.8068181818181818 0.17045454545454544 0.022727272727272728 0.7951807228915663 0.18072289156626506 0.024096385542168676 0.9759036144578314 1005.9748250547906 27.297335517444257 88
0.907563025210084 0.09243697478991597 0.0 0.9035087719298246 0.09649122807017543 0.0 0.7017543859649122 1078.6738664005368 20.955597184382917 119
0.8677685950413223 0.1322314049586777 0.0 0.8620689655172413 0.13793103448275862 0.0 0.7241379310344828 1070.6716329771311 21.77149468991616 121
0.8256880733944955 0.1651376146788991 0.009174311926605505 0.8173076923076923 0.17307692307692307 0.009615384615384616 0.8173076923076923 1017.8267487522875 21.98323719361167 109
0.8771929824561403 0.12280701754385964 0.0 0.8715596330275229 0.12844036697247707 0.0 0.7706422018348624 979.6158162131526 19.866204533180216 114
0.7844827586206896 0.1896551724137931 0.02586206896551724 0.7747747747747747 0.1981981981981982 0.02702702702702703 0.7297297297297297 1080.4815523960715 21.91967124248111 116
0.9 0.1 0.0 0.8956521739130435 0.10434782608695652 0.0 0.7652173913043478 1048.3061205308254 20.330673058150754 120
0.926829268292683 0.07317073170731707 0.0 0.922077922077922 0.07792207792207792 0.0 0.8181818181818182 1074.2725339538254 20.992208481444987 82
0.8518518518518519 0.14814814814814814 0.0 0.8446601941747572 0.1553398058252427 0.0 0.883495145631068 1077.8065168370038 20.27592522011819 108
0.7456140350877193 0.23684210526315788 0.017543859649122806 0.7339449541284404 0.24770642201834864 0.01834862385321101 0.8623853211009175 1033.571460969012 22.991277929870876 114
0.7981651376146789 0.2018348623853211 0.0 0.7980769230769231 0.20192307692307693 0.0 0.9038461538461539 1066.6534071824087 23.558023233606786 109
0.7368421052631579 0.25263157894736843 0.010526315789473684 0.7222222222222222 0.26666666666666666 0.011111111111111112 0.9777777777777777 1021.3930175374143 24.83288966414171 95
0.864516129032258 0.13548387096774195 0.0 0.86 0.14 0.0 0.8533333333333334 1009.7998452303273 19.33927583252501 155
0.8833333333333333 0.11666666666666667 0.0 0.8782608695652174 0.12173913043478261 0.0 0.8782608695652174 1083.7369901575082 21.789495509240464 120
0.8541666666666666 0.14583333333333334 0.0 0.8489208633093526 0.1510791366906475 0.0 0.841726618705036 1036.9899397137062 21.303990025535654 144
0.8658536585365854 0.13414634146341464 0.0 0.8571428571428571 0.14285714285714285 0.0 1.0 1039.986020265559 25.79263563535878 82
0.8351648351648352 0.15384615384615385 0.01098901098901099 0.8255813953488372 0.16279069767441862 0.011627906976744186 0.8255813953488372 1052.6168057785394 26.05690471648375 91
0.7410714285714286 0.24107142857142858 0.017857142857142856 0.7383177570093458 0.24299065420560748 0.018691588785046728 0.9813084112149533 1075.7753984712645 22.279580560563023 112
0.7950819672131147 0.18032786885245902 0.02459016393442623 0.7863247863247863 0.18803418803418803 0.02564102564102564 0.9401709401709402 994.6149922398278 23.123404159672482 122
0.898989898989899 0.10101010101010101 0.0 0.8936170212765957 0.10638297872340426 0.0 0.7978723404255319 1075.1528584657663 22.24604625695264 99
0.841726618705036 0.15827338129496402 0.0 0.835820895522388 0.16417910447761194 0.0 0.6791044776119403 1087.290639307011 20.547018009921555 139
0.8074074074074075 0.1925925925925926 0.0 0.8 0.2 0.0 0.8076923076923077 1021.9549684012702 20.861160604566418 135
0.8536585365853658 0.13821138211382114 0.008130081300813009 0.847457627118644 0.1440677966101695 0.00847457627118644 0.635593220338983 1067.115701221414 19.99767900606144 123
0.6981132075471698 0.25471698113207547 0.04716981132075472 0.6831683168316832 0.26732673267326734 0.04950495049504951 0.7227722772277227 1040.8494884307265 22.304546042231372 106
0.87 0.13 0.0 0.8631578947368421 0.1368421052631579 0.0 0.7894736842105263 1076.9235858624827 21.37793861139097 100
0.8515625 0.1484375 0.0 0.8536585365853658 0.14634146341463414 0.0 0.7804878048780488 1087.255232357961 21.60691149593766 128
0.8426966292134831 0.15730337078651685 0.0 0.8333333333333334 0.16666666666666666 0.0 0.7857142857142857 1080.3433504169827 24.450320967044814 89
0.8691588785046729 0.1308411214953271 0.0 0.8627450980392157 0.13725490196078433 0.0 0.8235294117647058 1063.9557947031751 24.03216508998503 107
0.8712871287128713 0.12871287128712872 0.0 0.8645833333333334 0.13541666666666666 0.0 0.7395833333333334 1066.8152023112282 22.223572288599495 101
0.8928571428571429 0.10714285714285714 0.0 0.8878504672897196 0.11214953271028037 0.0 0.794392523364486 1068.0995326835161 20.450923652839005 112
0.8932038834951457 0.10679611650485436 0.0 0.8877551020408163 0.11224489795918367 0.0 0.6122448979591837 1083.606831455676 19.112458674442692 103
0.7155963302752294 0.25688073394495414 0.027522935779816515 0.7019230769230769 0.2692307692307692 0.028846153846153848 0.9326923076923077 1041.289855863177 21.58768832960914 109
0.7175572519083969 0.2748091603053435 0.007633587786259542 0.7063492063492064 0.2857142857142857 0.007936507936507936 0.746031746031746 1086.940123908467 20.631572544436953 131
0.8470588235294118 0.15294117647058825 0.0 0.8375 0.1625 0.0 0.65 1087.3951918035755 22.215947954505236 85
0.85 0.15 0.0 0.8421052631578947 0.15789473684210525 0.0 0.7368421052631579 1043.6708789991906 21.873673545449222 100
0.898876404494382 0.10112359550561797 0.0 0.8928571428571429 0.10714285714285714 0.0 0.9642857142857143 998.5156486565479 24.226392294240366 89
0.8561151079136691 0.14388489208633093 0.0 0.8507462686567164 0.14925373134328357 0.0 0.7985074626865671 1087.2287773971486 22.00142179204026 139
0.7980769230769231 0.17307692307692307 0.028846153846153848 0.7878787878787878 0.18181818181818182 0.030303030303030304 0.9797979797979798 1075.573611796431 23.644085763612345 104
0.8956521739130435 0.10434782608695652 0.0 0.8909090909090909 0.10909090909090909 0.0 0.8818181818181818 1025.5350325479624 22.557898641577026 115
0.9140625 0.0859375 0.0 0.9186991869918699 0.08130081300813008 0.0 0.7804878048780488 1014.0358312748375 19.77296972411362 128
0.8461538461538461 0.15384615384615385 0.0 0.8392857142857143 0.16071428571428573 0.0 0.7767857142857143 1087.4744688838775 21.846499694762407 117
0.7014925373134329 0.2462686567164179 0.05223880597014925 0.689922480620155 0.2558139534883721 0.05426356589147287 0.7751937984496124 1063.4439735635044 20.577732246328246 134
0.8709677419354839 0.12903225806451613 0.0 0.865546218487395 0.13445378151260504 0.0 0.7478991596638656 1086.4922271563603 21.26221576486086 124
0.9016393442622951 0.09836065573770492 0.0 0.8974358974358975 0.10256410256410256 0.0 0.8461538461538461 1063.8225399657606 21.488861262702848 122
0.6956521739130435 0.26956521739130435 0.034782608695652174 0.6818181818181818 0.2818181818181818 0.03636363636363636 0.8272727272727273 997.56974113453 21.67327338893711 115
0.8333333333333334 0.15625 0.010416666666666666 0.8241758241758241 0.16483516483516483 0.01098901098901099 0.7802197802197802 1075.976116777254 21.851831891435435 96
0.8512396694214877 0.1487603305785124 0.0 0.8448275862068966 0.15517241379310345 0.0 0.75 1065.8131751478668 22.538796996485747 121
0.8615384615384616 0.13846153846153847 0.0 0.85 0.15 0.0 0.95 1064.0430855152013 24.946545817003553 65
0.9111111111111111 0.08888888888888889 0.0 0.9076923076923077 0.09230769230769231 0.0 0.8461538461538461 1082.375601568833 20.95638939409194 135
0.8878504672897196 0.11214953271028037 0.0 0.8921568627450981 0.10784313725490197 0.0 0.9509803921568627 1084.0731436009964 21.501970346660897 107
0.752 0.232 0.016 0.7416666666666667 0.24166666666666667 0.016666666666666666 0.9583333333333334 1022.1622405699633 23.325214518692025 125
0.8333333333333334 0.16666666666666666 0.0 0.8346456692913385 0.16535433070866143 0.0 0.7086614173228346 1087.2657463012467 20.838246425602435 132
0.924812030075188 0.07518796992481203 0.0 0.921875 0.078125 0.0 0.640625 1002.9563315531632 20.548486808049727 133
0.8571428571428571 0.14285714285714285 0.0 0.8504672897196262 0.14953271028037382 0.0 0.7383177570093458 1013.1043217917286 22.60815253355695 112
0.8653846153846154 0.1346153846153846 0.0 0.8585858585858586 0.1414141414141414 0.0 0.7676767676767676 1082.5893257958353 23.379415412390152 104
0.7463768115942029 0.2463768115942029 0.007246376811594203 0.7368421052631579 0.2556390977443609 0.007518796992481203 0.7443609022556391 1080.8819312762712 21.129927945006067 138
0.9152542372881356 0.0847457627118644 0.0 0.911504424778761 0.08849557522123894 0.0 0.7787610619469026 1048.6336820387992 21.72161580877641 118
0.8627450980392157 0.13725490196078433 0.0 0.8762886597938144 0.12371134020618557 0.0 0.711340206185567 1077.6962606735194 20.944443834350494 102
0.5904761904761905 0.3142857142857143 0.09523809523809523 0.57 0.33 0.1 0.99 1069.4970126000185 23.444506075027622 105
0.7642276422764228 0.22764227642276422 0.008130081300813009 0.7542372881355932 0.23728813559322035 0.00847457627118644 0.6694915254237288 1087.3374287541515 19.994084661952165 123
0.8431372549019608 0.1568627450980392 0.0 0.845360824742268 0.15463917525773196 0.0 0.7525773195876289 1078.374430564754 20.983289188715727 102
0.8921568627450981 0.10784313725490197 0.0 0.8865979381443299 0.1134020618556701 0.0 0.7010309278350515 1081.230481467231 22.141442077990366 102
0.8450704225352113 0.14788732394366197 0.007042253521126761 0.8467153284671532 0.145985401459854 0.0072992700729927005 0.8540145985401459 1007.496492538601 20.963022143640064 142
0.8282828282828283 0.1717171717171717 0.0 0.8191489361702128 0.18085106382978725 0.0 0.9893617021276596 1086.2888882067962 23.876718941473005 99
0.8666666666666667 0.125 0.008333333333333333 0.8608695652173913 0.13043478260869565 0.008695652173913044 0.8260869565217391 1058.6833456691631 21.98831944556958 120
0.8131868131868132 0.14285714285714285 0.04395604395604396 0.8023255813953488 0.1511627906976744 0.046511627906976744 1.0 1086.3820757262738 24.239684843055308 91
0.823943661971831 0.16901408450704225 0.007042253521126761 0.8175182481751825 0.17518248175182483 0.0072992700729927005 0.7299270072992701 1086.3515926743225 20.828231856065177 142
0.8809523809523809 0.11904761904761904 0.0 0.8734177215189873 0.12658227848101267 0.0 0.810126582278481 1087.4484989893947 24.822659721187506 84
0.832 0.144 0.024 0.825 0.15 0.025 0.7583333333333333 1072.3310126423198 21.236793751782596 125
0.5471698113207547 0.2830188679245283 0.16981132075471697 0.5247524752475248 0.297029702970297 0.1782178217821782 0.9900990099009901 1051.029408128298 21.938677616560323 106
0.9126984126984127 0.0873015873015873 0.0 0.9090909090909091 0.09090909090909091 0.0 0.7933884297520661 1070.2765338268634 20.892013469359565 126
0.8194444444444444 0.16666666666666666 0.013888888888888888 0.8129496402877698 0.17266187050359713 0.014388489208633094 0.7769784172661871 1087.4580760597953 20.306474343194793 144
0.8559322033898306 0.1440677966101695 0.0 0.8495575221238938 0.1504424778761062 0.0 0.8407079646017699 1087.2328207700023 21.756443682347438 118
0.8466257668711656 0.147239263803681 0.006134969325153374 0.8417721518987342 0.1518987341772152 0.006329113924050633 0.8417721518987342 1086.9458930331423 20.132864833910734 163
0.7171717171717171 0.2222222222222222 0.06060606060606061 0.7127659574468085 0.22340425531914893 0.06382978723404255 0.7340425531914894 1067.3911796053708 23.561972357453595 99
0.7333333333333333 0.21904761904761905 0.047619047619047616 0.72 0.23 0.05 0.71 1079.16314356994 22.86278066584487 105
0.8738738738738738 0.11711711711711711 0.009009009009009009 0.8773584905660378 0.11320754716981132 0.009433962264150943 0.8962264150943396 1064.9822890662094 22.25167047230006 111
0.8782608695652174 0.12173913043478261 0.0 0.8727272727272727 0.12727272727272726 0.0 0.7181818181818181 1087.0342095688939 21.151650703092265 115
0.8322147651006712 0.16778523489932887 0.0 0.8263888888888888 0.1736111111111111 0.0 0.9444444444444444 1083.5789996437136 21.31072423492903 149
0.8640776699029126 0.13592233009708737 0.0 0.8673469387755102 0.1326530612244898 0.0 0.7551020408163265 1082.5744896573651 21.129095530189456 103
0.881578947368421 0.11842105263157894 0.0 0.8775510204081632 0.12244897959183673 0.0 0.8231292517006803 1072.0740971150976 20.085858248986984 152
0.8732394366197183 0.1267605633802817 0.0 0.8636363636363636 0.13636363636363635 0.0 1.0 1045.4805784072737 26.16392657033505 71
0.8671328671328671 0.13286713286713286 0.0 0.8623188405797102 0.13768115942028986 0.0 0.7898550724637681 1054.3369506914137 20.97350050905678 143
0.8823529411764706 0.11764705882352941 0.0 0.875 0.125 0.0 0.75 1087.1707960069982 21.51166718804423 85
0.7692307692307693 0.15384615384615385 0.07692307692307693 0.7558139534883721 0.16279069767441862 0.08139534883720931 0.8604651162790697 1025.3700804004736 24.08995726733217 91
0.8305084745762712 0.1694915254237288 0.0 0.8230088495575221 0.17699115044247787 0.0 0.7522123893805309 1087.4621935777936 20.758435972517347 118
0.8608695652173913 0.13043478260869565 0.008695652173913044 0.8545454545454545 0.13636363636363635 0.00909090909090909 0.8181818181818182 1032.4671361776018 22.049911402591928 115
0.900990099009901 0.09900990099009901 0.0 0.8958333333333334 0.10416666666666667 0.0 0.8958333333333334 1075.7491912903452 22.107949020862925 101
0.8861788617886179 0.11382113821138211 0.0 0.8813559322033898 0.11864406779661017 0.0 0.8135593220338984 1066.0004719507026 23.103942013808712 123
0.8736842105263158 0.12631578947368421 0.0 0.8666666666666667 0.13333333333333333 0.0 0.8222222222222222 1070.648588819084 23.544383073435036 95
0.7924528301886793 0.20754716981132076 0.0 0.7821782178217822 0.21782178217821782 0.0 0.9801980198019802 1069.9544742215057 24.289901101223943 106
0.9 0.1 0.0 0.8941176470588236 0.10588235294117647 0.0 0.8 1029.765511284577 24.591570479768713 90
0.7967479674796748 0.18699186991869918 0.016260162601626018 0.788135593220339 0.19491525423728814 0.01694915254237288 0.8135593220338984 1019.5231568214064 21.65493152746146 123
0.8793103448275862 0.1206896551724138 0.0 0.8828828828828829 0.11711711711711711 0.0 0.7477477477477478 1052.505040737713 22.342547829707655 116
0.8760330578512396 0.12396694214876033 0.0 0.8793103448275862 0.1206896551724138 0.0 0.6637931034482759 1086.189585659405 20.16755845847248 121
0.883495145631068 0.11650485436893204 0.0 0.8775510204081632 0.12244897959183673 0.0 0.7346938775510204 1085.547746575076 21.81629729768853 103
0.898989898989899 0.10101010101010101 0.0 0.8936170212765957 0.10638297872340426 0.0 0.6914893617021277 1086.7447092135933 21.002889165629675 99
0.7657657657657657 0.22522522522522523 0.009009009009009009 0.7547169811320755 0.2358490566037736 0.009433962264150943 0.7264150943396226 1087.4581800956998 21.518974797675575 111
0.8032786885245902 0.1557377049180328 0.040983606557377046 0.7948717948717948 0.1623931623931624 0.042735042735042736 0.7435897435897436 1042.7618597761102 21.665163718148303 122
0.8319327731092437 0.15966386554621848 0.008403361344537815 0.8245614035087719 0.16666666666666666 0.008771929824561403 0.7631578947368421 1063.424724404041 23.138130120318447 119
0.8106060606060606 0.17424242424242425 0.015151515151515152 0.8110236220472441 0.1732283464566929 0.015748031496062992 0.7637795275590551 1086.9319892166643 21.973440125689116 132
0.8848920863309353 0.1079136690647482 0.007194244604316547 0.8805970149253731 0.11194029850746269 0.007462686567164179 0.8208955223880597 1087.2116949792828 21.56928989820151 139
0.8301886792452831 0.1509433962264151 0.018867924528301886 0.8316831683168316 0.1485148514851485 0.019801980198019802 0.8712871287128713 948.7765245203462 22.758268029656925 106
0.7355371900826446 0.24793388429752067 0.01652892561983471 0.7241379310344828 0.25862068965517243 0.017241379310344827 0.9396551724137931 944.9130286635043 23.384686344131026 121
0.8805970149253731 0.11940298507462686 0.0 0.875968992248062 0.12403100775193798 0.0 0.7751937984496124 1087.4625353032602 20.12344280767215 134
0.7954545454545454 0.20454545454545456 0.0 0.7874015748031497 0.2125984251968504 0.0 0.7480314960629921 1087.3995004184353 21.18577844033033 132
0.7961165048543689 0.20388349514563106 0.0 0.7959183673469388 0.20408163265306123 0.0 0.673469387755102 1087.083698066715 20.919441485069985 103
0.8240740740740741 0.17592592592592593 0.0 0.8155339805825242 0.18446601941747573 0.0 0.9805825242718447 1062.628768679189 23.659947317323628 108
0.84 0.16 0.0 0.8333333333333334 0.16666666666666666 0.0 0.8583333333333333 1087.0428349415638 21.672423746085446 125
0.8181818181818182 0.18181818181818182 0.0 0.8055555555555556 0.19444444444444445 0.0 0.9305555555555556 994.7944093116029 23.648232121662915 77
0.775 0.20833333333333334 0.016666666666666666 0.782608695652174 0.2 0.017391304347826087 0.7043478260869566 1041.5254402387375 21.261694682718755 120
0.9056603773584906 0.09433962264150944 0.0 0.900990099009901 0.09900990099009901 0.0 0.7722772277227723 1087.3830190244412 21.244473358472494 106
0.8695652173913043 0.13043478260869565 0.0 0.8620689655172413 0.13793103448275862 0.0 0.7931034482758621 1063.2865599303718 21.308674610983722 92
0.725 0.25833333333333336 0.016666666666666666 0.7217391304347827 0.2608695652173913 0.017391304347826087 0.7913043478260869 1074.9792456970026 20.885673881859855 120
