0.9694656488549618 0.030534351145038167 0.0 0.9682539682539683 0.031746031746031744 0.0 0.4603174603174603 1087.3810513233316 19.825498483896194 131
0.93 0.07 0.0 0.9263157894736842 0.07368421052631578 0.0 0.6631578947368421 1056.6962667589241 21.02210557898551 100
0.968 0.032 0.0 0.975 0.025 0.0 0.9083333333333333 1045.1554182431178 20.78786008768945 125
0.965034965034965 0.03496503496503497 0.0 0.9637681159420289 0.036231884057971016 0.0 0.6884057971014492 1081.2524279855415 19.37120114444292 143
0.9295774647887324 0.07042253521126761 0.0 0.927007299270073 0.072992700729927 0.0 0.8102189781021898 1049.7273558732813 18.67018675724465 142
0.9398496240601504 0.06015037593984962 0.0 0.9375 0.0625 0.0 0.7890625 1076.276332176315 19.352978549040426 133
0.8955223880597015 0.1044776119402985 0.0 0.8914728682170543 0.10852713178294573 0.0 0.6201550387596899 1019.6949550820528 19.188948596088633 134
0.9673202614379085 0.032679738562091505 0.0 0.9662162162162162 0.033783783783783786 0.0 0.7635135135135135 1018.2558586103015 17.895739638943418 153
0.9071428571428571 0.09285714285714286 0.0 0.9111111111111111 0.08888888888888889 0.0 0.7851851851851852 1059.9966764183857 19.25088948654897 140
0.9590163934426229 0.040983606557377046 0.0 0.9572649572649573 0.042735042735042736 0.0 0.7948717948717948 1079.861628435745 21.626216753211814 122
0.9574468085106383 0.0425531914893617 0.0 0.9558823529411765 0.04411764705882353 0.0 0.5 1087.0595303739854 19.52001761487226 141
0.9652777777777778 0.034722222222222224 0.0 0.9640287769784173 0.03597122302158273 0.0 0.8561151079136691 1083.1877142275493 20.34427893107069 144
0.9724137931034482 0.027586206896551724 0.0 0.9714285714285714 0.02857142857142857 0.0 0.7642857142857142 1078.7820897745808 19.605209291868732 145
0.9914529914529915 0.008547008547008548 0.0 0.9910714285714286 0.008928571428571428 0.0 0.8928571428571429 1039.513894588091 19.304316837769964 117
0.9398496240601504 0.06015037593984962 0.0 0.9453125 0.0546875 0.0 0.7734375 1074.7788153234205 19.222646892449237 133
0.8888888888888888 0.1111111111111111 0.0 0.8846153846153846 0.11538461538461539 0.0 0.9230769230769231 1050.6671569966236 20.50117616135403 135
0.9739130434782609 0.02608695652173913 0.0 0.9818181818181818 0.01818181818181818 0.0 0.8454545454545455 1073.2657545523473 19.36823763636616 115
0.9924812030075187 0.007518796992481203 0.0 0.9921875 0.0078125 0.0 0.828125 1044.903093991013 19.189683295806375 133
0.9666666666666667 0.03333333333333333 0.0 0.9652173913043478 0.034782608695652174 0.0 0.6956521739130435 1087.2168275501679 18.717397389416963 120
0.8983050847457628 0.1016949152542373 0.0 0.8953488372093024 0.10465116279069768 0.0 0.7732558139534884 1078.814551611989 18.942188992301002 177
0.95 0.05 0.0 0.9481481481481482 0.05185185185185185 0.0 0.8888888888888888 1013.1536251347293 18.995290528064732 140
1.0 0.0 0.0 1.0 0.0 0.0 0.6047904191616766 998.6884599166722 17.52981426945946 172
0.9022556390977443 0.09774436090225563 0.0 0.8984375 0.1015625 0.0 0.8125 1081.009699649221 19.00094769675993 133
0.975 0.025 0.0 0.9739130434782609 0.02608695652173913 0.0 0.8869565217391304 1045.4380967655334 19.40322109245017 120
0.8805970149253731 0.11194029850746269 0.007462686567164179 0.875968992248062 0.11627906976744186 0.007751937984496124 0.6976744186046512 1071.7050897563572 19.481459382662816 134
0.967741935483871 0.025806451612903226 0.0064516129032258064 0.9666666666666667 0.02666666666666667 0.006666666666666667 0.7666666666666667 1085.307726194365 18.768512709582595 155
0.9557522123893806 0.04424778761061947 0.0 0.9537037037037037 0.046296296296296294 0.0 0.5833333333333334 1087.2981085000822 19.98965217120113 113
0.905982905982906 0.09401709401709402 0.0 0.9017857142857143 0.09821428571428571 0.0 0.8214285714285714 1007.0007777812964 19.085820616473626 117
1.0 0.0 0.0 1.0 0.0 0.0 0.8970588235294118 1064.2702085263995 20.394603175894886 73
0.9904761904761905 0.009523809523809525 0.0 0.99 0.01 0.0 0.85 1002.9067416813148 20.12407042929256 105
0.9813084112149533 0.018691588785046728 0.0 0.9803921568627451 0.0196078431372549 0.0 0.9705882352941176 1083.2278248952455 21.267620094858813 107
0.9504950495049505 0.04950495049504951 0.0 0.9479166666666666 0.052083333333333336 0.0 0.7708333333333334 1086.2529628699697 20.0552461077453 101
0.9230769230769231 0.07692307692307693 0.0 0.92 0.08 0.0 0.616 1024.117629980964 20.341347240372215 130
0.9594594594594594 0.04054054054054054 0.0 0.958041958041958 0.04195804195804196 0.0 0.9020979020979021 993.371686020633 19.439355878028408 148
0.9694656488549618 0.030534351145038167 0.0 0.9682539682539683 0.031746031746031744 0.0 0.8333333333333334 1061.5277733563103 19.654834106128764 131
0.9236111111111112 0.0763888888888889 0.0 0.920863309352518 0.07913669064748201 0.0 0.5971223021582733 1070.4408186792941 19.40982177429247 144
0.9347826086956522 0.06521739130434782 0.0 0.9323308270676691 0.06766917293233082 0.0 0.8345864661654135 1051.8319487468582 19.299112077399883 138
0.9770992366412213 0.022900763358778626 0.0 0.9761904761904762 0.023809523809523808 0.0 0.6746031746031746 1062.8855733705532 19.638439322277456 131
0.952 0.048 0.0 0.95 0.05 0.0 0.875 1087.493034461991 18.885414665480347 125
0.9880952380952381 0.011904761904761904 0.0 0.9873417721518988 0.012658227848101266 0.0 0.810126582278481 1019.0653045094066 20.905036443134552 84
0.9874213836477987 0.012578616352201259 0.0 0.987012987012987 0.012987012987012988 0.0 0.7792207792207793 1072.3033851414216 18.814692666211364 159
0.98 0.02 0.0 0.9789473684210527 0.021052631578947368 0.0 1.0 1076.1797660526743 23.295739322801477 100
0.9798657718120806 0.020134228187919462 0.0 0.9791666666666666 0.020833333333333332 0.0 0.7847222222222222 1075.946710902009 18.85601012703022 149
0.9596774193548387 0.04032258064516129 0.0 0.957983193277311 0.04201680672268908 0.0 0.8319327731092437 1055.6502398834782 21.1349232003686 124
0.9772727272727273 0.022727272727272728 0.0 0.9763779527559056 0.023622047244094488 0.0 0.8503937007874016 1087.4126319701618 19.28383110327284 132
0.9861111111111112 0.013888888888888888 0.0 0.9928057553956835 0.007194244604316547 0.0 0.7410071942446043 1045.1227388566306 18.544679541851615 144
0.9310344827586207 0.06206896551724138 0.006896551724137931 0.9285714285714286 0.06428571428571428 0.007142857142857143 0.9857142857142858 1051.3256171111284 18.87735891881637 145
0.9615384615384616 0.038461538461538464 0.0 0.96 0.04 0.0 0.824 1087.400578612097 19.602537337187712 130
0.9435483870967742 0.056451612903225805 0.0 0.9411764705882353 0.058823529411764705 0.0 0.8151260504201681 1083.6871046659498 20.17660206196114 124
0.9813084112149533 0.018691588785046728 0.0 0.9803921568627451 0.0196078431372549 0.0 0.9019607843137255 1064.9610179394435 19.847128169810304 107
0.9318181818181818 0.06060606060606061 0.007575757575757576 0.9291338582677166 0.06299212598425197 0.007874015748031496 0.7480314960629921 1087.3201506041976 19.403192482529796 132
0.9292035398230089 0.07079646017699115 0.0 0.9259259259259259 0.07407407407407407 0.0 0.9907407407407407 1072.1104853230318 20.636078487848494 113
0.9925373134328358 0.007462686567164179 0.0 0.9922480620155039 0.007751937984496124 0.0 0.5736434108527132 1041.8734628214702 19.402710394227597 134
0.9402985074626866 0.05970149253731343 0.0 0.937984496124031 0.06201550387596899 0.0 0.875968992248062 1013.2845599265174 19.575034209972465 134
0.9596774193548387 0.04032258064516129 0.0 0.957983193277311 0.04201680672268908 0.0 0.8487394957983193 1068.0861510838897 21.09564789820656 124
0.8633540372670807 0.13664596273291926 0.0 0.8589743589743589 0.14102564102564102 0.0 0.6089743589743589 1087.384998971181 18.851916349320227 161
0.9219858156028369 0.06382978723404255 0.014184397163120567 0.9191176470588235 0.0661764705882353 0.014705882352941176 0.8455882352941176 1079.7888555257666 19.27570610301499 141
0.9770992366412213 0.022900763358778626 0.0 0.9761904761904762 0.023809523809523808 0.0 0.9285714285714286 1078.8994947555248 19.43538019379623 131
1.0 0.0 0.0 1.0 0.0 0.0 1.0 964.1679949851347 24.90232461429668 67
0.9927007299270073 0.0072992700729927005 0.0 0.9924242424242424 0.007575757575757576 0.0 0.25757575757575757 1009.0370699308977 18.11982541269012 137
0.9586776859504132 0.04132231404958678 0.0 0.9568965517241379 0.04310344827586207 0.0 0.9137931034482759 1079.1507663115601 20.80210151731319 121
1.0 0.0 0.0 1.0 0.0 0.0 0.7285714285714285 1087.0127659949276 18.799016768157436 145
0.9387755102040817 0.061224489795918366 0.0 0.9366197183098591 0.06338028169014084 0.0 0.823943661971831 1072.005016031026 20.532884649475577 147
0.9312977099236641 0.06870229007633588 0.0 0.9285714285714286 0.07142857142857142 0.0 0.7698412698412699 1074.384593234849 19.086613394069353 131
0.9767441860465116 0.023255813953488372 0.0 0.9758064516129032 0.024193548387096774 0.0 0.6370967741935484 1059.5032684655614 20.242978040761315 129
1.0 0.0 0.0 1.0 0.0 0.0 1.0 988.6428957404867 23.219426853684652 85
0.918918918918919 0.08108108108108109 0.0 0.9339622641509434 0.0660377358490566 0.0 0.8113207547169812 997.7137514905843 20.143731943223717 111
0.989247311827957 0.010752688172043012 0.0 0.9886363636363636 0.011363636363636364 0.0 0.9431818181818182 1048.5313151551527 21.774684923749252 93
0.9682539682539683 0.031746031746031744 0.0 0.9669421487603306 0.03305785123966942 0.0 0.8181818181818182 1050.4347207659457 20.189105866508655 126
1.0 0.0 0.0 1.0 0.0 0.0 0.9459459459459459 1074.6367025121583 22.425933361537545 79
0.9813664596273292 0.018633540372670808 0.0 0.9807692307692307 0.019230769230769232 0.0 0.0 1068.0037987919031 19.28137787615224 161
0.9784172661870504 0.02158273381294964 0.0 0.9776119402985075 0.022388059701492536 0.0 0.7761194029850746 1079.271319010767 20.302100156708196 139
0.9 0.1 0.0 0.8956521739130435 0.10434782608695652 0.0 0.6260869565217392 1084.043135624591 20.64588104652592 120
0.9403973509933775 0.059602649006622516 0.0 0.9383561643835616 0.06164383561643835 0.0 0.7945205479452054 1080.8949676522116 19.443634464794926 151
0.9432624113475178 0.05673758865248227 0.0 0.9411764705882353 0.058823529411764705 0.0 0.8308823529411765 1022.1059551648692 18.954038235355075 141
1.0 0.0 0.0 1.0 0.0 0.0 0.8823529411764706 1026.2499074891587 20.590143530781816 107
0.9731543624161074 0.026845637583892617 0.0 0.9722222222222222 0.027777777777777776 0.0 0.5625 1053.1533097947793 18.81699798794661 149
0.9513888888888888 0.04861111111111111 0.0 0.9496402877697842 0.050359712230215826 0.0 0.7913669064748201 1086.2053438400333 18.55359391146918 144
0.9454545454545454 0.05454545454545454 0.0 0.9428571428571428 0.05714285714285714 0.0 0.7142857142857143 1083.71592356402 20.545781269034634 110
0.8913043478260869 0.10869565217391304 0.0 0.8872180451127819 0.11278195488721804 0.0 0.706766917293233 985.885165076459 19.348319208033473 138
0.994413407821229 0.00558659217877095 0.0 0.9942528735632183 0.005747126436781609 0.0 0.632183908045977 964.3197443886045 17.69085227690323 179
0.9743589743589743 0.02564102564102564 0.0 0.9735099337748344 0.026490066225165563 0.0 0.8079470198675497 1077.8503567381806 19.269669577372955 156
0.959731543624161 0.040268456375838924 0.0 0.9652777777777778 0.034722222222222224 0.0 0.9722222222222222 1054.6861879549451 20.21505607985667 149
0.9682539682539683 0.031746031746031744 0.0 0.9669421487603306 0.03305785123966942 0.0 0.8842975206611571 1077.583113290527 20.39988934532415 126
0.896551724137931 0.10344827586206896 0.0 0.8918918918918919 0.10810810810810811 0.0 0.4864864864864865 1046.4718151882041 21.086836089699094 116
0.9432624113475178 0.05673758865248227 0.0 0.9411764705882353 0.058823529411764705 0.0 0.6691176470588235 1066.7105057766018 19.719657743715334 141
0.948905109489051 0.051094890510948905 0.0 0.946969696969697 0.05303030303030303 0.0 0.8636363636363636 1076.2180705527758 20.70734009787884 137
0.9008264462809917 0.09917355371900827 0.0 0.896551724137931 0.10344827586206896 0.0 0.6810344827586207 1067.8099647251963 19.730169758457844 121
0.9692307692307692 0.03076923076923077 0.0 0.968 0.032 0.0 1.0 1027.991965809425 20.304978180220797 130
0.9811320754716981 0.018867924528301886 0.0 0.9801980198019802 0.019801980198019802 0.0 0.8118811881188119 1045.8703062438065 20.79877251281466 106
0.952 0.048 0.0 0.95 0.05 0.0 0.7416666666666667 1029.0564410098511 20.640942440164324 125
0.951048951048951 0.04895104895104895 0.0 0.9492753623188406 0.050724637681159424 0.0 0.8260869565217391 1078.1067075639135 19.783237610031073 143
0.9807692307692307 0.019230769230769232 0.0 0.9797979797979798 0.020202020202020204 0.0 0.898989898989899 1035.6238165236161 20.250441710901267 104
0.9241379310344827 0.07586206896551724 0.0 0.9214285714285714 0.07857142857142857 0.0 0.7 1076.3530359436206 19.112761776127286 145
1.0 0.0 0.0 1.0 0.0 0.0 0.8503937007874016 1045.1540027330932 19.418682116249023 132
0.9307692307692308 0.06923076923076923 0.0 0.944 0.056 0.0 0.92 938.2020532465147 19.012649305717325 130
0.9921259842519685 0.007874015748031496 0.0 0.9918032786885246 0.00819672131147541 0.0 0.6065573770491803 1025.1087849971254 20.073008609746772 127
0.9712230215827338 0.02877697841726619 0.0 0.9701492537313433 0.029850746268656716 0.0 0.8582089552238806 1049.096444220617 18.34075297319231 139
0.8764044943820225 0.12359550561797752 0.0 0.8728323699421965 0.12716763005780346 0.0 0.005780346820809248 1069.5860943303546 18.486651249697893 178
0.9834710743801653 0.01652892561983471 0.0 0.9827586206896551 0.017241379310344827 0.0 0.7586206896551724 1067.3015296749438 20.97009370474109 121
0.9316239316239316 0.06837606837606838 0.0 0.9285714285714286 0.07142857142857142 0.0 0.7321428571428571 1087.3220256431705 19.75958566191928 117
0.9823008849557522 0.017699115044247787 0.0 0.9814814814814815 0.018518518518518517 0.0 0.9537037037037037 1065.1984085291322 20.59248541142445 113
0.9785714285714285 0.02142857142857143 0.0 0.9777777777777777 0.022222222222222223 0.0 0.837037037037037 1079.4610337122297 19.250371843494484 140
0.9807692307692307 0.019230769230769232 0.0 0.9797979797979798 0.020202020202020204 0.0 0.9292929292929293 1065.739914115485 21.067048781334428 104
1.0 0.0 0.0 1.0 0.0 0.0 1.0 1000.0039873712163 21.66684458917707 93
0.9830508474576272 0.01694915254237288 0.0 0.9823008849557522 0.017699115044247787 0.0 0.9911504424778761 1060.0856601836194 19.401226498965862 118
0.9666666666666667 0.03333333333333333 0.0 0.9652173913043478 0.034782608695652174 0.0 0.8 1054.0929065460577 21.517910073941607 120
0.9886363636363636 0.011363636363636364 0.0 0.9879518072289156 0.012048192771084338 0.0 1.0 1070.2917327963103 25.46049945932651 88
0.9640287769784173 0.03597122302158273 0.0 0.9626865671641791 0.03731343283582089 0.0 0.7686567164179104 1047.4709509174595 19.660914588763966 139
0.9847328244274809 0.015267175572519083 0.0 0.9841269841269841 0.015873015873015872 0.0 0.8095238095238095 1086.1804705270802 20.33840837140423 131
0.9703703703703703 0.02962962962962963 0.0 0.9692307692307692 0.03076923076923077 0.0 0.9153846153846154 977.9121913005733 18.99510358266592 135
0.9150326797385621 0.08496732026143791 0.0 0.918918918918919 0.08108108108108109 0.0 0.0 1014.4875257260843 17.303708603983207 153
0.9485294117647058 0.051470588235294115 0.0 0.9465648854961832 0.05343511450381679 0.0 0.8702290076335878 1085.6165379738572 20.200314788714124 136
0.9349593495934959 0.06504065040650407 0.0 0.9322033898305084 0.06779661016949153 0.0 0.4830508474576271 1076.5048406685457 19.14044951984086 123
0.958904109589041 0.0410958904109589 0.0 0.9574468085106383 0.0425531914893617 0.0 0.9574468085106383 1040.5547399382938 19.043411253882002 146
0.9370629370629371 0.06293706293706294 0.0 0.9347826086956522 0.06521739130434782 0.0 0.6594202898550725 1067.1617277225207 20.24233214305284 143
0.9076923076923077 0.09230769230769231 0.0 0.904 0.096 0.0 0.64 995.8239559642763 20.009234612180602 130
0.9424460431654677 0.05755395683453238 0.0 0.9402985074626866 0.05970149253731343 0.0 0.8880597014925373 1087.004205639879 20.183939596417304 139
0.9347826086956522 0.06521739130434782 0.0 0.9310344827586207 0.06896551724137931 0.0 1.0 1068.7175157643767 22.265388222868044 92
1.0 0.0 0.0 1.0 0.0 0.0 0.8070175438596491 1003.7963531351068 19.852136886652957 119
0.9236641221374046 0.07633587786259542 0.0 0.9206349206349206 0.07936507936507936 0.0 0.8015873015873016 1079.9282967160777 20.736028094735843 131
0.9436619718309859 0.056338028169014086 0.0 0.9416058394160584 0.058394160583941604 0.0 0.7445255474452555 1052.3816324206066 18.75620703824696 142
0.9491525423728814 0.05084745762711865 0.0 0.9476744186046512 0.05232558139534884 0.0 0.8546511627906976 1084.456910020156 18.60733727102413 177
0.978494623655914 0.021505376344086023 0.0 0.9772727272727273 0.022727272727272728 0.0 0.8522727272727273 996.8272337820623 20.67086371303591 93
0.8723404255319149 0.1276595744680851 0.0 0.8676470588235294 0.1323529411764706 0.0 0.6617647058823529 1064.398066191133 18.33178255273977 141
0.937984496124031 0.05426356589147287 0.007751937984496124 0.9354838709677419 0.056451612903225805 0.008064516129032258 0.7580645161290323 1086.505058201635 20.177355216027376 129
0.9767441860465116 0.023255813953488372 0.0 0.9758064516129032 0.024193548387096774 0.0 0.9919354838709677 1054.6904759103415 18.908266133004652 129
0.967741935483871 0.03225806451612903 0.0 0.9663865546218487 0.03361344537815126 0.0 0.6470588235294118 1079.1960129826855 20.35831449961687 124
0.984251968503937 0.015748031496062992 0.0 0.9836065573770492 0.01639344262295082 0.0 0.8114754098360656 1010.3168088645396 19.935348592064358 127
0.9745762711864406 0.025423728813559324 0.0 0.9734513274336283 0.02654867256637168 0.0 0.7964601769911505 1038.4730439988057 19.899977682241133 118
0.9745762711864406 0.025423728813559324 0.0 0.9734513274336283 0.02654867256637168 0.0 0.8672566371681416 1021.6634283537256 21.539091357606686 118
0.9363636363636364 0.06363636363636363 0.0 0.9333333333333333 0.06666666666666667 0.0 0.6952380952380952 1044.9799088325105 20.05456003048357 110
0.9624060150375939 0.03759398496240601 0.0 0.9609375 0.0390625 0.0 0.7109375 1086.1284466839472 20.267006165274836 133
0.9424460431654677 0.05755395683453238 0.0 0.9402985074626866 0.05970149253731343 0.0 0.7761194029850746 1085.602210902257 19.182805117559766 139
0.9 0.1 0.0 0.9066666666666666 0.09333333333333334 0.0 0.9466666666666667 1043.7724946328542 24.14079623973412 80
0.9923076923076923 0.007692307692307693 0.0 0.992 0.008 0.0 0.76 1074.8629083451822 19.305290056986923 130
0.957983193277311 0.04201680672268908 0.0 0.956140350877193 0.043859649122807015 0.0 0.7631578947368421 1050.7054311004545 20.809638226587595 119
0.9166666666666666 0.075 0.008333333333333333 0.9130434782608695 0.0782608695652174 0.008695652173913044 0.8 1078.9224085712667 19.713035016101003 120
0.971830985915493 0.028169014084507043 0.0 0.9708029197080292 0.029197080291970802 0.0 0.6788321167883211 1063.6438459619392 19.076565886033933 142
0.8861788617886179 0.11382113821138211 0.0 0.8813559322033898 0.11864406779661017 0.0 0.8728813559322034 1046.4906215228152 21.152749232617122 123
0.9375 0.0625 0.0 0.943089430894309 0.056910569105691054 0.0 0.7804878048780488 1086.9273609744334 19.26226297765726 128
0.9545454545454546 0.045454545454545456 0.0 0.9530201342281879 0.04697986577181208 0.0 0.7718120805369127 1070.6882360384432 18.904250719096652 154
0.9777777777777777 0.022222222222222223 0.0 0.9769230769230769 0.023076923076923078 0.0 0.8769230769230769 1085.885002465769 21.01265788561679 135
0.9193548387096774 0.08064516129032258 0.0 0.9159663865546218 0.08403361344537816 0.0 0.7226890756302521 1067.7477097017388 19.71552936833276 124
0.8345864661654135 0.15037593984962405 0.015037593984962405 0.828125 0.15625 0.015625 0.5078125 1031.4466345085573 18.521304988241496 133
0.9090909090909091 0.08333333333333333 0.007575757575757576 0.905511811023622 0.08661417322834646 0.007874015748031496 0.6456692913385826 1086.94278443734 19.931790934530227 132
0.9530201342281879 0.04697986577181208 0.0 0.9513888888888888 0.04861111111111111 0.0 0.8194444444444444 1077.2789963600737 19.25262355697063 149
0.8848484848484849 0.11515151515151516 0.0 0.88125 0.11875 0.0 0.7 1087.3917557272152 18.66405410616016 165
0.7222222222222222 0.25396825396825395 0.023809523809523808 0.7272727272727273 0.24793388429752067 0.024793388429752067 1.0 1066.2762001468498 20.29387977589655 126
0.8421052631578947 0.14035087719298245 0.017543859649122806 0.8348623853211009 0.14678899082568808 0.01834862385321101 0.7064220183486238 1085.8326622629045 20.160627585565887 114
0.8581081081081081 0.14189189189189189 0.0 0.8531468531468531 0.14685314685314685 0.0 0.6083916083916084 1035.5581007727055 18.52008352323704 148
0.9847328244274809 0.015267175572519083 0.0 0.9841269841269841 0.015873015873015872 0.0 0.9126984126984127 1001.0230309607805 21.05970415706567 131
0.961038961038961 0.03896103896103896 0.0 0.959731543624161 0.040268456375838924 0.0 0.825503355704698 1087.4840510319523 18.831172403702688 154
0.9375 0.0625 0.0 0.9349593495934959 0.06504065040650407 0.0 0.8373983739837398 1085.0006778231775 20.25465834970771 128
0.8317757009345794 0.16822429906542055 0.0 0.8235294117647058 0.17647058823529413 0.0 0.6372549019607843 1064.5357925876435 20.605535012223438 107
0.9611650485436893 0.038834951456310676 0.0 0.9591836734693877 0.04081632653061224 0.0 0.8775510204081632 1068.1899162752177 20.90160096833846 103
0.9545454545454546 0.045454545454545456 0.0 0.9530201342281879 0.04697986577181208 0.0 0.6375838926174496 1045.7578246651558 18.415635937047224 154
0.9270833333333334 0.07291666666666667 0.0 0.9230769230769231 0.07692307692307693 0.0 0.5934065934065934 1087.484632488258 21.44094349188266 96
0.9602649006622517 0.039735099337748346 0.0 0.958904109589041 0.0410958904109589 0.0 0.8287671232876712 1044.606284254955 19.569757381622384 151
0.991304347826087 0.008695652173913044 0.0 0.990909090909091 0.00909090909090909 0.0 0.9 1059.65154020054 20.785765828608447 115
0.9645390070921985 0.03546099290780142 0.0 0.9779411764705882 0.022058823529411766 0.0 0.7941176470588235 1087.089918509665 19.65272877451989 141
0.9913793103448276 0.008620689655172414 0.0 0.990990990990991 0.009009009009009009 0.0 0.5045045045045045 1028.7612591952516 20.873764134628548 116
0.9032258064516129 0.0967741935483871 0.0 0.8977272727272727 0.10227272727272728 0.0 0.9545454545454546 1070.2197608330332 21.996563371013863 93
0.9910714285714286 0.008928571428571428 0.0 0.9906542056074766 0.009345794392523364 0.0 0.8317757009345794 1042.3804367004795 20.3966439040384 112
0.9921259842519685 0.007874015748031496 0.0 0.9918032786885246 0.00819672131147541 0.0 0.8278688524590164 1086.5186714606346 19.33322482993226 127
0.9829059829059829 0.017094017094017096 0.0 0.9821428571428571 0.017857142857142856 0.0 0.7053571428571429 1078.6518862064372 21.307417010550356 117
0.9173553719008265 0.08264462809917356 0.0 0.9137931034482759 0.08620689655172414 0.0 0.8103448275862069 1087.4296853917497 19.103624032017116 121
0.9836065573770492 0.01639344262295082 0.0 0.9829059829059829 0.017094017094017096 0.0 0.8205128205128205 1038.5447287778954 20.609330505215787 122
0.8931297709923665 0.10687022900763359 0.0 0.8888888888888888 0.1111111111111111 0.0 0.7936507936507936 1020.3975210014394 19.67139833939283 131
0.9586206896551724 0.041379310344827586 0.0 0.9571428571428572 0.04285714285714286 0.0 0.8428571428571429 1086.8672074493345 19.81210578450829 145
0.9411764705882353 0.058823529411764705 0.0 0.9385964912280702 0.06140350877192982 0.0 0.6754385964912281 1087.1512981326803 19.858483860120757 119
0.9681528662420382 0.03184713375796178 0.0 0.9671052631578947 0.03289473684210526 0.0 0.993421052631579 1067.7020102251377 18.903815802749243 157
0.9836065573770492 0.01639344262295082 0.0 0.9829059829059829 0.017094017094017096 0.0 0.8974358974358975 1085.7582372994016 19.95970983425076 122
0.9711538461538461 0.028846153846153848 0.0 0.9696969696969697 0.030303030303030304 0.0 0.9494949494949495 1083.739378917566 19.887295734714492 104
0.8074074074074075 0.1925925925925926 0.0 0.8 0.2 0.0 0.676923076923077 1087.4447978273454 19.27852249391773 135
0.9452054794520548 0.0547945205479452 0.0 0.9432624113475178 0.05673758865248227 0.0 0.8156028368794326 1087.4497210852942 19.247187609366943 146
0.9354838709677419 0.06451612903225806 0.0 0.9333333333333333 0.06666666666666667 0.0 0.0 1031.19411176433 18.488282493110606 155
0.984375 0.015625 0.0 0.983739837398374 0.016260162601626018 0.0 0.8536585365853658 1080.7692315651523 19.783815099827546 128
0.9463087248322147 0.053691275167785234 0.0 0.9444444444444444 0.05555555555555555 0.0 0.6111111111111112 1086.7376672233554 19.07233697006655 149
0.9508196721311475 0.04918032786885246 0.0 0.9487179487179487 0.05128205128205128 0.0 0.8717948717948718 1087.3885729024305 19.657888069936217 122
0.975609756097561 0.024390243902439025 0.0 0.9745762711864406 0.025423728813559324 0.0 0.7372881355932204 1077.0199123903924 19.911040275186036 123
0.9736842105263158 0.02631578947368421 0.0 0.9724770642201835 0.027522935779816515 0.0 0.6788990825688074 1050.749480241564 20.676159243252467 114
0.9739130434782609 0.02608695652173913 0.0 0.9727272727272728 0.02727272727272727 0.0 0.7454545454545455 978.2101824801176 19.190806806000484 115
0.9482758620689655 0.05172413793103448 0.0 0.9459459459459459 0.05405405405405406 0.0 0.7837837837837838 1051.6264025646137 20.073899832380974 116
0.9694656488549618 0.030534351145038167 0.0 0.9682539682539683 0.031746031746031744 0.0 1.0 1084.541923337325 20.562612518847498 131
0.9834710743801653 0.01652892561983471 0.0 0.9827586206896551 0.017241379310344827 0.0 0.5517241379310345 1062.99749811296 20.593138162861166 121
0.8548387096774194 0.13709677419354838 0.008064516129032258 0.8487394957983193 0.14285714285714285 0.008403361344537815 0.8067226890756303 1087.3156018167533 20.724692335143168 124
0.9523809523809523 0.047619047619047616 0.0 0.950920245398773 0.049079754601226995 0.0 0.7239263803680982 1067.0325692530362 18.97910090174534 168
0.9083333333333333 0.09166666666666666 0.0 0.9043478260869565 0.09565217391304348 0.0 0.7130434782608696 1087.3846674796114 19.741249919103705 120
0.907563025210084 0.09243697478991597 0.0 0.9035087719298246 0.09649122807017543 0.0 0.7105263157894737 1060.8840775335777 20.104589721602814 119
0.9339622641509434 0.0660377358490566 0.0 0.9306930693069307 0.06930693069306931 0.0 0.8118811881188119 1086.3337636303934 21.65037900580659 106
0.9276315789473685 0.07236842105263158 0.0 0.9251700680272109 0.07482993197278912 0.0 0.7346938775510204 1083.7637933123672 19.436215497911032 152
0.8974358974358975 0.10256410256410256 0.0 0.8947368421052632 0.10526315789473684 0.0 0.0 1060.2739481001784 16.659470611096655 195
0.937984496124031 0.06201550387596899 0.0 0.9354838709677419 0.06451612903225806 0.0 0.7338709677419355 1044.4248568851913 18.634668784231366 129
0.8760330578512396 0.12396694214876033 0.0 0.8706896551724138 0.12931034482758622 0.0 0.8103448275862069 1079.4979203423502 20.634262639050775 121
0.9426229508196722 0.05737704918032787 0.0 0.9401709401709402 0.05982905982905983 0.0 0.7435897435897436 1087.4079537259847 19.113036294521365 122
0.9658119658119658 0.03418803418803419 0.0 0.9642857142857143 0.03571428571428571 0.0 0.7321428571428571 1087.3678634391144 19.357238256883594 117
0.8461538461538461 0.13986013986013987 0.013986013986013986 0.8478260869565217 0.13768115942028986 0.014492753623188406 0.6884057971014492 1069.9147667123991 19.30188983667162 143
0.9795918367346939 0.02040816326530612 0.0 0.978494623655914 0.021505376344086023 0.0 0.9247311827956989 1021.5940814826183 21.230622853275346 98
0.9457364341085271 0.05426356589147287 0.0 0.9435483870967742 0.056451612903225805 0.0 0.6854838709677419 1084.1438509899585 19.929452113553012 129
0.9611650485436893 0.038834951456310676 0.0 0.9591836734693877 0.04081632653061224 0.0 0.7755102040816326 1086.7485925056162 20.117990700090704 103
0.9931506849315068 0.00684931506849315 0.0 0.9929078014184397 0.0070921985815602835 0.0 0.6028368794326241 1048.2094220605177 19.508888769200972 146
0.9473684210526315 0.05263157894736842 0.0 0.9457831325301205 0.05421686746987952 0.0 0.8012048192771084 1087.4581426199927 18.45103648762199 171
0.9897959183673469 0.01020408163265306 0.0 0.989247311827957 0.010752688172043012 0.0 0.7204301075268817 1014.964900890491 19.352519921334892 98
0.9516129032258065 0.04838709677419355 0.0 0.957983193277311 0.04201680672268908 0.0 0.8403361344537815 1074.3110851765036 19.50195605378353 124
1.0 0.0 0.0 1.0 0.0 0.0 0.8073394495412844 968.464180002971 20.017118660240357 114
0.9662162162162162 0.033783783783783786 0.0 0.972027972027972 0.027972027972027972 0.0 0.6993006993006993 1079.7706422627743 18.410521476804707 148
0.9577464788732394 0.04225352112676056 0.0 0.9562043795620438 0.043795620437956206 0.0 0.7226277372262774 1058.104124958564 20.308025507054555 142
0.9064748201438849 0.09352517985611511 0.0 0.9029850746268657 0.09701492537313433 0.0 0.7686567164179104 1062.5558132901635 19.05731840557289 139
0.9263157894736842 0.07368421052631578 0.0 0.9222222222222223 0.07777777777777778 0.0 0.8 998.8622869431239 21.22925615845236 95
0.9734513274336283 0.02654867256637168 0.0 0.9722222222222222 0.027777777777777776 0.0 0.7962962962962963 1086.5306258353114 21.221954477224322 113
0.8976377952755905 0.10236220472440945 0.0 0.8934426229508197 0.10655737704918032 0.0 0.8934426229508197 1079.0913641321742 19.630348239135646 127
0.9047619047619048 0.09523809523809523 0.0 0.9014084507042254 0.09859154929577464 0.0 0.8098591549295775 1059.8231381182823 19.56157535181245 147
0.9583333333333334 0.041666666666666664 0.0 0.9568345323741008 0.04316546762589928 0.0 0.6690647482014388 1086.0946133361447 19.59961170572006 144
0.9708029197080292 0.029197080291970802 0.0 0.9696969696969697 0.030303030303030304 0.0 0.8636363636363636 1051.3498113802307 19.49901196911751 137
0.9922480620155039 0.007751937984496124 0.0 0.9919354838709677 0.008064516129032258 0.0 0.967741935483871 1052.4142643074217 20.01511831947072 129
0.9222222222222223 0.07777777777777778 0.0 0.9257142857142857 0.07428571428571429 0.0 0.84 1082.3278104157857 17.695361633554533 180
0.9894736842105263 0.010526315789473684 0.0 0.9888888888888889 0.011111111111111112 0.0 0.8888888888888888 1030.1427890553516 21.900628040038814 95
0.9230769230769231 0.07692307692307693 0.0 0.92 0.08 0.0 0.704 1087.4056818285412 20.618195537519252 130
0.9583333333333334 0.041666666666666664 0.0 0.9568345323741008 0.04316546762589928 0.0 0.9136690647482014 1052.6316312505946 18.820037866709896 144
0.9702380952380952 0.02976190476190476 0.0 0.9693251533742331 0.03067484662576687 0.0 0.8098159509202454 1057.627563994373 18.649350905252973 168
0.8811881188118812 0.1188118811881188 0.0 0.875 0.125 0.0 0.71875 1087.3772931472206 22.04870083444095 101
0.9489795918367347 0.05102040816326531 0.0 0.946236559139785 0.053763440860215055 0.0 0.8279569892473119 1083.1420730647608 21.2300593643045 98
0.9859154929577465 0.014084507042253521 0.0 0.9854014598540146 0.014598540145985401 0.0 0.9051094890510949 1049.1207295120341 19.785691644553125 142
0.9224137931034483 0.07758620689655173 0.0 0.918918918918919 0.08108108108108109 0.0 0.8738738738738738 1017.1333514460882 20.994504676352534 116
0.9704142011834319 0.029585798816568046 0.0 0.9695121951219512 0.03048780487804878 0.0 0.9939024390243902 1062.8895657978499 18.847173563170063 169
0.9439252336448598 0.056074766355140186 0.0 0.9411764705882353 0.058823529411764705 0.0 0.7549019607843137 1087.3808462203033 20.24648847484709 107
0.8095238095238095 0.1746031746031746 0.015873015873015872 0.8181818181818182 0.17355371900826447 0.008264462809917356 0.768595041322314 1086.62823824434 20.39887799174299 126
0.958041958041958 0.04195804195804196 0.0 0.9565217391304348 0.043478260869565216 0.0 0.7536231884057971 1086.1575160139826 20.11385191923499 143
0.908256880733945 0.09174311926605505 0.0 0.9038461538461539 0.09615384615384616 0.0 0.9807692307692307 1061.3535556920071 20.80586168943441 109
1.0 0.0 0.0 1.0 0.0 0.0 0.8850574712643678 1024.148416073228 21.06597157728067 92
0.8442622950819673 0.1557377049180328 0.0 0.8376068376068376 0.1623931623931624 0.0 0.7777777777777778 1034.4286991816377 20.22720458831316 122
0.9153846153846154 0.07692307692307693 0.007692307692307693 0.912 0.08 0.008 0.856 1075.816672244942 20.977874077637694 130
0.8780487804878049 0.10975609756097561 0.012195121951219513 0.8805031446540881 0.1069182389937107 0.012578616352201259 0.6666666666666666 1086.472669601966 18.719698335533717 164
0.9841269841269841 0.015873015873015872 0.0 0.9834710743801653 0.01652892561983471 0.0 0.8842975206611571 1059.702691954346 19.949349810655953 126
0.864 0.12 0.016 0.8583333333333333 0.125 0.016666666666666666 0.925 1053.8687044085952 19.091358818282536 125
0.8732394366197183 0.1267605633802817 0.0 0.8686131386861314 0.13138686131386862 0.0 0.6861313868613139 1033.2805758079232 18.910451211826683 142
0.9541984732824428 0.04580152671755725 0.0 0.9523809523809523 0.047619047619047616 0.0 0.7698412698412699 1055.2603149815209 18.784626689798888 131
0.9767441860465116 0.023255813953488372 0.0 0.9758064516129032 0.024193548387096774 0.0 0.9032258064516129 1078.2200868030523 19.672543583364085 129
0.7633587786259542 0.22137404580152673 0.015267175572519083 0.753968253968254 0.23015873015873015 0.015873015873015872 0.5 1082.4230141711653 19.509992699023563 131
0.9624060150375939 0.03759398496240601 0.0 0.96875 0.03125 0.0 0.7890625 1087.2247323914783 19.205128507298216 133
0.8863636363636364 0.11363636363636363 0.0 0.8795180722891566 0.12048192771084337 0.0 0.8192771084337349 1067.706929759502 21.29025312425094 88
0.9545454545454546 0.045454545454545456 0.0 0.9530201342281879 0.04697986577181208 0.0 0.7919463087248322 1063.6729884017757 18.726195937117154 154
0.9548387096774194 0.04516129032258064 0.0 0.9533333333333334 0.04666666666666667 0.0 0.7 1087.3867395982238 19.792158367406042 155
0.9642857142857143 0.03571428571428571 0.0 0.9631901840490797 0.03680981595092025 0.0 0.7239263803680982 1086.4331364880225 18.56610128207056 168
0.9767441860465116 0.023255813953488372 0.0 0.9758064516129032 0.024193548387096774 0.0 0.9274193548387096 1050.9535824592401 20.028080117476623 129
0.8559322033898306 0.1440677966101695 0.0 0.8495575221238938 0.1504424778761062 0.0 0.7345132743362832 1044.695779306727 20.301601178227592 118
0.9714285714285714 0.02857142857142857 0.0 0.97 0.03 0.0 0.61 1084.913628160057 21.076645203742753 105
0.9856115107913669 0.014388489208633094 0.0 0.9850746268656716 0.014925373134328358 0.0 0.6791044776119403 1082.807596771297 18.72157260995272 139
0.9609375 0.0390625 0.0 0.959349593495935 0.04065040650406504 0.0 0.7642276422764228 1087.0750732971105 18.83996253232545 128
0.9548872180451128 0.045112781954887216 0.0 0.953125 0.046875 0.0 0.6953125 1000.2356345553276 19.371056059438935 133
0.9358974358974359 0.0641025641025641 0.0 0.9315068493150684 0.0684931506849315 0.0 0.9315068493150684 1086.9220163252453 22.307064164048434 78
0.9708029197080292 0.029197080291970802 0.0 0.9696969696969697 0.030303030303030304 0.0 0.8181818181818182 1051.496631958405 20.229753524857216 137
0.9873417721518988 0.012658227848101266 0.0 0.9869281045751634 0.013071895424836602 0.0 0.673202614379085 1055.1255510988285 18.57380200349044 158
0.8951612903225806 0.10483870967741936 0.0 0.8907563025210085 0.1092436974789916 0.0 0.6050420168067226 1057.6576833965437 19.910643624904072 124
0.990990990990991 0.009009009009009009 0.0 0.9905660377358491 0.009433962264150943 0.0 0.9433962264150944 989.3061639928271 20.728911043617703 111
1.0 0.0 0.0 1.0 0.0 0.0 0.5136986301369864 1077.48713443807 19.161490885287957 151
0.7906976744186046 0.1744186046511628 0.03488372093023256 0.7844311377245509 0.17964071856287425 0.03592814371257485 0.38323353293413176 1063.9896358634148 17.13216370173586 172
0.9655172413793104 0.034482758620689655 0.0 0.9644970414201184 0.03550295857988166 0.0 0.7100591715976331 1050.730176518714 18.185432009708197 174
0.9271523178807947 0.0728476821192053 0.0 0.9246575342465754 0.07534246575342465 0.0 0.8767123287671232 1068.6938434513183 19.041402295050467 151
0.9655172413793104 0.034482758620689655 0.0 0.963963963963964 0.036036036036036036 0.0 0.9459459459459459 1064.1327080818523 20.446702092258946 116
1.0 0.0 0.0 1.0 0.0 0.0 0.967741935483871 1047.235371976091 20.435359388637874 98
1.0 0.0 0.0 1.0 0.0 0.0 0.582089552238806 1072.9539003220098 21.99819545144123 72
0.8671875 0.1328125 0.0 0.8617886178861789 0.13821138211382114 0.0 0.6097560975609756 1087.423797046997 19.798202914307122 128
0.9886363636363636 0.011363636363636364 0.0 0.9883040935672515 0.011695906432748537 0.0 0.4502923976608187 1078.7758355282479 18.104146567044875 176
0.9361702127659575 0.06382978723404255 0.0 0.9338235294117647 0.0661764705882353 0.0 0.8676470588235294 1083.703497430651 19.034639278662564 141
1.0 0.0 0.0 1.0 0.0 0.0 0.875 1041.2612196537975 20.387683173050892 117
0.9690721649484536 0.030927835051546393 0.0 0.967391304347826 0.03260869565217391 0.0 0.7608695652173914 1058.561553991535 21.865918305617964 97
0.9629629629629629 0.037037037037037035 0.0 0.9615384615384616 0.038461538461538464 0.0 0.7923076923076923 1030.980959695796 19.645334073818585 135
0.9343065693430657 0.06569343065693431 0.0 0.9318181818181818 0.06818181818181818 0.0 0.8484848484848485 1083.101223652938 20.562764758529603 137
0.9766081871345029 0.023391812865497075 0.0 0.9759036144578314 0.024096385542168676 0.0 0.7289156626506024 1087.3077857974322 18.487457159560357 171
0.9619047619047619 0.0380952380952381 0.0 0.96 0.04 0.0 0.92 1067.8488747132717 21.30260043217175 105
0.9457364341085271 0.05426356589147287 0.0 0.9435483870967742 0.056451612903225805 0.0 0.8145161290322581 1073.044929981037 19.909714046779328 129
0.989010989010989 0.01098901098901099 0.0 1.0 0.0 0.0 0.9651162790697675 1063.1701626143647 21.44314561146909 91
0.9671052631578947 0.03289473684210526 0.0 0.9659863945578231 0.034013605442176874 0.0 0.6666666666666666 1085.92823236708 19.753036521555472 152
0.8898305084745762 0.11016949152542373 0.0 0.8849557522123894 0.11504424778761062 0.0 0.9292035398230089 1086.4783848521702 21.575024957021828 118
0.9349593495934959 0.06504065040650407 0.0 0.9322033898305084 0.06779661016949153 0.0 0.9915254237288136 1054.9986427643448 22.18128314973574 123
0.8870967741935484 0.10483870967741936 0.008064516129032258 0.8823529411764706 0.1092436974789916 0.008403361344537815 0.9495798319327731 1078.5560102049174 21.876267978768066 124
1.0 0.0 0.0 1.0 0.0 0.0 0.9213483146067416 1079.1265039358182 19.31528082830607 94
0.9285714285714286 0.07142857142857142 0.0 0.9328859060402684 0.06711409395973154 0.0 0.8791946308724832 1054.9005662533561 19.20393165219785 154
0.9866666666666667 0.013333333333333334 0.0 0.9862068965517241 0.013793103448275862 0.0 0.8137931034482758 1081.2263632320428 18.566713633866417 150
0.9927007299270073 0.0072992700729927005 0.0 0.9924242424242424 0.007575757575757576 0.0 0.8181818181818182 1061.0364342931725 18.930107612219196 137
0.98 0.02 0.0 0.9793103448275862 0.020689655172413793 0.0 0.0 1070.9543951717767 20.014762822838325 150
0.9453125 0.0546875 0.0 0.943089430894309 0.056910569105691054 0.0 0.7804878048780488 1074.212265979405 19.87722556435616 128
0.967741935483871 0.03225806451612903 0.0 0.9663865546218487 0.03361344537815126 0.0 0.8067226890756303 1085.2703756138112 20.134601154370532 124
0.9571428571428572 0.04285714285714286 0.0 0.9555555555555556 0.044444444444444446 0.0 0.8592592592592593 1086.1074375835462 20.29216479715235 140
0.9736842105263158 0.02631578947368421 0.0 0.9724770642201835 0.027522935779816515 0.0 0.7155963302752294 992.6221821000566 21.744632906778453 114
0.9666666666666667 0.03333333333333333 0.0 0.9655172413793104 0.034482758620689655 0.0 0.8137931034482758 1056.2116575683385 18.84395178358988 150
0.991869918699187 0.008130081300813009 0.0 0.9915254237288136 0.00847457627118644 0.0 0.8050847457627118 1059.2016613659491 19.45934274247476 123
0.9390243902439024 0.06097560975609756 0.0 0.9371069182389937 0.06289308176100629 0.0 0.660377358490566 1074.030551230809 18.254268973785244 164
0.9743589743589743 0.02564102564102564 0.0 0.9735099337748344 0.026490066225165563 0.0 0.0 1041.1342676141853 18.414553520727363 156
0.9902912621359223 0.009708737864077669 0.0 0.9897959183673469 0.01020408163265306 0.0 1.0 1060.3074992165314 22.78140598722033 103
0.9865771812080537 0.013422818791946308 0.0 0.9861111111111112 0.013888888888888888 0.0 0.625 1021.5267213964759 19.562179373029192 149
0.9765625 0.0234375 0.0 0.975609756097561 0.024390243902439025 0.0 0.9349593495934959 1063.963893218699 20.990196745350897 128
0.9914529914529915 0.008547008547008548 0.0 0.9910714285714286 0.008928571428571428 0.0 0.9285714285714286 1023.43963789621 20.80581787381607 117
0.9615384615384616 0.038461538461538464 0.0 0.96 0.04 0.0 0.84 989.1551047484055 19.09951988947256 130
0.9685534591194969 0.031446540880503145 0.0 0.9675324675324676 0.032467532467532464 0.0 0.8376623376623377 1081.869609740158 19.732276892988256 159
0.944954128440367 0.05504587155963303 0.0 0.9423076923076923 0.057692307692307696 0.0 0.7115384615384616 1039.9817846854655 20.67894138130075 109
0.9850746268656716 0.014925373134328358 0.0 0.9844961240310077 0.015503875968992248 0.0 0.8682170542635659 1045.5201211753122 19.814228570726247 134
0.9829059829059829 0.017094017094017096 0.0 0.9821428571428571 0.017857142857142856 0.0 0.875 1061.5071656766102 20.005027349312748 117
0.9682539682539683 0.031746031746031744 0.0 0.9669421487603306 0.03305785123966942 0.0 0.9669421487603306 1086.0564951287404 20.718316857185393 126
0.9611650485436893 0.038834951456310676 0.0 0.9693877551020408 0.030612244897959183 0.0 0.6632653061224489 1032.5938405633747 20.245842523085937 103
0.8916666666666667 0.10833333333333334 0.0 0.8869565217391304 0.11304347826086956 0.0 0.6695652173913044 1081.2648287650097 20.08970434752672 120
0.9870967741935484 0.012903225806451613 0.0 0.9866666666666667 0.013333333333333334 0.0 0.8333333333333334 1086.9281546269779 19.060271513602167 155
0.9102564102564102 0.08333333333333333 0.00641025641025641 0.9072847682119205 0.08609271523178808 0.006622516556291391 0.8211920529801324 1068.4066029372214 18.339540038182335 156
0.9338235294117647 0.0661764705882353 0.0 0.9312977099236641 0.06870229007633588 0.0 0.7557251908396947 1087.4655972812059 19.33798703574758 136
0.8767123287671232 0.1232876712328767 0.0 0.8723404255319149 0.1276595744680851 0.0 0.6170212765957447 1027.6946217756574 19.179891803714426 146
0.8957055214723927 0.08588957055214724 0.018404907975460124 0.8924050632911392 0.08860759493670886 0.0189873417721519 0.8670886075949367 1074.352471677876 19.45918374961408 163
0.9558011049723757 0.04419889502762431 0.0 0.9545454545454546 0.045454545454545456 0.0 0.6079545454545454 1083.9268485227105 17.98284486194218 181
0.9891304347826086 0.010869565217391304 0.0 0.9885057471264368 0.011494252873563218 0.0 0.8620689655172413 1042.2411900147529 20.966357239209128 92
0.9761904761904762 0.023809523809523808 0.0 0.9746835443037974 0.02531645569620253 0.0 0.8354430379746836 1059.8907766809562 20.800653966790474 84
0.9603960396039604 0.039603960396039604 0.0 0.9583333333333334 0.041666666666666664 0.0 0.90625 1064.3410666335953 20.575674086704286 101
0.8761904761904762 0.12380952380952381 0.0 0.87 0.13 0.0 0.71 1023.7742232951978 20.91046351370672 105
0.9814814814814815 0.018518518518518517 0.0 0.9805825242718447 0.019417475728155338 0.0 0.7669902912621359 1084.4850106974752 19.90200300352933 108
0.9662921348314607 0.033707865168539325 0.0 0.9642857142857143 0.03571428571428571 0.0 0.9642857142857143 975.6474012005909 21.867453283129393 89
0.8632478632478633 0.1282051282051282 0.008547008547008548 0.8571428571428571 0.13392857142857142 0.008928571428571428 0.6517857142857143 1012.5086799080681 20.623604065118812 117
0.9823008849557522 0.017699115044247787 0.0 0.9814814814814815 0.018518518518518517 0.0 0.8518518518518519 1038.2766162187208 20.773953774492483 113
0.9298245614035088 0.06432748538011696 0.005847953216374269 0.9337349397590361 0.060240963855421686 0.006024096385542169 0.8554216867469879 1023.9805773670454 17.44652646970371 171
0.82 0.17 0.01 0.8210526315789474 0.16842105263157894 0.010526315789473684 0.9894736842105263 1042.115157802067 19.910463348300414 100
0.9572649572649573 0.042735042735042736 0.0 0.9553571428571429 0.044642857142857144 0.0 0.9017857142857143 1082.812972453999 21.45249738743736 117
0.9465648854961832 0.05343511450381679 0.0 0.9444444444444444 0.05555555555555555 0.0 0.7777777777777778 1045.5171495981356 19.43085358288266 131
0.927007299270073 0.072992700729927 0.0 0.9242424242424242 0.07575757575757576 0.0 0.696969696969697 1086.7622941167074 19.398738591848605 137
0.9401709401709402 0.05982905982905983 0.0 0.9375 0.0625 0.0 0.9821428571428571 1059.7678007311804 20.355492396110346 117
0.9612403100775194 0.03875968992248062 0.0 0.9596774193548387 0.04032258064516129 0.0 0.7016129032258065 1087.3880333325767 19.79196094431221 129
0.9774436090225563 0.022556390977443608 0.0 0.9765625 0.0234375 0.0 0.7578125 1073.3270081629305 19.019715392540814 133
0.9328859060402684 0.06711409395973154 0.0 0.9305555555555556 0.06944444444444445 0.0 0.75 1087.4110196686074 19.351283363743924 149
1.0 0.0 0.0 1.0 0.0 0.0 0.6524822695035462 1086.7429083206694 18.590280578735655 146
0.9901960784313726 0.00980392156862745 0.0 0.9896907216494846 0.010309278350515464 0.0 0.9484536082474226 1055.9960642040407 20.470500043736727 102
0.9863945578231292 0.013605442176870748 0.0 0.9859154929577465 0.014084507042253521 0.0 0.9436619718309859 1082.984777755531 18.829487208724466 147
0.9888888888888889 0.011111111111111112 0.0 0.9882352941176471 0.011764705882352941 0.0 0.8470588235294118 1034.5795254567272 20.496204292885 90
0.9137931034482759 0.07758620689655173 0.008620689655172414 0.9099099099099099 0.08108108108108109 0.009009009009009009 0.954954954954955 1071.7884046983772 20.158578715462447 116
0.9625 0.0375 0.0 0.9612903225806452 0.03870967741935484 0.0 0.8451612903225807 1086.3294173022482 18.570254096990034 160
0.959349593495935 0.04065040650406504 0.0 0.9576271186440678 0.0423728813559322 0.0 0.7711864406779662 1086.5401755003807 19.38744346790922 123
0.9461538461538461 0.05384615384615385 0.0 0.944 0.056 0.0 0.6 1036.875516813732 19.404899267564115 130
0.9552238805970149 0.04477611940298507 0.0 0.9534883720930233 0.046511627906976744 0.0 0.937984496124031 1007.9039947511295 19.746170041841484 134
0.9925925925925926 0.007407407407407408 0.0 0.9923076923076923 0.007692307692307693 0.0 0.7923076923076923 1065.244170262866 19.1196977963765 135
0.9552238805970149 0.04477611940298507 0.0 0.9534883720930233 0.046511627906976744 0.0 0.7829457364341085 1080.1976486414253 19.937858293556143 134
0.8378378378378378 0.1554054054054054 0.006756756756756757 0.8391608391608392 0.15384615384615385 0.006993006993006993 0.7132867132867133 1078.933047789208 20.70946540577571 148
1.0 0.0 0.0 1.0 0.0 0.0 0.44274809160305345 1037.472236655729 19.00299608249095 136
0.9818181818181818 0.01818181818181818 0.0 0.9809523809523809 0.01904761904761905 0.0 0.8 1074.8884079087534 19.912751711146814 110
0.9347826086956522 0.06521739130434782 0.0 0.9323308270676691 0.06766917293233082 0.0 0.6466165413533834 1014.5664558595989 19.661331453676027 138
0.9708029197080292 0.029197080291970802 0.0 0.9772727272727273 0.022727272727272728 0.0 0.7196969696969697 1076.769955348837 19.760142744953423 137
0.8881578947368421 0.1118421052631579 0.0 0.8843537414965986 0.11564625850340136 0.0 0.8231292517006803 1024.0334157239456 18.08205367825435 152
0.9545454545454546 0.045454545454545456 0.0 0.9523809523809523 0.047619047619047616 0.0 0.5523809523809524 1086.7066568109108 20.057635555819697 110
0.907563025210084 0.09243697478991597 0.0 0.9035087719298246 0.09649122807017543 0.0 0.7017543859649122 1087.2834899298177 20.19849698576933 119
0.958041958041958 0.04195804195804196 0.0 0.9565217391304348 0.043478260869565216 0.0 0.7246376811594203 1061.100101998563 19.62021869859089 143
0.94 0.06 0.0 0.9448275862068966 0.05517241379310345 0.0 0.9724137931034482 1081.671508467261 19.125923470610825 150
0.9565217391304348 0.043478260869565216 0.0 0.9551282051282052 0.04487179487179487 0.0 0.6794871794871795 1087.1544688137164 18.287090731141888 161
0.9596774193548387 0.04032258064516129 0.0 0.957983193277311 0.04201680672268908 0.0 0.7815126050420168 1053.9808391879828 19.0967597920239 124
0.9645390070921985 0.03546099290780142 0.0 0.9632352941176471 0.03676470588235294 0.0 0.8823529411764706 1082.209985660505 19.749455424272636 141
0.9870967741935484 0.012903225806451613 0.0 0.9866666666666667 0.013333333333333334 0.0 0.0 1066.6847194509385 18.787449463936078 155
0.9640287769784173 0.03597122302158273 0.0 0.9626865671641791 0.03731343283582089 0.0 0.753731343283582 1087.1227629080252 19.04268870133453 139
0.9651162790697675 0.03488372093023256 0.0 0.9640718562874252 0.03592814371257485 0.0 0.49700598802395207 1030.6973439835663 17.9314883681073 172
1.0 0.0 0.0 1.0 0.0 0.0 0.990990990990991 1023.7157268306486 21.44110488178551 116
0.9857142857142858 0.014285714285714285 0.0 0.9851851851851852 0.014814814814814815 0.0 0.7925925925925926 1086.4319050642937 20.19259488207344 140
0.912 0.088 0.0 0.9083333333333333 0.09166666666666666 0.0 0.7916666666666666 1071.8987046636298 20.655315515335953 125
0.9859154929577465 0.014084507042253521 0.0 0.9854014598540146 0.014598540145985401 0.0 0.7591240875912408 1032.3885422412316 18.90920278009911 142
0.8881987577639752 0.11180124223602485 0.0 0.8846153846153846 0.11538461538461539 0.0 0.8269230769230769 1078.510746600031 19.936154151324867 161
0.9825581395348837 0.01744186046511628 0.0 0.9820359281437125 0.017964071856287425 0.0 0.7425149700598802 1001.7210830690365 18.145157700526934 172
0.9708029197080292 0.029197080291970802 0.0 0.9696969696969697 0.030303030303030304 0.0 0.7803030303030303 1069.068403608299 19.302348758794682 137
0.9769230769230769 0.023076923076923078 0.0 0.976 0.024 0.0 0.456 1049.1272493370827 19.467089059294274 130
0.9933774834437086 0.006622516556291391 0.0 0.9931506849315068 0.00684931506849315 0.0 0.863013698630137 1084.0958161395463 19.198702691281603 151
0.9264705882352942 0.07352941176470588 0.0 0.9236641221374046 0.07633587786259542 0.0 0.916030534351145 1036.2366038984053 19.51063667370195 136
0.92 0.08 0.0 0.9172413793103448 0.08275862068965517 0.0 0.38620689655172413 1032.9308771183694 18.750128356536717 150
0.9652173913043478 0.034782608695652174 0.0 0.9727272727272728 0.02727272727272727 0.0 0.8727272727272727 1070.3962168691376 20.5740825349543 115
0.9813084112149533 0.018691588785046728 0.0 0.9803921568627451 0.0196078431372549 0.0 0.6274509803921569 1087.3774215463027 19.55604387214146 107
0.9612403100775194 0.03875968992248062 0.0 0.9596774193548387 0.04032258064516129 0.0 0.8951612903225806 1059.5349697539925 20.972034249089177 129
0.9583333333333334 0.041666666666666664 0.0 0.9565217391304348 0.043478260869565216 0.0 0.8695652173913043 1068.2251742022054 21.324916190827864 120
0.9391304347826087 0.06086956521739131 0.0 0.9363636363636364 0.06363636363636363 0.0 0.6909090909090909 1087.258208838798 18.936986416646054 115
0.9640287769784173 0.03597122302158273 0.0 0.9626865671641791 0.03731343283582089 0.0 0.753731343283582 1087.2628434361118 19.255965543211232 139
0.9702970297029703 0.0297029702970297 0.0 0.96875 0.03125 0.0 0.9166666666666666 1033.1157206880891 21.432200308034467 101
0.9098360655737705 0.09016393442622951 0.0 0.905982905982906 0.09401709401709402 0.0 0.8290598290598291 1080.2449129797378 19.446621345182486 122
0.9568345323741008 0.04316546762589928 0.0 0.9552238805970149 0.04477611940298507 0.0 0.8955223880597015 1080.3409829852687 18.882141039734073 139
0.95 0.05 0.0 0.9565217391304348 0.043478260869565216 0.0 0.8173913043478261 1087.472633910797 19.900613314833013 120
0.9021739130434783 0.09782608695652174 0.0 0.8994413407821229 0.1005586592178771 0.0 0.8491620111731844 1086.0718359279938 17.79222575839169 184
0.9224806201550387 0.07751937984496124 0.0 0.9193548387096774 0.08064516129032258 0.0 0.7096774193548387 1087.4805620758618 20.152475202510235 129
0.9411764705882353 0.058823529411764705 0.0 0.9381443298969072 0.061855670103092786 0.0 0.8041237113402062 1086.2003939865904 20.133026774681213 102
0.9576271186440678 0.0423728813559322 0.0 0.9646017699115044 0.035398230088495575 0.0 0.9823008849557522 1042.6741996237783 19.46979288972556 118
1.0 0.0 0.0 1.0 0.0 0.0 0.9212598425196851 1058.2977132996086 19.047064858204454 132
0.9841269841269841 0.015873015873015872 0.0 0.9834710743801653 0.01652892561983471 0.0 0.9834710743801653 1053.7490203908985 20.79324921100449 126
0.9279279279279279 0.07207207207207207 0.0 0.9245283018867925 0.07547169811320754 0.0 0.7735849056603774 1086.4589814904596 22.069745669345128 111
0.970873786407767 0.02912621359223301 0.0 0.9693877551020408 0.030612244897959183 0.0 0.7244897959183674 1038.529454526465 20.900716136364483 103
0.9448275862068966 0.05517241379310345 0.0 0.95 0.05 0.0 0.75 1040.4903549973847 19.574365245811183 145
0.8782051282051282 0.10897435897435898 0.01282051282051282 0.8807947019867549 0.10596026490066225 0.013245033112582781 0.7284768211920529 1083.0216231470813 18.52524266134302 156
0.8103448275862069 0.1810344827586207 0.008620689655172414 0.8018018018018018 0.1891891891891892 0.009009009009009009 0.7027027027027027 1047.1412560318345 19.680169689452068 116
0.9541984732824428 0.04580152671755725 0.0 0.9523809523809523 0.047619047619047616 0.0 0.7857142857142857 1079.645550510745 19.905938966492613 131
0.943089430894309 0.056910569105691054 0.0 0.940677966101695 0.059322033898305086 0.0 1.0 1073.383666005236 19.349138011626508 123
0.9671052631578947 0.03289473684210526 0.0 0.9659863945578231 0.034013605442176874 0.0 0.8979591836734694 1069.9649196487346 18.876701628476724 152
0.986013986013986 0.013986013986013986 0.0 0.9855072463768116 0.014492753623188406 0.0 0.9057971014492754 1056.0128871992677 19.809586501604812 143
0.8737864077669902 0.0970873786407767 0.02912621359223301 0.8673469387755102 0.10204081632653061 0.030612244897959183 0.7653061224489796 986.202982258579 20.142486366561975 103
0.9487179487179487 0.05128205128205128 0.0 0.9464285714285714 0.05357142857142857 0.0 0.7142857142857143 1078.1980209129015 19.10874182940391 117
0.8972602739726028 0.10273972602739725 0.0 0.9078014184397163 0.09219858156028368 0.0 0.5390070921985816 1086.9664468830713 19.001103560492997 146
0.9322033898305084 0.06779661016949153 0.0 0.9469026548672567 0.05309734513274336 0.0 0.8141592920353983 1051.9779700937877 19.940909399586943 118
0.9879518072289156 0.012048192771084338 0.0 0.9871794871794872 0.01282051282051282 0.0 0.6153846153846154 1055.2467175975155 21.670669353113748 83
0.926605504587156 0.07339449541284404 0.0 0.9230769230769231 0.07692307692307693 0.0 0.6826923076923077 1040.205172548116 18.790857124172245 109
0.983739837398374 0.016260162601626018 0.0 0.9830508474576272 0.01694915254237288 0.0 0.635593220338983 1087.2958229110336 18.511743400126107 123
0.936 0.064 0.0 0.9333333333333333 0.06666666666666667 0.0 0.8583333333333333 1040.3021904205375 19.971377577256952 125
0.98125 0.01875 0.0 0.9806451612903225 0.01935483870967742 0.0 0.7483870967741936 1073.7618102873296 18.92226511004285 160
0.9315068493150684 0.06164383561643835 0.00684931506849315 0.9290780141843972 0.06382978723404255 0.0070921985815602835 0.9219858156028369 1054.8788879955857 18.599483679526966 146
0.9435483870967742 0.056451612903225805 0.0 0.9411764705882353 0.058823529411764705 0.0 0.8403361344537815 1086.1857950542942 20.95807219933803 124
0.9117647058823529 0.058823529411764705 0.029411764705882353 0.9072164948453608 0.061855670103092786 0.030927835051546393 0.8762886597938144 1038.508113964199 21.988526858461512 102
0.9478260869565217 0.05217391304347826 0.0 0.9454545454545454 0.05454545454545454 0.0 0.6363636363636364 1077.0645567704496 20.036880529336095 115
0.963302752293578 0.03669724770642202 0.0 0.9615384615384616 0.038461538461538464 0.0 0.7019230769230769 1087.2073407177581 19.061167970881158 109
0.9459459459459459 0.05405405405405406 0.0 0.9528301886792453 0.04716981132075472 0.0 0.8018867924528302 1058.1399873015625 21.193422071869108 111
0.9596774193548387 0.04032258064516129 0.0 0.957983193277311 0.04201680672268908 0.0 0.7815126050420168 1047.296619585614 19.87358909208052 124
0.9867549668874173 0.013245033112582781 0.0 0.9863013698630136 0.0136986301369863 0.0 0.7054794520547946 1087.403193865958 19.689148360607383 151
0.9912280701754386 0.008771929824561403 0.0 0.9908256880733946 0.009174311926605505 0.0 1.0 1039.0949795681415 20.515776082891293 114
0.936 0.064 0.0 0.9333333333333333 0.06666666666666667 0.0 0.825 1079.2302625509988 19.50484149191649 125
0.9895833333333334 0.010416666666666666 0.0 0.989010989010989 0.01098901098901099 0.0 0.978021978021978 998.5344464629565 22.370500479226436 96
0.9577464788732394 0.04225352112676056 0.0 0.9562043795620438 0.043795620437956206 0.0 0.8905109489051095 1033.9189332103945 18.28839282739144 142
0.9863013698630136 0.0136986301369863 0.0 0.9929078014184397 0.0070921985815602835 0.0 0.9574468085106383 1072.5308920654093 18.69712534965094 146
0.8909090909090909 0.10909090909090909 0.0 0.8857142857142857 0.11428571428571428 0.0 0.7619047619047619 1086.470356292581 19.86000936523331 110
1.0 0.0 0.0 1.0 0.0 0.0 1.0 953.6793633400974 24.309750411336076 82
0.9619047619047619 0.0380952380952381 0.0 0.96 0.04 0.0 0.58 1005.6894491324325 19.83784598810879 105
0.9746835443037974 0.02531645569620253 0.0 0.9738562091503268 0.026143790849673203 0.0 0.7647058823529411 1042.454821725368 18.891497391240343 158
0.8309859154929577 0.15492957746478872 0.014084507042253521 0.8321167883211679 0.15328467153284672 0.014598540145985401 0.656934306569343 1076.9134353775428 20.767772880100814 142
0.9741935483870968 0.025806451612903226 0.0 0.9733333333333334 0.02666666666666667 0.0 0.78 1084.566971349223 18.566005252391722 155
0.8914728682170543 0.10077519379844961 0.007751937984496124 0.8870967741935484 0.10483870967741936 0.008064516129032258 0.8467741935483871 1087.195866546478 21.391663786681782 129
0.9781021897810219 0.021897810218978103 0.0 0.9772727272727273 0.022727272727272728 0.0 0.9393939393939394 1085.678586241782 20.028995079231063 137
0.7829457364341085 0.20155038759689922 0.015503875968992248 0.7741935483870968 0.20967741935483872 0.016129032258064516 0.6129032258064516 1049.3805012958182 19.610736901374935 129
0.8923076923076924 0.1076923076923077 0.0 0.888 0.112 0.0 0.976 1072.6360752150458 21.096900963609997 130
0.9621212121212122 0.03787878787878788 0.0 0.9606299212598425 0.03937007874015748 0.0 0.8661417322834646 1086.9276049334405 19.476056601471576 132
0.9841269841269841 0.015873015873015872 0.0 0.9834710743801653 0.01652892561983471 0.0 0.7272727272727273 1060.4051793197912 19.868786758273888 126
0.9513888888888888 0.04861111111111111 0.0 0.9496402877697842 0.050359712230215826 0.0 0.8201438848920863 1086.8207167966964 18.949929177361483 144
1.0 0.0 0.0 1.0 0.0 0.0 1.0 1025.805955602403 22.688104254727115 80
0.9739130434782609 0.02608695652173913 0.0 0.9818181818181818 0.01818181818181818 0.0 0.8090909090909091 1069.3285606660017 20.764065307109448 115
1.0 0.0 0.0 1.0 0.0 0.0 0.65625 1061.8799743483803 19.04939778704453 101
0.9554140127388535 0.044585987261146494 0.0 0.9605263157894737 0.039473684210526314 0.0 0.7039473684210527 1048.1770285202062 19.035294555090296 157
0.944954128440367 0.05504587155963303 0.0 0.9423076923076923 0.057692307692307696 0.0 0.9326923076923077 992.1396410443715 20.49378913285137 109
0.9830508474576272 0.01694915254237288 0.0 0.9823008849557522 0.017699115044247787 0.0 0.7876106194690266 1046.4746293129958 20.59104792823587 118
0.9791666666666666 0.020833333333333332 0.0 0.9784172661870504 0.02158273381294964 0.0 0.841726618705036 1084.2301449000247 18.537914149990502 144
0.8290598290598291 0.13675213675213677 0.03418803418803419 0.8214285714285714 0.14285714285714285 0.03571428571428571 0.9910714285714286 1047.8799460849516 21.766464789412016 117
0.9615384615384616 0.038461538461538464 0.0 0.9696969696969697 0.030303030303030304 0.0 0.8080808080808081 1082.1089133618555 23.684560891266923 104
0.9304347826086956 0.06956521739130435 0.0 0.9272727272727272 0.07272727272727272 0.0 0.8 1021.5811491183337 20.32044472334603 115
0.9296875 0.0703125 0.0 0.926829268292683 0.07317073170731707 0.0 0.8536585365853658 1046.8152987257756 19.659526729652598 128
0.8618421052631579 0.13815789473684212 0.0 0.8639455782312925 0.1360544217687075 0.0 0.013605442176870748 1049.0755552893934 18.41300684439364 152
0.9618320610687023 0.03816793893129771 0.0 0.9603174603174603 0.03968253968253968 0.0 0.7301587301587301 1075.0310305566315 19.710883394963112 131
0.9225352112676056 0.07746478873239436 0.0 0.927007299270073 0.072992700729927 0.0 0.8248175182481752 1084.5688694725336 19.5071498945397 142
1.0 0.0 0.0 1.0 0.0 0.0 0.9702970297029703 1059.2106971458416 21.766147001126917 106
0.9640287769784173 0.03597122302158273 0.0 0.9626865671641791 0.03731343283582089 0.0 0.8208955223880597 1059.4825978066103 19.55591822957831 139
0.9683544303797469 0.03164556962025317 0.0 0.9738562091503268 0.026143790849673203 0.0 0.9084967320261438 1078.4579452880314 18.933289510638552 158
0.9841269841269841 0.015873015873015872 0.0 0.9834710743801653 0.01652892561983471 0.0 0.8429752066115702 982.9395672420097 19.14499124194258 126
0.9689922480620154 0.031007751937984496 0.0 0.967741935483871 0.03225806451612903 0.0 0.8306451612903226 1036.6206735361673 20.111066783648994 129
0.9813664596273292 0.018633540372670808 0.0 0.9807692307692307 0.019230769230769232 0.0 0.8974358974358975 1086.8364023414485 19.29578264192081 161
0.6460176991150443 0.26548672566371684 0.08849557522123894 0.6296296296296297 0.2777777777777778 0.09259259259259259 0.9629629629629629 1075.6297220022002 19.179101766562056 113
0.9558823529411765 0.04411764705882353 0.0 0.9541984732824428 0.04580152671755725 0.0 0.8015267175572519 1068.513302220844 19.39625199703114 136
0.9024390243902439 0.0975609756097561 0.0 0.8983050847457628 0.1016949152542373 0.0 0.7796610169491526 1087.429718562814 19.268013467612736 123
0.9685534591194969 0.031446540880503145 0.0 0.9675324675324676 0.032467532467532464 0.0 0.974025974025974 1068.4312296017235 19.368946915876876 159
0.8372093023255814 0.16279069767441862 0.0 0.8387096774193549 0.16129032258064516 0.0 0.6048387096774194 1078.4282191226735 19.643883915893426 129
0.9310344827586207 0.06206896551724138 0.006896551724137931 0.9285714285714286 0.06428571428571428 0.007142857142857143 0.85 1052.0378506194972 18.928853756951593 145
1.0 0.0 0.0 1.0 0.0 0.0 0.7054794520547946 1059.6741316921864 18.88019638529071 151
0.9931972789115646 0.006802721088435374 0.0 0.9929577464788732 0.007042253521126761 0.0 0.8028169014084507 1055.9682196311953 18.62853202728458 147
0.9538461538461539 0.046153846153846156 0.0 0.952 0.048 0.0 0.752 1044.6473858598747 21.091602344721654 130
0.9512195121951219 0.04878048780487805 0.0 0.9491525423728814 0.05084745762711865 0.0 0.7796610169491526 1040.571563311174 19.079969655228133 123
0.9559748427672956 0.0440251572327044 0.0 0.961038961038961 0.03896103896103896 0.0 0.7532467532467533 1087.4047682518803 18.791100939772388 159
0.9798657718120806 0.020134228187919462 0.0 0.9791666666666666 0.020833333333333332 0.0 0.7361111111111112 1051.1665633523726 18.36925893967225 149
0.9868421052631579 0.013157894736842105 0.0 0.9863945578231292 0.013605442176870748 0.0 0.8027210884353742 1019.9156560516485 19.438551690478434 152
0.9629629629629629 0.037037037037037035 0.0 0.9611650485436893 0.038834951456310676 0.0 0.7184466019417476 1047.6084659360681 19.11991542615594 108
0.9032258064516129 0.0967741935483871 0.0 0.9 0.1 0.0 0.86 1056.1845263181165 17.797571555376543 155
0.9787234042553191 0.02127659574468085 0.0 0.9779411764705882 0.022058823529411766 0.0 0.5882352941176471 1038.2325949139001 19.333057893095297 141
0.9620253164556962 0.0379746835443038 0.0 0.9607843137254902 0.0392156862745098 0.0 0.803921568627451 1082.1752089667416 18.450694501185332 158
0.9836065573770492 0.01639344262295082 0.0 0.9829059829059829 0.017094017094017096 0.0 0.6495726495726496 1040.958789567681 20.185531450117995 122
0.9274193548387096 0.07258064516129033 0.0 0.9243697478991597 0.07563025210084033 0.0 0.7142857142857143 1073.7986310823314 19.594635895134743 124
0.9797297297297297 0.02027027027027027 0.0 0.986013986013986 0.013986013986013986 0.0 0.8461538461538461 1053.4817513403689 18.644389235327072 148
0.9573170731707317 0.042682926829268296 0.0 0.9559748427672956 0.0440251572327044 0.0 0.7484276729559748 1086.271175398417 18.646888431419757 164
0.948905109489051 0.051094890510948905 0.0 0.9545454545454546 0.045454545454545456 0.0 0.7045454545454546 1087.1841224645411 19.31632743981754 137
0.9705882352941176 0.029411764705882353 0.0 0.9690721649484536 0.030927835051546393 0.0 0.8041237113402062 1087.050867306457 22.349865889585217 102
0.9811320754716981 0.018867924528301886 0.0 0.9801980198019802 0.019801980198019802 0.0 0.8712871287128713 1052.160262324609 21.233550277540544 106
0.973404255319149 0.026595744680851064 0.0 0.9726775956284153 0.0273224043715847 0.0 0.8688524590163934 1049.7303600038695 17.781680383674647 188
1.0 0.0 0.0 1.0 0.0 0.0 0.9367088607594937 1006.5525303288396 20.934617822937465 84
0.9881656804733728 0.011834319526627219 0.0 0.9878048780487805 0.012195121951219513 0.0 0.018292682926829267 1008.2042147292765 18.388599286227933 169
0.9923076923076923 0.007692307692307693 0.0 0.992 0.008 0.0 0.872 1057.7612588842424 19.686476627567156 130
0.9243697478991597 0.07563025210084033 0.0 0.9210526315789473 0.07894736842105263 0.0 0.8070175438596491 1055.1956988991399 20.352712207591324 119
0.8642857142857143 0.1357142857142857 0.0 0.8666666666666667 0.13333333333333333 0.0 0.8 1060.4777358785057 19.54510381583825 140
0.9823529411764705 0.01764705882352941 0.0 0.9818181818181818 0.01818181818181818 0.0 0.8303030303030303 1079.2239381734444 18.381638333911827 170
0.9099099099099099 0.09009009009009009 0.0 0.9150943396226415 0.08490566037735849 0.0 0.6981132075471698 1081.0231788534065 19.713490903498634 111
0.9196428571428571 0.08035714285714286 0.0 0.9158878504672897 0.08411214953271028 0.0 0.9532710280373832 1083.9632143190722 22.076862413851412 112
0.9907407407407407 0.009259259259259259 0.0 0.9902912621359223 0.009708737864077669 0.0 0.7572815533980582 1069.0533371829467 20.16246500913165 108
0.9562043795620438 0.043795620437956206 0.0 0.9545454545454546 0.045454545454545456 0.0 0.8636363636363636 1039.8132688923404 20.180339307209103 137
0.9897959183673469 0.01020408163265306 0.0 0.989247311827957 0.010752688172043012 0.0 0.7096774193548387 1054.6726915250165 20.774364451628596 98
0.968503937007874 0.031496062992125984 0.0 0.9672131147540983 0.03278688524590164 0.0 0.9918032786885246 1004.3297077731804 20.577685079608642 127
0.7474747474747475 0.2222222222222222 0.030303030303030304 0.7340425531914894 0.23404255319148937 0.031914893617021274 0.5851063829787234 1077.0555799367 19.970182635844928 99
0.9831932773109243 0.01680672268907563 0.0 0.9824561403508771 0.017543859649122806 0.0 0.7368421052631579 1071.5152912172719 19.023965966323537 119
0.972027972027972 0.027972027972027972 0.0 0.9710144927536232 0.028985507246376812 0.0 0.8478260869565217 1067.326699534538 18.67174028670206 143
0.921875 0.078125 0.0 0.926829268292683 0.07317073170731707 0.0 0.6016260162601627 1087.0926160405895 19.937312416197564 128
0.9751552795031055 0.024844720496894408 0.0 0.9743589743589743 0.02564102564102564 0.0 0.8269230769230769 1048.5688762591838 18.870762260643136 161
0.9918032786885246 0.00819672131147541 0.0 0.9914529914529915 0.008547008547008548 0.0 0.9316239316239316 1061.1101487341089 20.881930757354777 122
0.9663865546218487 0.03361344537815126 0.0 0.9649122807017544 0.03508771929824561 0.0 0.9473684210526315 1073.1899233819993 20.72196048761474 119
0.8757763975155279 0.11801242236024845 0.006211180124223602 0.8717948717948718 0.12179487179487179 0.00641025641025641 0.0 1080.240793570971 18.514993671945827 161
0.9820359281437125 0.017964071856287425 0.0 0.9814814814814815 0.018518518518518517 0.0 0.0 1031.7016886560532 18.43722898616125 167
0.9830508474576272 0.01694915254237288 0.0 0.9823008849557522 0.017699115044247787 0.0 0.7079646017699115 1013.7937483532315 19.572043675068954 118
0.9553571428571429 0.044642857142857144 0.0 0.9532710280373832 0.04672897196261682 0.0 0.7383177570093458 1028.4270230194575 20.511453688457188 112
0.9849624060150376 0.015037593984962405 0.0 0.984375 0.015625 0.0 0.8515625 1078.0493357025312 20.642821958067533 133
0.8881987577639752 0.10559006211180125 0.006211180124223602 0.8910256410256411 0.10256410256410256 0.00641025641025641 0.9294871794871795 1051.456874988519 17.41986697089987 161
0.9921875 0.0078125 0.0 0.991869918699187 0.008130081300813009 0.0 0.5528455284552846 1015.3808484230517 19.955258149265543 128
0.8904109589041096 0.1095890410958904 0.0 0.8936170212765957 0.10638297872340426 0.0 0.8085106382978723 1087.4633174649086 18.79540598309949 146
0.9767441860465116 0.023255813953488372 0.0 0.9820359281437125 0.017964071856287425 0.0 0.7005988023952096 1048.2332393573727 18.36130367437343 172
0.9917355371900827 0.008264462809917356 0.0 0.9913793103448276 0.008620689655172414 0.0 0.9224137931034483 1038.337176178934 19.639402688483315 121
0.9202898550724637 0.07246376811594203 0.007246376811594203 0.924812030075188 0.06766917293233082 0.007518796992481203 0.7744360902255639 1087.3682578510395 20.14662080114962 138
0.9852941176470589 0.014705882352941176 0.0 0.9847328244274809 0.015267175572519083 0.0 0.8320610687022901 1081.06968407351 20.520682113543593 136
