0.5576923076923077 0.38461538461538464 0.057692307692307696 0.5353535353535354 0.40404040404040403 0.06060606060606061 0.98989898989899 1057.7976950007871 26.506973284584344 104
0.8125 0.1875 0.0 0.8037383177570093 0.19626168224299065 0.0 0.6822429906542056 1062.6195951329305 21.59582703866882 112
0.8461538461538461 0.15384615384615385 0.0 0.848 0.152 0.0 0.808 1087.4238421384143 20.825904553632498 130
0.8292682926829268 0.17073170731707318 0.0 0.8220338983050848 0.17796610169491525 0.0 0.8135593220338984 1087.3415037944928 22.273023676402996 123
0.8691588785046729 0.1308411214953271 0.0 0.8725490196078431 0.12745098039215685 0.0 0.7156862745098039 1087.3636348632933 20.984407527503535 107
0.9026548672566371 0.09734513274336283 0.0 0.8981481481481481 0.10185185185185185 0.0 0.6851851851851852 1066.9683559497435 23.363799960410457 113
0.7452229299363057 0.25477707006369427 0.0 0.7368421052631579 0.2631578947368421 0.0 0.7039473684210527 1087.4485274979197 20.288055507624485 157
0.8319327731092437 0.16806722689075632 0.0 0.8245614035087719 0.17543859649122806 0.0 0.7368421052631579 1087.2215624340624 20.993292383334428 119
0.6460176991150443 0.30973451327433627 0.04424778761061947 0.6296296296296297 0.32407407407407407 0.046296296296296294 0.9722222222222222 933.8906528765058 22.73550072929019 113
0.7404580152671756 0.2595419847328244 0.0 0.7301587301587301 0.2698412698412698 0.0 0.7777777777777778 1087.3101068068547 21.21730164863769 131
0.7923076923076923 0.2076923076923077 0.0 0.784 0.216 0.0 0.72 1087.078546967226 21.247382506007675 130
0.7523809523809524 0.24761904761904763 0.0 0.74 0.26 0.0 0.71 1087.187050202469 20.09191486274656 105
0.8106060606060606 0.17424242424242425 0.015151515151515152 0.8031496062992126 0.18110236220472442 0.015748031496062992 0.7874015748031497 1087.2608043231498 22.32633059902828 132
0.752 0.248 0.0 0.75 0.25 0.0 0.725 1038.5284289880988 22.19026337901945 125
0.7788461538461539 0.21153846153846154 0.009615384615384616 0.7676767676767676 0.2222222222222222 0.010101010101010102 0.8787878787878788 1054.7554987147576 22.841071154711834 104
0.7394957983193278 0.25210084033613445 0.008403361344537815 0.7280701754385965 0.2631578947368421 0.008771929824561403 0.956140350877193 1064.7412272299707 23.53431475790033 119
0.753968253968254 0.23809523809523808 0.007936507936507936 0.743801652892562 0.24793388429752067 0.008264462809917356 0.9917355371900827 1016.9706223770211 23.641114138537414 126
0.7256637168141593 0.24778761061946902 0.02654867256637168 0.7129629629629629 0.25925925925925924 0.027777777777777776 0.8240740740740741 1084.5080055596775 23.613523357219524 113
0.8195488721804511 0.18045112781954886 0.0 0.8125 0.1875 0.0 0.6796875 1086.890104546739 20.743510736040797 133
0.8842975206611571 0.11570247933884298 0.0 0.8879310344827587 0.11206896551724138 0.0 0.9568965517241379 1029.2998767082386 22.621389269073376 121
0.7244897959183674 0.2755102040816326 0.0 0.7096774193548387 0.2903225806451613 0.0 0.8494623655913979 1072.1987886924771 23.57907297372415 98
0.7009345794392523 0.2523364485981308 0.04672897196261682 0.6862745098039216 0.2647058823529412 0.049019607843137254 0.7450980392156863 1086.6780561600597 24.862530685816573 107
0.7669902912621359 0.21359223300970873 0.019417475728155338 0.7551020408163265 0.22448979591836735 0.02040816326530612 0.8061224489795918 913.2944332702918 23.936148899088746 103
0.7952755905511811 0.2047244094488189 0.0 0.7868852459016393 0.21311475409836064 0.0 0.8934426229508197 1071.819447684591 21.752432372431542 127
0.8613138686131386 0.1386861313868613 0.0 0.8560606060606061 0.14393939393939395 0.0 0.7348484848484849 1040.614786631746 20.111805507601364 137
0.7444444444444445 0.25555555555555554 0.0 0.7294117647058823 0.27058823529411763 0.0 0.611764705882353 1086.930945979151 22.409550948458836 90
0.7142857142857143 0.22857142857142856 0.05714285714285714 0.7037037037037037 0.23703703703703705 0.05925925925925926 0.8592592592592593 1066.4268529840633 22.05592552891307 140
0.8292682926829268 0.17073170731707318 0.0 0.8220338983050848 0.17796610169491525 0.0 0.8050847457627118 1083.3312227318836 22.317541346170195 123
0.7723577235772358 0.22764227642276422 0.0 0.7711864406779662 0.2288135593220339 0.0 0.8305084745762712 1054.7891032894747 23.344708538477256 123
0.8434782608695652 0.1565217391304348 0.0 0.8363636363636363 0.16363636363636364 0.0 0.6909090909090909 1087.3054106064956 23.405329972556054 115
0.7549019607843137 0.24509803921568626 0.0 0.7422680412371134 0.25773195876288657 0.0 0.8969072164948454 1057.979367676326 24.17139604073526 102
0.784 0.216 0.0 0.7833333333333333 0.21666666666666667 0.0 0.8 1082.4728391868923 21.688161084650734 125
0.8301886792452831 0.16981132075471697 0.0 0.8217821782178217 0.1782178217821782 0.0 0.900990099009901 1054.1460447507866 23.562373237688696 106
0.7628865979381443 0.23711340206185566 0.0 0.75 0.25 0.0 0.7282608695652174 1087.4671782139021 23.500797325487913 97
0.7719298245614035 0.21052631578947367 0.017543859649122806 0.7614678899082569 0.22018348623853212 0.01834862385321101 0.9174311926605505 1045.9575811801167 24.164097374891533 114
0.7093023255813954 0.29069767441860467 0.0 0.691358024691358 0.30864197530864196 0.0 0.9135802469135802 1058.7644642207763 25.47899720326175 86
0.7903225806451613 0.20967741935483872 0.0 0.7815126050420168 0.2184873949579832 0.0 0.7899159663865546 1049.1990128387206 22.810391903722717 124
0.7661290322580645 0.23387096774193547 0.0 0.7563025210084033 0.24369747899159663 0.0 0.7899159663865546 1087.4793394290398 22.272524932105995 124
0.8062015503875969 0.1937984496124031 0.0 0.7983870967741935 0.20161290322580644 0.0 0.8467741935483871 1023.3057891040324 21.025454346760455 129
0.6887417218543046 0.2847682119205298 0.026490066225165563 0.684931506849315 0.2876712328767123 0.0273972602739726 0.7671232876712328 1086.929183088068 21.29708477426247 151
0.84251968503937 0.15748031496062992 0.0 0.8442622950819673 0.1557377049180328 0.0 0.8032786885245902 1087.361484160665 22.67014065918669 127
0.73 0.26 0.01 0.7263157894736842 0.2631578947368421 0.010526315789473684 0.7473684210526316 1037.9158420226722 23.005015958676218 100
0.8037383177570093 0.18691588785046728 0.009345794392523364 0.7941176470588235 0.19607843137254902 0.00980392156862745 0.8725490196078431 1075.1592810812742 23.290317705175173 107
0.7913043478260869 0.20869565217391303 0.0 0.7909090909090909 0.20909090909090908 0.0 0.8 1031.950190789084 22.628284861383467 115
0.7777777777777778 0.2222222222222222 0.0 0.7647058823529411 0.23529411764705882 0.0 0.9882352941176471 1083.1891454401348 23.410691954556572 90
0.8035714285714286 0.19642857142857142 0.0 0.794392523364486 0.205607476635514 0.0 0.8037383177570093 1017.8046546424001 20.41024380906509 112
0.7739130434782608 0.22608695652173913 0.0 0.7636363636363637 0.23636363636363636 0.0 0.8 1079.120282496644 22.55446668126814 115
0.8321167883211679 0.1678832116788321 0.0 0.8257575757575758 0.17424242424242425 0.0 0.8106060606060606 1066.5415540003428 22.176829457079723 137
0.8174603174603174 0.18253968253968253 0.0 0.8099173553719008 0.19008264462809918 0.0 0.9586776859504132 1086.392479222645 22.19496071737357 126
0.7786259541984732 0.22137404580152673 0.0 0.7698412698412699 0.23015873015873015 0.0 0.7936507936507936 1087.3011693336975 21.992178108122943 131
0.7985074626865671 0.19402985074626866 0.007462686567164179 0.7984496124031008 0.1937984496124031 0.007751937984496124 0.8217054263565892 1054.8961116742196 20.89306920619024 134
0.7522935779816514 0.22935779816513763 0.01834862385321101 0.7403846153846154 0.2403846153846154 0.019230769230769232 0.8269230769230769 1029.7540592304772 24.69952949906857 109
0.8288288288288288 0.17117117117117117 0.0 0.8207547169811321 0.1792452830188679 0.0 0.7641509433962265 1079.1697622626634 20.438777692518467 111
0.7757009345794392 0.22429906542056074 0.0 0.7647058823529411 0.23529411764705882 0.0 0.9411764705882353 1040.226679567218 23.271884566537334 107
0.8527131782945736 0.13953488372093023 0.007751937984496124 0.8467741935483871 0.14516129032258066 0.008064516129032258 0.9758064516129032 967.8474338258462 21.366083471867817 129
0.7580645161290323 0.23387096774193547 0.008064516129032258 0.7478991596638656 0.24369747899159663 0.008403361344537815 0.9327731092436975 1034.3309067634502 21.85945292876997 124
0.7717391304347826 0.18478260869565216 0.043478260869565216 0.7586206896551724 0.19540229885057472 0.04597701149425287 0.6551724137931034 1087.3919741301852 21.139076617074316 92
0.47619047619047616 0.4217687074829932 0.10204081632653061 0.45774647887323944 0.43661971830985913 0.1056338028169014 0.8309859154929577 1078.5644586216652 21.3840871191853 147
0.6754385964912281 0.30701754385964913 0.017543859649122806 0.6605504587155964 0.3211009174311927 0.01834862385321101 0.7522935779816514 1087.3329654077495 22.13962120477395 114
0.7798165137614679 0.21100917431192662 0.009174311926605505 0.7788461538461539 0.21153846153846154 0.009615384615384616 0.9134615384615384 1041.0202421142774 22.4378105819053 109
0.7830188679245284 0.20754716981132076 0.009433962264150943 0.7722772277227723 0.21782178217821782 0.009900990099009901 0.8613861386138614 1070.7110174645738 23.454472403524456 106
0.7731958762886598 0.20618556701030927 0.020618556701030927 0.7608695652173914 0.21739130434782608 0.021739130434782608 0.6195652173913043 1078.7333654100214 23.79594901162174 97
0.7710843373493976 0.21686746987951808 0.012048192771084338 0.7564102564102564 0.23076923076923078 0.01282051282051282 0.9743589743589743 1044.7921213961067 25.814845757338208 83
0.7098765432098766 0.2839506172839506 0.006172839506172839 0.7070063694267515 0.28662420382165604 0.006369426751592357 0.8343949044585988 1066.7451730020598 20.65558656128404 162
0.75 0.2403846153846154 0.009615384615384616 0.7373737373737373 0.25252525252525254 0.010101010101010102 0.98989898989899 1078.6037841741354 23.52403116039939 104
0.8108108108108109 0.18018018018018017 0.009009009009009009 0.8018867924528302 0.18867924528301888 0.009433962264150943 0.8301886792452831 1060.4015807630856 23.404593184089443 111
0.723404255319149 0.2553191489361702 0.02127659574468085 0.7078651685393258 0.2696629213483146 0.02247191011235955 0.9213483146067416 1030.807826862836 26.617248764268425 94
0.8429752066115702 0.15702479338842976 0.0 0.8362068965517241 0.16379310344827586 0.0 0.8017241379310345 1081.9991775694193 21.309539991131135 121
0.8631578947368421 0.1368421052631579 0.0 0.8555555555555555 0.14444444444444443 0.0 0.5777777777777777 1087.115763462756 21.320459130144997 95
0.6554621848739496 0.29411764705882354 0.05042016806722689 0.6403508771929824 0.30701754385964913 0.05263157894736842 0.7807017543859649 1018.1487239250564 22.001696357518533 119
0.8333333333333334 0.16666666666666666 0.0 0.8235294117647058 0.17647058823529413 0.0 0.9294117647058824 1057.8551295955838 24.436869662449595 90
0.7711864406779662 0.2288135593220339 0.0 0.7610619469026548 0.23893805309734514 0.0 0.8584070796460177 1013.7740127661834 22.441590044326887 118
0.8151260504201681 0.17647058823529413 0.008403361344537815 0.8070175438596491 0.18421052631578946 0.008771929824561403 0.7894736842105263 1085.4014957396805 22.70174035020026 119
0.8608695652173913 0.1391304347826087 0.0 0.8545454545454545 0.14545454545454545 0.0 0.8818181818181818 1039.1435021302407 22.16321028725342 115
0.7228915662650602 0.27710843373493976 0.0 0.7051282051282052 0.2948717948717949 0.0 0.9743589743589743 1003.6846497036072 27.976831121785025 83
0.8796992481203008 0.12030075187969924 0.0 0.875 0.125 0.0 0.734375 1087.4294520306246 20.34285077481407 133
0.8251748251748252 0.16083916083916083 0.013986013986013986 0.8188405797101449 0.16666666666666666 0.014492753623188406 0.8695652173913043 1062.720087504958 21.301566813302102 143
0.77 0.23 0.0 0.7578947368421053 0.24210526315789474 0.0 0.9789473684210527 984.698146937845 24.652195001609652 100
0.780952380952381 0.21904761904761905 0.0 0.78 0.22 0.0 0.68 1085.708808384041 23.32340950899865 105
0.8088235294117647 0.17647058823529413 0.014705882352941176 0.7936507936507936 0.19047619047619047 0.015873015873015872 0.7301587301587301 1071.917951075488 27.43105337787512 68
0.8796992481203008 0.12030075187969924 0.0 0.875 0.125 0.0 0.8515625 998.2202740149859 21.079884044793644 133
0.8538461538461538 0.14615384615384616 0.0 0.856 0.144 0.0 0.936 1012.1582396311487 21.26835945838264 130
0.8032786885245902 0.1885245901639344 0.00819672131147541 0.7948717948717948 0.19658119658119658 0.008547008547008548 0.7692307692307693 1041.9923321038075 21.885795987999618 122
0.8134328358208955 0.1791044776119403 0.007462686567164179 0.8062015503875969 0.18604651162790697 0.007751937984496124 0.7209302325581395 1086.8684374258942 21.847328201154987 134
0.8088235294117647 0.19117647058823528 0.0 0.8015267175572519 0.1984732824427481 0.0 0.7709923664122137 1087.452736908943 22.205014332287085 136
0.7477477477477478 0.23423423423423423 0.018018018018018018 0.7358490566037735 0.24528301886792453 0.018867924528301886 0.6226415094339622 1076.4610741693136 22.37373919846396 111
0.7647058823529411 0.23529411764705882 0.0 0.7631578947368421 0.23684210526315788 0.0 0.8947368421052632 1043.5545523103306 22.66860668585888 119
0.8057553956834532 0.19424460431654678 0.0 0.7985074626865671 0.20149253731343283 0.0 0.8208955223880597 1083.1623522407565 20.76732733103819 139
0.8446601941747572 0.1553398058252427 0.0 0.8367346938775511 0.16326530612244897 0.0 0.6836734693877551 1084.6523089914494 20.68926534141505 103
0.6416666666666667 0.3 0.058333333333333334 0.6260869565217392 0.3130434782608696 0.06086956521739131 0.9130434782608695 1062.2871742088164 23.475846887445577 120
0.75 0.25 0.0 0.7578947368421053 0.24210526315789474 0.0 0.6526315789473685 1047.6696429649742 22.796122748522926 100
0.7383177570093458 0.2616822429906542 0.0 0.7254901960784313 0.27450980392156865 0.0 0.7647058823529411 1050.0365655974922 23.969572601297667 107
0.735632183908046 0.26436781609195403 0.0 0.7195121951219512 0.2804878048780488 0.0 1.0 1052.3629423744185 26.938383356968163 87
0.7362637362637363 0.25274725274725274 0.01098901098901099 0.7209302325581395 0.26744186046511625 0.011627906976744186 0.9651162790697675 1059.4935642389557 23.170520102870736 91
0.6842105263157895 0.2781954887218045 0.03759398496240601 0.671875 0.2890625 0.0390625 0.6484375 1052.430799966048 20.913956644172234 133
0.7846153846153846 0.2076923076923077 0.007692307692307693 0.776 0.216 0.008 0.76 1066.8275449435391 23.042400856288264 130
0.7938931297709924 0.19083969465648856 0.015267175572519083 0.7857142857142857 0.1984126984126984 0.015873015873015872 0.753968253968254 1087.1332959297038 22.09214610921509 131
0.828125 0.171875 0.0 0.8211382113821138 0.17886178861788618 0.0 0.7723577235772358 1070.2844432277 21.84316886128566 128
0.6017699115044248 0.2920353982300885 0.10619469026548672 0.5833333333333334 0.3055555555555556 0.1111111111111111 0.7962962962962963 1050.2087238869835 24.028386087825883 113
0.76 0.24 0.0 0.7473684210526316 0.25263157894736843 0.0 0.7052631578947368 1075.4217758084915 22.768130933108925 100
0.797979797979798 0.20202020202020202 0.0 0.7872340425531915 0.2127659574468085 0.0 0.648936170212766 1078.907380673728 21.683170024288366 99
0.671875 0.2734375 0.0546875 0.6585365853658537 0.2845528455284553 0.056910569105691054 0.6504065040650406 1056.0691320118797 23.395160890974324 128
0.6633663366336634 0.297029702970297 0.039603960396039604 0.6458333333333334 0.3125 0.041666666666666664 0.9583333333333334 989.4246234029858 23.831217082119633 101
0.8055555555555556 0.19444444444444445 0.0 0.7985611510791367 0.2014388489208633 0.0 0.8561151079136691 1068.5571189858904 21.585494465373884 144
0.7448979591836735 0.22448979591836735 0.030612244897959183 0.7311827956989247 0.23655913978494625 0.03225806451612903 0.8709677419354839 1021.0335075104363 22.663413756239862 98
0.8333333333333334 0.16666666666666666 0.0 0.8260869565217391 0.17391304347826086 0.0 0.8347826086956521 1085.9769116738687 22.075040684100237 120
0.8558558558558559 0.14414414414414414 0.0 0.8490566037735849 0.1509433962264151 0.0 0.7358490566037735 1080.4731672784765 22.533420157993664 111
0.832 0.168 0.0 0.825 0.175 0.0 0.8083333333333333 1086.444430628225 21.975212442511385 125
0.7169811320754716 0.2641509433962264 0.018867924528301886 0.7029702970297029 0.27722772277227725 0.019801980198019802 0.6732673267326733 1087.43414874393 22.766939205517037 106
0.7934782608695652 0.20652173913043478 0.0 0.7816091954022989 0.21839080459770116 0.0 0.8850574712643678 1066.0315810010534 23.9555565832551 92
0.6976744186046512 0.3023255813953488 0.0 0.691358024691358 0.30864197530864196 0.0 0.8271604938271605 1083.7356963096854 23.144151912404844 86
0.7966101694915254 0.2033898305084746 0.0 0.7876106194690266 0.21238938053097345 0.0 0.831858407079646 1087.3135727603897 21.99259489174025 118
0.6942148760330579 0.2809917355371901 0.024793388429752067 0.6810344827586207 0.29310344827586204 0.02586206896551724 0.7413793103448276 1030.7134057554745 21.76596004028938 121
0.7669902912621359 0.23300970873786409 0.0 0.7551020408163265 0.24489795918367346 0.0 0.8163265306122449 1087.1139935005442 21.44964088636576 103
0.7959183673469388 0.19387755102040816 0.01020408163265306 0.7849462365591398 0.20430107526881722 0.010752688172043012 0.7956989247311828 1062.442535596265 20.663485536258413 98
0.7910447761194029 0.208955223880597 0.0 0.7741935483870968 0.22580645161290322 0.0 1.0 1040.6568242165715 30.034124984842943 67
0.7634408602150538 0.23655913978494625 0.0 0.7613636363636364 0.23863636363636365 0.0 0.8068181818181818 1079.3661834769484 23.35606512603958 93
0.6933333333333334 0.28 0.02666666666666667 0.6714285714285714 0.3 0.02857142857142857 0.9714285714285714 1058.7177244712507 27.05181766096374 75
0.853448275862069 0.14655172413793102 0.0 0.8468468468468469 0.15315315315315314 0.0 0.7387387387387387 1086.7491153014175 21.487894927406188 116
0.6470588235294118 0.3431372549019608 0.00980392156862745 0.6288659793814433 0.36082474226804123 0.010309278350515464 0.9896907216494846 1063.1141484902294 22.728913140319392 102
0.8773584905660378 0.11320754716981132 0.009433962264150943 0.8712871287128713 0.1188118811881188 0.009900990099009901 0.8712871287128713 1019.8625167264709 23.0315033983923 106
0.7789473684210526 0.21052631578947367 0.010526315789473684 0.7666666666666667 0.2222222222222222 0.011111111111111112 0.7333333333333333 1071.4589485404256 22.692328290988325 95
0.7207207207207207 0.27927927927927926 0.0 0.7169811320754716 0.2830188679245283 0.0 0.7264150943396226 1075.7765306490987 22.970153384443933 111
0.6686746987951807 0.28313253012048195 0.04819277108433735 0.6583850931677019 0.2919254658385093 0.049689440993788817 1.0 1086.5326517451397 20.7471125128457 166
0.7109375 0.265625 0.0234375 0.6991869918699187 0.2764227642276423 0.024390243902439025 0.983739837398374 1038.3823013855279 21.93253928528167 128
0.8987341772151899 0.10126582278481013 0.0 0.8918918918918919 0.10810810810810811 0.0 0.7837837837837838 1087.1398564702686 22.55398612485496 79
0.7788461538461539 0.22115384615384615 0.0 0.7676767676767676 0.23232323232323232 0.0 0.7878787878787878 1063.7171275690773 22.391370677894507 104
0.7631578947368421 0.22807017543859648 0.008771929824561403 0.7522935779816514 0.23853211009174313 0.009174311926605505 0.981651376146789 1084.4087202012106 22.44168254124822 114
0.7375886524822695 0.2553191489361702 0.0070921985815602835 0.7279411764705882 0.2647058823529412 0.007352941176470588 0.8455882352941176 1085.6740273175617 21.807694417593407 141
0.8027210884353742 0.1836734693877551 0.013605442176870748 0.795774647887324 0.19014084507042253 0.014084507042253521 0.7676056338028169 1075.3233596615382 21.38092191269454 147
0.8174603174603174 0.18253968253968253 0.0 0.8099173553719008 0.19008264462809918 0.0 0.7768595041322314 1087.1224934493189 22.397302306728538 126
0.7891566265060241 0.21084337349397592 0.0 0.782608695652174 0.21739130434782608 0.0 0.7453416149068323 1087.3291765655463 20.04092025332907 166
0.7678571428571429 0.23214285714285715 0.0 0.7570093457943925 0.24299065420560748 0.0 0.8411214953271028 1076.5388068129398 22.697855491806475 112
0.7339449541284404 0.26605504587155965 0.0 0.7211538461538461 0.27884615384615385 0.0 0.9615384615384616 1062.5075131581084 24.536572339275313 109
0.8455284552845529 0.15447154471544716 0.0 0.8389830508474576 0.16101694915254236 0.0 0.6779661016949152 1048.5212156757177 22.43347685328169 123
0.7610619469026548 0.23893805309734514 0.0 0.75 0.25 0.0 0.8425925925925926 1025.7281199873319 22.808572533599598 113
0.8089887640449438 0.1797752808988764 0.011235955056179775 0.7976190476190477 0.19047619047619047 0.011904761904761904 0.7261904761904762 1068.4038701781128 22.857958430905207 89
0.7217391304347827 0.24347826086956523 0.034782608695652174 0.7090909090909091 0.2545454545454545 0.03636363636363636 0.8545454545454545 1052.96843659069 23.399183782329292 115
0.7352941176470589 0.2549019607843137 0.00980392156862745 0.7216494845360825 0.26804123711340205 0.010309278350515464 0.979381443298969 1034.0190656793843 22.748745702966726 102
0.8508771929824561 0.14912280701754385 0.0 0.8440366972477065 0.1559633027522936 0.0 0.8348623853211009 1077.8839965320183 21.577306546826687 114
0.6902654867256637 0.2920353982300885 0.017699115044247787 0.6851851851851852 0.2962962962962963 0.018518518518518517 0.7777777777777778 1048.6957121383468 23.31131263282244 113
0.7928571428571428 0.19285714285714287 0.014285714285714285 0.7851851851851852 0.2 0.014814814814814815 0.7777777777777778 1087.4320550312725 21.554160539509958 140
0.7946428571428571 0.20535714285714285 0.0 0.7850467289719626 0.21495327102803738 0.0 0.7383177570093458 1083.0884663295471 21.757876656940795 112
0.7684210526315789 0.22105263157894736 0.010526315789473684 0.7555555555555555 0.23333333333333334 0.011111111111111112 0.8666666666666667 1072.2885921682823 22.372977980159785 95
0.813953488372093 0.18604651162790697 0.0 0.8064516129032258 0.1935483870967742 0.0 0.782258064516129 1068.07996820998 21.40303205392212 129
0.6375 0.275 0.0875 0.6133333333333333 0.29333333333333333 0.09333333333333334 0.9333333333333333 1079.1765355043628 22.25354956085022 80
0.7876106194690266 0.21238938053097345 0.0 0.7777777777777778 0.2222222222222222 0.0 0.7685185185185185 1087.4017097974697 21.51122393912144 113
0.8403361344537815 0.15966386554621848 0.0 0.8333333333333334 0.16666666666666666 0.0 0.9035087719298246 924.0365491522424 21.114583128793168 119
0.7368421052631579 0.2543859649122807 0.008771929824561403 0.7247706422018348 0.26605504587155965 0.009174311926605505 0.8165137614678899 1063.2121335328784 23.634025622006817 114
0.8275862068965517 0.1724137931034483 0.0 0.8198198198198198 0.18018018018018017 0.0 0.8378378378378378 1075.0256705861589 22.88927222144284 116
0.7890625 0.2109375 0.0 0.7804878048780488 0.21951219512195122 0.0 0.6991869918699187 1069.7144349705386 20.839398058414645 128
0.7785714285714286 0.21428571428571427 0.007142857142857143 0.7703703703703704 0.2222222222222222 0.007407407407407408 0.7185185185185186 1084.2957692645755 21.055904868014718 140
0.6642335766423357 0.2773722627737226 0.058394160583941604 0.6515151515151515 0.2878787878787879 0.06060606060606061 0.9545454545454546 1016.4478321972722 22.78041030121442 137
0.7647058823529411 0.21568627450980393 0.0196078431372549 0.7525773195876289 0.2268041237113402 0.020618556701030927 0.7010309278350515 1086.090497207844 21.684927128588196 102
0.8115942028985508 0.17391304347826086 0.014492753623188406 0.796875 0.1875 0.015625 0.9375 985.9036879694735 22.906612685077175 69
0.7452830188679245 0.2358490566037736 0.018867924528301886 0.7326732673267327 0.24752475247524752 0.019801980198019802 0.9405940594059405 1073.5036007464091 26.67132920204912 106
0.8053097345132744 0.18584070796460178 0.008849557522123894 0.7962962962962963 0.19444444444444445 0.009259259259259259 0.7222222222222222 1058.675612250915 21.69331917491266 113
0.7168141592920354 0.2831858407079646 0.0 0.7037037037037037 0.2962962962962963 0.0 0.8981481481481481 1061.0150883455444 24.41097461064585 113
0.6710526315789473 0.3157894736842105 0.013157894736842105 0.647887323943662 0.3380281690140845 0.014084507042253521 0.9154929577464789 994.8873387130409 23.686258715206435 76
0.8064516129032258 0.1935483870967742 0.0 0.7894736842105263 0.21052631578947367 0.0 0.9473684210526315 1076.4247806343164 26.018013890789497 62
0.7755102040816326 0.22448979591836735 0.0 0.7634408602150538 0.23655913978494625 0.0 0.7419354838709677 1038.3562530329366 23.039719952228882 98
0.8686868686868687 0.13131313131313133 0.0 0.8617021276595744 0.13829787234042554 0.0 0.851063829787234 1039.8681959064431 22.55027141639617 99
0.8148148148148148 0.18518518518518517 0.0 0.8155339805825242 0.18446601941747573 0.0 0.7184466019417476 1080.376488642225 21.857860570042696 108
0.7758620689655172 0.21551724137931033 0.008620689655172414 0.7657657657657657 0.22522522522522523 0.009009009009009009 0.6576576576576577 1085.4276241329453 21.44238591328551 116
0.8163265306122449 0.1836734693877551 0.0 0.8064516129032258 0.1935483870967742 0.0 0.6666666666666666 1087.4388997413776 22.055628116719696 98
0.819672131147541 0.18032786885245902 0.0 0.811965811965812 0.18803418803418803 0.0 0.8034188034188035 1058.0219276734188 21.15203976318678 122
0.746268656716418 0.2462686567164179 0.007462686567164179 0.7364341085271318 0.2558139534883721 0.007751937984496124 0.7829457364341085 1087.250375233151 21.357754419646714 134
0.8674698795180723 0.13253012048192772 0.0 0.8589743589743589 0.14102564102564102 0.0 0.8333333333333334 1076.1928502484363 26.376200980618552 83
0.8164556962025317 0.18354430379746836 0.0 0.8104575163398693 0.1895424836601307 0.0 0.7124183006535948 1072.3432526760537 20.291068381891666 158
0.7891156462585034 0.2108843537414966 0.0 0.7816901408450704 0.21830985915492956 0.0 0.704225352112676 1086.2789996895083 19.733731429235963 147
0.6744186046511628 0.29069767441860467 0.03488372093023256 0.654320987654321 0.30864197530864196 0.037037037037037035 0.8148148148148148 1024.662388579844 24.030140299182257 86
0.8043478260869565 0.1956521739130435 0.0 0.7931034482758621 0.20689655172413793 0.0 1.0 1072.6920370169532 25.16322000726052 92
0.8205128205128205 0.1794871794871795 0.0 0.8125 0.1875 0.0 0.7678571428571429 1087.21698120153 23.333662194463223 117
0.7847222222222222 0.20833333333333334 0.006944444444444444 0.7769784172661871 0.2158273381294964 0.007194244604316547 0.8129496402877698 1083.0961450157026 20.389228693742368 144
0.75 0.25 0.0 0.7368421052631579 0.2631578947368421 0.0 0.8736842105263158 1068.0421858237298 24.635654112852404 100
0.7719298245614035 0.21052631578947367 0.017543859649122806 0.7706422018348624 0.21100917431192662 0.01834862385321101 0.6972477064220184 1042.2412518919475 21.10065280851808 114
0.7894736842105263 0.21052631578947367 0.0 0.7798165137614679 0.22018348623853212 0.0 0.8256880733944955 1083.7064669540505 22.430985088486317 114
0.8827586206896552 0.11724137931034483 0.0 0.8785714285714286 0.12142857142857143 0.0 0.7 1087.3575396993222 21.237979991560948 145
0.8349514563106796 0.1650485436893204 0.0 0.826530612244898 0.17346938775510204 0.0 0.9489795918367347 1087.2580418227076 22.14826531873276 103
0.7832167832167832 0.2097902097902098 0.006993006993006993 0.782608695652174 0.21014492753623187 0.007246376811594203 0.8695652173913043 1065.1036197856329 21.485445537782883 143
0.7718120805369127 0.22818791946308725 0.0 0.7638888888888888 0.2361111111111111 0.0 0.6041666666666666 1066.71526758048 21.0742212743741 149
0.8712871287128713 0.12871287128712872 0.0 0.8645833333333334 0.13541666666666666 0.0 0.9166666666666666 1055.1012475448256 24.859176988041686 101
0.8240740740740741 0.17592592592592593 0.0 0.8155339805825242 0.18446601941747573 0.0 0.8252427184466019 1081.1041022846025 21.169226428660522 108
0.8617886178861789 0.13821138211382114 0.0 0.8559322033898306 0.1440677966101695 0.0 0.8050847457627118 1080.666771861527 21.48992945579936 123
0.8653846153846154 0.1346153846153846 0.0 0.8585858585858586 0.1414141414141414 0.0 0.9393939393939394 1059.047547195804 21.86885453273963 104
0.8207547169811321 0.1792452830188679 0.0 0.8217821782178217 0.1782178217821782 0.0 0.8811881188118812 1067.6421380693266 23.3475705902223 106
0.8489208633093526 0.1510791366906475 0.0 0.8432835820895522 0.15671641791044777 0.0 0.7985074626865671 1054.598979654717 20.589006513550647 139
0.7272727272727273 0.26515151515151514 0.007575757575757576 0.7165354330708661 0.2755905511811024 0.007874015748031496 0.7637795275590551 1086.4463585788978 20.39544287591982 132
0.8074074074074075 0.1925925925925926 0.0 0.8076923076923077 0.19230769230769232 0.0 0.7384615384615385 1086.2225351732727 21.027613746021707 135
0.7956989247311828 0.20430107526881722 0.0 0.8068181818181818 0.19318181818181818 0.0 0.8409090909090909 1082.6750517672328 23.44715099977663 93
0.6545454545454545 0.2909090909090909 0.05454545454545454 0.638095238095238 0.3047619047619048 0.05714285714285714 0.9523809523809523 1063.5959669187475 24.35312753334484 110
0.7407407407407407 0.25925925925925924 0.0 0.7378640776699029 0.2621359223300971 0.0 0.6699029126213593 1062.676015104732 20.949580938641 108
0.8048780487804879 0.17886178861788618 0.016260162601626018 0.8050847457627118 0.17796610169491525 0.01694915254237288 0.8220338983050848 1023.666178103503 22.122318040343902 123
0.7671232876712328 0.2328767123287671 0.0 0.7588652482269503 0.24113475177304963 0.0 0.7730496453900709 1021.2219666305753 19.636562488699617 146
0.8165137614678899 0.1834862385321101 0.0 0.8076923076923077 0.19230769230769232 0.0 0.6634615384615384 1086.721548350344 22.74748808959023 109
0.7572815533980582 0.24271844660194175 0.0 0.7448979591836735 0.25510204081632654 0.0 0.8775510204081632 1045.9098999114074 24.042378697817433 103
0.6458333333333334 0.3333333333333333 0.020833333333333332 0.6330935251798561 0.34532374100719426 0.02158273381294964 0.02158273381294964 969.0140672706467 21.123048414542914 144
0.8529411764705882 0.14705882352941177 0.0 0.8556701030927835 0.14432989690721648 0.0 0.6391752577319587 1021.9098870692377 19.923581872772953 102
0.8846153846153846 0.11538461538461539 0.0 0.8787878787878788 0.12121212121212122 0.0 0.6565656565656566 1039.1060359046703 22.076575030904674 104
0.8055555555555556 0.19444444444444445 0.0 0.7961165048543689 0.20388349514563106 0.0 0.6407766990291263 1087.3506906724544 21.089470038598535 108
0.7676767676767676 0.23232323232323232 0.0 0.7553191489361702 0.24468085106382978 0.0 0.7127659574468085 1087.2737235754112 21.496371496155945 99
0.8287671232876712 0.17123287671232876 0.0 0.8297872340425532 0.1702127659574468 0.0 0.8368794326241135 1086.6595929360878 21.333185227926613 146
0.5108695652173914 0.29347826086956524 0.1956521739130435 0.4827586206896552 0.3103448275862069 0.20689655172413793 0.9195402298850575 1083.5491275456998 24.09886781087017 92
0.8617886178861789 0.13821138211382114 0.0 0.8559322033898306 0.1440677966101695 0.0 0.6779661016949152 1087.2547040885163 20.585551459038356 123
0.76 0.24 0.0 0.75 0.25 0.0 0.7166666666666667 1071.1057369144328 21.70982592646211 125
0.8292682926829268 0.16260162601626016 0.008130081300813009 0.8220338983050848 0.1694915254237288 0.00847457627118644 0.7796610169491526 970.0802214688116 20.721457290362917 123
0.7654320987654321 0.16049382716049382 0.07407407407407407 0.75 0.17105263157894737 0.07894736842105263 0.881578947368421 1070.9522643646023 27.170795302798677 81
0.7545454545454545 0.24545454545454545 0.0 0.7428571428571429 0.2571428571428571 0.0 0.7333333333333333 1034.4171849714983 23.164044981626848 110
0.822429906542056 0.17757009345794392 0.0 0.8137254901960784 0.18627450980392157 0.0 0.6568627450980392 1085.9947497374383 21.537866428421516 107
0.803030303030303 0.19696969696969696 0.0 0.7952755905511811 0.2047244094488189 0.0 0.8661417322834646 1084.2261365947136 21.327832393613846 132
0.6836734693877551 0.30612244897959184 0.01020408163265306 0.6666666666666666 0.3225806451612903 0.010752688172043012 0.8494623655913979 1084.2082313971337 23.196411931992817 98
0.8192771084337349 0.1746987951807229 0.006024096385542169 0.8136645962732919 0.18012422360248448 0.006211180124223602 0.7391304347826086 1085.7902725389606 20.32108457610438 166
0.8363636363636363 0.16363636363636364 0.0 0.8285714285714286 0.17142857142857143 0.0 0.8380952380952381 1087.2055938891697 20.75997651802721 110
0.8888888888888888 0.1111111111111111 0.0 0.8839285714285714 0.11607142857142858 0.0 0.7053571428571429 1087.3879296350053 20.693823509340483 117
0.8300653594771242 0.16993464052287582 0.0 0.8243243243243243 0.17567567567567569 0.0 0.7094594594594594 1087.1663892240447 20.06502182275869 153
0.7391304347826086 0.25 0.010869565217391304 0.7241379310344828 0.26436781609195403 0.011494252873563218 0.9310344827586207 1021.0499128390077 23.66674761271445 92
0.7476635514018691 0.2523364485981308 0.0 0.7450980392156863 0.2549019607843137 0.0 0.8137254901960784 1059.5371236774895 24.95288203106442 107
0.5784313725490197 0.3333333333333333 0.08823529411764706 0.5567010309278351 0.35051546391752575 0.09278350515463918 0.7938144329896907 967.2813115428997 23.30383956222709 102
0.7640449438202247 0.2247191011235955 0.011235955056179775 0.75 0.23809523809523808 0.011904761904761904 0.9880952380952381 1056.2799794201403 25.18646113769307 89
0.803030303030303 0.1893939393939394 0.007575757575757576 0.7952755905511811 0.1968503937007874 0.007874015748031496 0.8740157480314961 1038.2399595810552 21.544091837601425 132
0.8115942028985508 0.18840579710144928 0.0 0.8045112781954887 0.19548872180451127 0.0 0.7819548872180451 970.5277112425675 20.907990242271644 138
0.7551020408163265 0.22448979591836735 0.02040816326530612 0.7419354838709677 0.23655913978494625 0.021505376344086023 0.7311827956989247 1086.7196764209245 23.005033772369057 98
0.7557251908396947 0.22900763358778625 0.015267175572519083 0.746031746031746 0.23809523809523808 0.015873015873015872 0.7142857142857143 1087.4375354738029 20.13330204484662 131
0.797979797979798 0.18181818181818182 0.020202020202020204 0.7872340425531915 0.19148936170212766 0.02127659574468085 0.8191489361702128 984.5804291747337 24.495193199864545 99
0.7428571428571429 0.2571428571428571 0.0 0.7333333333333333 0.26666666666666666 0.0 0.762962962962963 1087.4368062153135 22.21353843917195 140
0.7301587301587301 0.2698412698412698 0.0 0.71900826446281 0.2809917355371901 0.0 0.768595041322314 1079.953228917704 23.070764321721228 126
0.782608695652174 0.2 0.017391304347826087 0.7818181818181819 0.2 0.01818181818181818 0.8636363636363636 1071.5656967002158 23.47808729511487 115
0.7536231884057971 0.2246376811594203 0.021739130434782608 0.7518796992481203 0.22556390977443608 0.022556390977443608 0.7593984962406015 1087.3606077212162 23.359647398947015 138
0.7763157894736842 0.21710526315789475 0.006578947368421052 0.7687074829931972 0.22448979591836735 0.006802721088435374 0.8027210884353742 1016.0432177155751 20.458314894318853 152
0.7394957983193278 0.21008403361344538 0.05042016806722689 0.7280701754385965 0.21929824561403508 0.05263157894736842 0.7894736842105263 1050.5749086505425 22.897891287944198 119
0.8048780487804879 0.18699186991869918 0.008130081300813009 0.7966101694915254 0.19491525423728814 0.00847457627118644 0.6271186440677966 1087.1182673581582 20.57938923826385 123
0.7079646017699115 0.26548672566371684 0.02654867256637168 0.7037037037037037 0.26851851851851855 0.027777777777777776 0.9259259259259259 951.2978975676663 21.719808900122157 113
0.7567567567567568 0.24324324324324326 0.0 0.7452830188679245 0.25471698113207547 0.0 0.9622641509433962 1075.2609590945285 21.949759266374276 111
0.8032786885245902 0.1885245901639344 0.00819672131147541 0.7948717948717948 0.19658119658119658 0.008547008547008548 0.7948717948717948 1086.7725094453806 21.872764356005618 122
0.7444444444444445 0.24444444444444444 0.011111111111111112 0.7411764705882353 0.24705882352941178 0.011764705882352941 0.7529411764705882 958.8395422928958 23.68373783803888 90
0.82 0.17 0.01 0.8105263157894737 0.17894736842105263 0.010526315789473684 0.8526315789473684 1028.2742698961968 23.066809322858834 100
0.7096774193548387 0.27419354838709675 0.016129032258064516 0.7058823529411765 0.2857142857142857 0.008403361344537815 0.7226890756302521 1063.4561644341243 23.888183287174595 124
0.7572815533980582 0.23300970873786409 0.009708737864077669 0.7448979591836735 0.24489795918367346 0.01020408163265306 0.673469387755102 1067.071688418298 22.287642286942535 103
0.7130434782608696 0.26956521739130435 0.017391304347826087 0.7 0.2818181818181818 0.01818181818181818 0.7727272727272727 1082.7811004917894 21.859923548275976 115
0.8454545454545455 0.15454545454545454 0.0 0.8476190476190476 0.1523809523809524 0.0 0.8285714285714286 1068.7204539946486 21.270054299538216 110
0.7636363636363637 0.23636363636363636 0.0 0.7523809523809524 0.24761904761904763 0.0 0.9428571428571428 1070.5095748610584 25.61973476857135 110
0.7678571428571429 0.22321428571428573 0.008928571428571428 0.7570093457943925 0.2336448598130841 0.009345794392523364 0.7757009345794392 1004.0925688503955 23.18510809822975 112
0.8240740740740741 0.17592592592592593 0.0 0.8155339805825242 0.18446601941747573 0.0 0.7184466019417476 1087.4530229953925 23.210102775302442 108
0.8469387755102041 0.15306122448979592 0.0 0.8387096774193549 0.16129032258064516 0.0 0.7526881720430108 1086.9248709934723 22.097676366490926 98
0.6901408450704225 0.30985915492957744 0.0 0.6666666666666666 0.3333333333333333 0.0 1.0 1054.298159458095 26.670421501427093 71
0.7982456140350878 0.19298245614035087 0.008771929824561403 0.7889908256880734 0.2018348623853211 0.009174311926605505 0.8623853211009175 1052.8658287424926 23.748439709034106 114
0.6083333333333333 0.35 0.041666666666666664 0.591304347826087 0.3652173913043478 0.043478260869565216 0.9217391304347826 1066.4544473483681 23.565901040180258 120
0.6964285714285714 0.29464285714285715 0.008928571428571428 0.6822429906542056 0.308411214953271 0.009345794392523364 0.9906542056074766 1078.5567927274706 25.427651928968583 112
0.7966101694915254 0.2033898305084746 0.0 0.7876106194690266 0.21238938053097345 0.0 0.7699115044247787 1063.9546650567622 22.585951319477818 118
0.8032786885245902 0.1885245901639344 0.00819672131147541 0.7948717948717948 0.19658119658119658 0.008547008547008548 0.6752136752136753 1085.5064346555148 21.168067107680262 122
0.7422680412371134 0.18556701030927836 0.07216494845360824 0.7282608695652174 0.1956521739130435 0.07608695652173914 0.8695652173913043 1059.4186843561047 22.830180317445457 97
0.8235294117647058 0.17647058823529413 0.0 0.8157894736842105 0.18421052631578946 0.0 0.6754385964912281 1087.3864977069609 21.014126709838816 119
0.7596153846153846 0.23076923076923078 0.009615384615384616 0.7474747474747475 0.24242424242424243 0.010101010101010102 0.797979797979798 1061.9048614297367 22.609320192301148 104
0.8105263157894737 0.17894736842105263 0.010526315789473684 0.8 0.18888888888888888 0.011111111111111112 0.8555555555555555 1026.6777059147585 23.492519649566155 95
0.8403361344537815 0.15126050420168066 0.008403361344537815 0.8333333333333334 0.15789473684210525 0.008771929824561403 0.7719298245614035 1078.5824508867818 23.31427437511536 119
0.6551724137931034 0.28448275862068967 0.0603448275862069 0.6486486486486487 0.2882882882882883 0.06306306306306306 0.9369369369369369 1063.6909233601127 22.789931847994232 116
0.8013698630136986 0.19863013698630136 0.0 0.7943262411347518 0.20567375886524822 0.0 0.7872340425531915 1087.3176967341853 21.801969148148082 146
0.71 0.26 0.03 0.6947368421052632 0.2736842105263158 0.031578947368421054 0.9473684210526315 1031.1436212028023 26.17706127393797 100
0.7786885245901639 0.21311475409836064 0.00819672131147541 0.7692307692307693 0.2222222222222222 0.008547008547008548 0.7777777777777778 1087.2032911797166 22.122579914683264 122
0.7476635514018691 0.22429906542056074 0.028037383177570093 0.7352941176470589 0.23529411764705882 0.029411764705882353 0.9313725490196079 1086.3951154647134 23.234087448058204 107
0.6637168141592921 0.2743362831858407 0.061946902654867256 0.6574074074074074 0.2777777777777778 0.06481481481481481 0.8888888888888888 1058.358263825961 22.842160674656608 113
0.6486486486486487 0.25225225225225223 0.0990990990990991 0.6320754716981132 0.2641509433962264 0.10377358490566038 0.8962264150943396 982.5321466079872 21.501770907332755 111
0.79 0.19 0.02 0.7789473684210526 0.2 0.021052631578947368 0.8842105263157894 1077.3748227497513 25.791654579124707 100
0.6711409395973155 0.31543624161073824 0.013422818791946308 0.6666666666666666 0.3194444444444444 0.013888888888888888 0.8541666666666666 1065.7087437248663 22.004291599559572 149
0.7623762376237624 0.2376237623762376 0.0 0.75 0.25 0.0 0.9270833333333334 1032.4491728625965 23.441670328940734 101
0.8444444444444444 0.15555555555555556 0.0 0.8352941176470589 0.16470588235294117 0.0 0.9882352941176471 1050.2539166441056 25.111633416762434 90
0.8070175438596491 0.19298245614035087 0.0 0.8073394495412844 0.1926605504587156 0.0 0.963302752293578 1035.2355465987391 23.166729594991505 114
0.7127659574468085 0.24468085106382978 0.0425531914893617 0.6966292134831461 0.25842696629213485 0.0449438202247191 0.7752808988764045 1070.1197980964232 24.479216360070055 94
0.8349514563106796 0.1650485436893204 0.0 0.826530612244898 0.17346938775510204 0.0 0.8469387755102041 1084.1488461456781 22.49822483909326 103
0.803030303030303 0.18686868686868688 0.010101010101010102 0.7979274611398963 0.19170984455958548 0.010362694300518135 0.8704663212435233 1077.281358056063 19.73886506788861 198
0.6666666666666666 0.3120567375886525 0.02127659574468085 0.6617647058823529 0.3161764705882353 0.022058823529411766 0.8161764705882353 1087.4131531464122 21.702066595807484 141
0.7327586206896551 0.25 0.017241379310344827 0.7297297297297297 0.25225225225225223 0.018018018018018018 0.918918918918919 1076.0578321750352 22.958796976326568 116
0.7560975609756098 0.23577235772357724 0.008130081300813009 0.7457627118644068 0.2457627118644068 0.00847457627118644 0.9152542372881356 1050.223987544822 21.716939395683156 123
0.7636363636363637 0.23636363636363636 0.0 0.7523809523809524 0.24761904761904763 0.0 0.780952380952381 1067.426569397826 22.743781559993348 110
0.75 0.25 0.0 0.7368421052631579 0.2631578947368421 0.0 0.9473684210526315 1018.5163553799475 23.791448110361333 100
0.8073394495412844 0.1926605504587156 0.0 0.7980769230769231 0.20192307692307693 0.0 0.7692307692307693 913.8225298625067 21.88050996273707 109
0.8717948717948718 0.1282051282051282 0.0 0.8660714285714286 0.13392857142857142 0.0 0.7767857142857143 1087.381500673302 20.516631034612196 117
0.7350427350427351 0.26495726495726496 0.0 0.7232142857142857 0.2767857142857143 0.0 0.8035714285714286 1011.4336066287866 22.891979118406503 117
0.7241379310344828 0.2672413793103448 0.008620689655172414 0.7207207207207207 0.2702702702702703 0.009009009009009009 0.7387387387387387 1070.6881768648777 23.47360642755534 116
0.8333333333333334 0.16666666666666666 0.0 0.8256880733944955 0.1743119266055046 0.0 0.6055045871559633 1066.3242495869758 20.714117361423366 114
0.7526881720430108 0.24731182795698925 0.0 0.7386363636363636 0.26136363636363635 0.0 0.8181818181818182 1083.976750829301 23.404475015649677 93
0.7565217391304347 0.24347826086956523 0.0 0.7545454545454545 0.24545454545454545 0.0 0.8181818181818182 1058.6222186181774 22.32903687573144 115
0.7467532467532467 0.22727272727272727 0.025974025974025976 0.738255033557047 0.2348993288590604 0.026845637583892617 0.738255033557047 1040.731962503131 22.05714408601504 154
0.7699115044247787 0.23008849557522124 0.0 0.7592592592592593 0.24074074074074073 0.0 0.7777777777777778 1087.4358071092813 22.04153800600046 113
0.7787610619469026 0.22123893805309736 0.0 0.7685185185185185 0.23148148148148148 0.0 0.9537037037037037 1072.4205851045704 21.382917636707326 113
0.8115942028985508 0.18840579710144928 0.0 0.796875 0.203125 0.0 0.96875 1035.4294801214764 23.320334835397563 69
0.8053097345132744 0.19469026548672566 0.0 0.7962962962962963 0.2037037037037037 0.0 0.7870370370370371 1087.29343904072 22.436613073374673 113
0.6666666666666666 0.30833333333333335 0.025 0.6521739130434783 0.3217391304347826 0.02608695652173913 0.9391304347826087 1085.3497767428296 22.17883207744571 120
0.8771929824561403 0.12280701754385964 0.0 0.8715596330275229 0.12844036697247707 0.0 0.6330275229357798 1087.214945313111 20.299957218359637 114
0.7596153846153846 0.22115384615384615 0.019230769230769232 0.7474747474747475 0.23232323232323232 0.020202020202020204 0.98989898989899 1014.4111410797046 22.81302791105606 104
0.8050314465408805 0.1949685534591195 0.0 0.7987012987012987 0.2012987012987013 0.0 0.7662337662337663 1076.7042940644021 20.589825681645767 159
0.7659574468085106 0.22340425531914893 0.010638297872340425 0.7528089887640449 0.23595505617977527 0.011235955056179775 0.8202247191011236 1060.3427338431302 24.381351429883182 94
0.864 0.136 0.0 0.8583333333333333 0.14166666666666666 0.0 0.85 913.125814890643 19.359830451934865 125
0.8375 0.1625 0.0 0.8266666666666667 0.17333333333333334 0.0 0.84 1029.6234336588445 23.782567298209877 80
0.8288288288288288 0.17117117117117117 0.0 0.8207547169811321 0.1792452830188679 0.0 0.7075471698113207 1064.7598570695914 21.519689684383636 111
0.8061224489795918 0.19387755102040816 0.0 0.7956989247311828 0.20430107526881722 0.0 0.6989247311827957 1083.1263821318262 24.148246449294934 98
0.7946428571428571 0.20535714285714285 0.0 0.7850467289719626 0.21495327102803738 0.0 0.8598130841121495 1067.7386142642988 22.83004689224594 112
0.8516129032258064 0.14838709677419354 0.0 0.8466666666666667 0.15333333333333332 0.0 0.7333333333333333 1086.7103090807307 20.431706014472095 155
0.782608695652174 0.21739130434782608 0.0 0.765625 0.234375 0.0 0.890625 989.1634576782117 27.39887422548504 69
0.7948717948717948 0.20512820512820512 0.0 0.7947019867549668 0.2052980132450331 0.0 0.7417218543046358 1087.26846120603 20.42578831689818 156
0.6698113207547169 0.27358490566037735 0.05660377358490566 0.6534653465346535 0.2871287128712871 0.0594059405940594 0.5445544554455446 1079.6119821276484 22.612696145685646 106
0.8023952095808383 0.19760479041916168 0.0 0.7962962962962963 0.2037037037037037 0.0 0.808641975308642 1060.8471327646678 20.243504994928138 167
0.8148148148148148 0.18518518518518517 0.0 0.8076923076923077 0.19230769230769232 0.0 0.9 1081.1831159049275 22.05991026662266 135
0.7058823529411765 0.28431372549019607 0.00980392156862745 0.7010309278350515 0.28865979381443296 0.010309278350515464 0.7938144329896907 1055.8210205566147 23.227322897112508 102
0.7380952380952381 0.2261904761904762 0.03571428571428571 0.7215189873417721 0.24050632911392406 0.0379746835443038 0.9746835443037974 1051.1480185781488 24.910934032750408 84
0.776 0.224 0.0 0.7666666666666667 0.23333333333333334 0.0 0.75 1086.4158046916916 19.817627762787374 125
0.7391304347826086 0.2391304347826087 0.021739130434782608 0.7241379310344828 0.25287356321839083 0.022988505747126436 0.896551724137931 1083.5761667304494 23.930381487594605 92
0.7894736842105263 0.21052631578947367 0.0 0.7798165137614679 0.22018348623853212 0.0 0.8532110091743119 1051.6887975377804 23.47522095063089 114
0.5538461538461539 0.36153846153846153 0.08461538461538462 0.536 0.376 0.088 0.848 1085.835184604825 21.062474653001328 130
0.79 0.21 0.0 0.7789473684210526 0.22105263157894736 0.0 0.8105263157894737 1077.6375855358372 21.567348034441007 100
0.6033057851239669 0.3140495867768595 0.08264462809917356 0.5862068965517241 0.3275862068965517 0.08620689655172414 0.9741379310344828 1052.3560214765348 22.594213957583722 121
0.8016528925619835 0.19834710743801653 0.0 0.7931034482758621 0.20689655172413793 0.0 0.8448275862068966 1048.4960289778132 21.992775883323223 121
0.7407407407407407 0.25 0.009259259259259259 0.7378640776699029 0.2524271844660194 0.009708737864077669 0.7864077669902912 1087.058111514007 24.334186747694996 108
0.6 0.29333333333333333 0.10666666666666667 0.5714285714285714 0.3142857142857143 0.11428571428571428 1.0 1042.0866411835184 25.251215293026274 75
0.7777777777777778 0.2222222222222222 0.0 0.768595041322314 0.23140495867768596 0.0 0.6776859504132231 1087.4044536543483 21.429897883499684 126
0.6880733944954128 0.30275229357798167 0.009174311926605505 0.6730769230769231 0.3173076923076923 0.009615384615384616 0.75 1083.7750136451534 23.43075731075975 109
0.7739130434782608 0.21739130434782608 0.008695652173913044 0.7636363636363637 0.22727272727272727 0.00909090909090909 0.8090909090909091 1070.7485463752987 23.76474245446871 115
0.8061224489795918 0.19387755102040816 0.0 0.7956989247311828 0.20430107526881722 0.0 0.6881720430107527 1086.6113201978449 21.504075752923537 98
0.6962962962962963 0.2814814814814815 0.022222222222222223 0.6846153846153846 0.2923076923076923 0.023076923076923078 0.7923076923076923 1057.2113342762304 22.844031548349147 135
0.8289473684210527 0.15789473684210525 0.013157894736842105 0.8169014084507042 0.16901408450704225 0.014084507042253521 0.8028169014084507 979.1713206496557 22.04964137467845 76
0.7863247863247863 0.21367521367521367 0.0 0.7767857142857143 0.22321428571428573 0.0 0.8660714285714286 1054.9712308452322 22.205484210105244 117
0.6416666666666667 0.35 0.008333333333333333 0.6260869565217392 0.3652173913043478 0.008695652173913044 0.808695652173913 1077.847187004113 24.625545135011215 120
0.8468468468468469 0.14414414414414414 0.009009009009009009 0.839622641509434 0.1509433962264151 0.009433962264150943 0.8773584905660378 1051.2506242004738 23.01122805029612 111
0.8867924528301887 0.11320754716981132 0.0 0.8811881188118812 0.1188118811881188 0.0 0.7722772277227723 1085.9239836279457 23.020157353733936 106
0.8043478260869565 0.18840579710144928 0.007246376811594203 0.7969924812030075 0.19548872180451127 0.007518796992481203 0.7669172932330827 1087.3656138287986 21.143866033858178 138
0.8148148148148148 0.18518518518518517 0.0 0.8155339805825242 0.18446601941747573 0.0 0.7475728155339806 1087.2545831051254 22.17428634215136 108
0.7802197802197802 0.21978021978021978 0.0 0.7674418604651163 0.23255813953488372 0.0 0.8372093023255814 1057.6550377724425 23.193125999827206 91
0.8363636363636363 0.15454545454545454 0.00909090909090909 0.8285714285714286 0.1619047619047619 0.009523809523809525 0.8857142857142857 1026.7101396480575 23.913055171549047 110
0.5845070422535211 0.24647887323943662 0.16901408450704225 0.5766423357664233 0.25547445255474455 0.1678832116788321 0.7883211678832117 1058.2513960842045 22.719998547290007 142
0.851063829787234 0.14893617021276595 0.0 0.8426966292134831 0.15730337078651685 0.0 0.8089887640449438 1071.8924648432032 23.405326850450958 94
0.6879432624113475 0.2907801418439716 0.02127659574468085 0.6764705882352942 0.3014705882352941 0.022058823529411766 0.8308823529411765 1064.5624529052975 21.694901876608593 141
0.8125 0.1875 0.0 0.8048780487804879 0.1951219512195122 0.0 0.7967479674796748 1050.7890369934964 22.39686383486713 128
0.7923076923076923 0.2076923076923077 0.0 0.784 0.216 0.0 0.664 1067.2700707548331 20.542778514515106 130
0.8541666666666666 0.14583333333333334 0.0 0.8461538461538461 0.15384615384615385 0.0 0.6373626373626373 1068.3317289929153 21.74241107737579 96
0.6991150442477876 0.2831858407079646 0.017699115044247787 0.6851851851851852 0.2962962962962963 0.018518518518518517 0.9444444444444444 1083.4071197963715 24.035358668332663 113
0.8235294117647058 0.17647058823529413 0.0 0.8125 0.1875 0.0 0.8375 1082.052466856601 24.280169244747064 85
0.7614678899082569 0.22018348623853212 0.01834862385321101 0.75 0.23076923076923078 0.019230769230769232 0.7403846153846154 1087.2696647804048 22.87771305542504 109
0.8283582089552238 0.17164179104477612 0.0 0.8217054263565892 0.17829457364341086 0.0 0.875968992248062 1087.2963862342606 22.263516256033718 134
0.8157894736842105 0.18421052631578946 0.0 0.8073394495412844 0.1926605504587156 0.0 0.7981651376146789 1086.7817172205662 23.39112217040423 114
0.7153846153846154 0.23076923076923078 0.05384615384615385 0.704 0.24 0.056 0.816 1064.8281838835323 22.188577014027736 130
0.8118811881188119 0.18811881188118812 0.0 0.8020833333333334 0.19791666666666666 0.0 0.71875 1078.179780300613 21.64790418791064 101
0.7156862745098039 0.22549019607843138 0.058823529411764705 0.7010309278350515 0.23711340206185566 0.061855670103092786 1.0 1024.8364029775396 25.088328192141137 102
0.8440366972477065 0.1559633027522936 0.0 0.8365384615384616 0.16346153846153846 0.0 0.875 1070.071553141072 23.264146026884735 109
0.6595744680851063 0.3404255319148936 0.0 0.6190476190476191 0.38095238095238093 0.0 0.9523809523809523 1030.1038517171537 28.292552558384465 47
0.7623762376237624 0.19801980198019803 0.039603960396039604 0.7604166666666666 0.19791666666666666 0.041666666666666664 0.84375 1066.5418399383752 21.967363112058404 101
0.8245614035087719 0.17543859649122806 0.0 0.8165137614678899 0.1834862385321101 0.0 0.8532110091743119 1085.1366948021146 21.800813439535304 114
0.7872340425531915 0.19148936170212766 0.02127659574468085 0.7752808988764045 0.20224719101123595 0.02247191011235955 0.8314606741573034 1069.0990083990596 24.097339147941074 94
0.7928571428571428 0.2 0.007142857142857143 0.7851851851851852 0.2074074074074074 0.007407407407407408 0.7851851851851852 1084.1568092987407 21.398330455090285 140
0.6851851851851852 0.3055555555555556 0.009259259259259259 0.6699029126213593 0.32038834951456313 0.009708737864077669 0.8640776699029126 1080.049185953997 22.370546383907147 108
0.8064516129032258 0.1935483870967742 0.0 0.8068181818181818 0.19318181818181818 0.0 0.625 1086.541498055213 21.53906348912416 93
0.7064220183486238 0.27522935779816515 0.01834862385321101 0.7019230769230769 0.27884615384615385 0.019230769230769232 0.7884615384615384 1087.3536801962316 23.725886725294714 109
0.7777777777777778 0.21212121212121213 0.010101010101010102 0.7659574468085106 0.22340425531914893 0.010638297872340425 0.776595744680851 1087.4212804720535 24.36301983329319 99
0.7352941176470589 0.23529411764705882 0.029411764705882353 0.7216494845360825 0.24742268041237114 0.030927835051546393 0.9381443298969072 1002.1066895047786 23.39913628354944 102
0.8308823529411765 0.15441176470588236 0.014705882352941176 0.8244274809160306 0.16030534351145037 0.015267175572519083 0.7938931297709924 1070.9100328834475 21.223877438709263 136
0.773109243697479 0.226890756302521 0.0 0.7631578947368421 0.23684210526315788 0.0 0.7456140350877193 1039.95818097239 22.62898527257311 119
0.6821705426356589 0.2868217054263566 0.031007751937984496 0.6693548387096774 0.29838709677419356 0.03225806451612903 0.8064516129032258 988.7912032405007 21.735559104100016 129
0.7459016393442623 0.2540983606557377 0.0 0.7350427350427351 0.26495726495726496 0.0 0.9487179487179487 1072.5587200883785 22.435412228444672 122
0.7967479674796748 0.2032520325203252 0.0 0.788135593220339 0.211864406779661 0.0 0.7627118644067796 1026.822400541586 21.328300355398405 123
0.8461538461538461 0.15384615384615385 0.0 0.8383838383838383 0.16161616161616163 0.0 0.7575757575757576 1087.4182951323958 20.200684469820832 104
0.7363636363636363 0.21818181818181817 0.045454545454545456 0.7238095238095238 0.22857142857142856 0.047619047619047616 0.780952380952381 1062.1726799628332 22.681606315348485 110
0.8396946564885496 0.16030534351145037 0.0 0.8333333333333334 0.16666666666666666 0.0 0.7301587301587301 1087.1116011631373 21.06340943977746 131
0.819047619047619 0.18095238095238095 0.0 0.82 0.18 0.0 0.79 1086.2533612549396 22.311786698808845 105
0.7661290322580645 0.23387096774193547 0.0 0.7563025210084033 0.24369747899159663 0.0 0.7310924369747899 1087.464716087222 21.187200582735752 124
0.7844827586206896 0.1896551724137931 0.02586206896551724 0.7747747747747747 0.1981981981981982 0.02702702702702703 0.6846846846846847 1087.1560713267822 22.07936380960322 116
0.7870370370370371 0.2037037037037037 0.009259259259259259 0.7766990291262136 0.21359223300970873 0.009708737864077669 0.9223300970873787 1032.805981249758 22.605799308654067 108
0.8849557522123894 0.11504424778761062 0.0 0.8796296296296297 0.12037037037037036 0.0 0.6666666666666666 1086.963045421 20.283341501981504 113
0.6666666666666666 0.2777777777777778 0.05555555555555555 0.6504854368932039 0.2912621359223301 0.05825242718446602 0.8640776699029126 1031.4819584491775 23.72793820957074 108
0.7342657342657343 0.25874125874125875 0.006993006993006993 0.7246376811594203 0.26811594202898553 0.007246376811594203 0.8260869565217391 1080.9977964727036 20.331166913112465 143
0.5517241379310345 0.28448275862068967 0.16379310344827586 0.5315315315315315 0.2972972972972973 0.17117117117117117 0.8288288288288288 1079.4291911437408 23.00139010796442 116
0.6454545454545455 0.2909090909090909 0.06363636363636363 0.638095238095238 0.3047619047619048 0.05714285714285714 0.9809523809523809 1047.6556330568542 21.62876232456594 110
0.8571428571428571 0.14285714285714285 0.0 0.852112676056338 0.14788732394366197 0.0 0.7816901408450704 1068.426675970945 20.640346676924835 147
0.7282608695652174 0.2717391304347826 0.0 0.7262569832402235 0.2737430167597765 0.0 0.8212290502793296 1055.922631046459 19.989988857184446 184
0.7473684210526316 0.24210526315789474 0.010526315789473684 0.7333333333333333 0.25555555555555554 0.011111111111111112 0.8777777777777778 1047.1879269214992 24.324537903589974 95
0.8512396694214877 0.1487603305785124 0.0 0.853448275862069 0.14655172413793102 0.0 0.853448275862069 1086.2363073042638 20.5692155863173 121
0.8547008547008547 0.1452991452991453 0.0 0.8482142857142857 0.15178571428571427 0.0 0.8571428571428571 1070.9291187655547 23.02108703132032 117
0.7142857142857143 0.26373626373626374 0.02197802197802198 0.6976744186046512 0.27906976744186046 0.023255813953488372 0.6046511627906976 1083.796224638484 20.66655387935948 91
0.7755102040816326 0.22448979591836735 0.0 0.7676056338028169 0.2323943661971831 0.0 0.6267605633802817 1057.0007954176049 21.027330124108836 147
0.7657657657657657 0.21621621621621623 0.018018018018018018 0.7641509433962265 0.2169811320754717 0.018867924528301886 0.839622641509434 1080.7190583878057 22.268049732954864 111
0.7384615384615385 0.26153846153846155 0.0 0.728 0.272 0.0 0.864 1048.0863516401423 22.45341288229868 130
0.7478260869565218 0.25217391304347825 0.0 0.7363636363636363 0.2636363636363636 0.0 0.8181818181818182 1048.6587759134727 23.02352180255773 115
0.6571428571428571 0.3333333333333333 0.009523809523809525 0.64 0.35 0.01 0.78 1056.066681951172 21.302298093037702 105
0.7294117647058823 0.27058823529411763 0.0 0.7125 0.2875 0.0 0.975 1065.5414013599755 24.662865482858273 85
0.5263157894736842 0.3007518796992481 0.17293233082706766 0.5078125 0.3125 0.1796875 0.96875 1070.55656514599 21.75549323824412 133
0.7087378640776699 0.2815533980582524 0.009708737864077669 0.6938775510204082 0.29591836734693877 0.01020408163265306 1.0 1071.2555085262823 25.276012697166372 103
0.6923076923076923 0.3 0.007692307692307693 0.68 0.312 0.008 0.784 1062.5821977042938 22.952007510342384 130
0.7761194029850746 0.22388059701492538 0.0 0.7674418604651163 0.23255813953488372 0.0 0.8372093023255814 1058.8242753898267 24.13314395408467 134
0.7714285714285715 0.21904761904761905 0.009523809523809525 0.77 0.22 0.01 0.95 1052.6918366495106 23.849882666231416 105
0.8936170212765957 0.10638297872340426 0.0 0.8897058823529411 0.11029411764705882 0.0 0.7647058823529411 1032.4491316314543 20.940222409807753 141
0.81 0.19 0.0 0.8 0.2 0.0 0.8947368421052632 1087.099119140727 22.48882651556504 100
0.71 0.27 0.02 0.6947368421052632 0.28421052631578947 0.021052631578947368 0.8315789473684211 1075.4457374771457 23.220641064140963 100
0.8348623853211009 0.1651376146788991 0.0 0.8269230769230769 0.17307692307692307 0.0 0.8557692307692307 1049.364510595875 22.322406342785985 109
0.8035714285714286 0.19642857142857142 0.0 0.794392523364486 0.205607476635514 0.0 0.5981308411214953 1086.498849409421 21.49995739543322 112
0.7777777777777778 0.21428571428571427 0.007936507936507936 0.768595041322314 0.2231404958677686 0.008264462809917356 0.7768595041322314 1086.0968212951095 22.67102417474286 126
0.7107438016528925 0.2809917355371901 0.008264462809917356 0.6982758620689655 0.29310344827586204 0.008620689655172414 0.8275862068965517 1057.6021315960113 22.13111244589473 121
0.7394957983193278 0.2605042016806723 0.0 0.7280701754385965 0.2719298245614035 0.0 0.8245614035087719 1083.4704906829572 21.183050533789906 119
0.6312056737588653 0.3191489361702128 0.04964539007092199 0.625 0.3235294117647059 0.051470588235294115 0.6691176470588235 995.3896389290592 21.891622146701664 141
0.8349514563106796 0.1553398058252427 0.009708737864077669 0.826530612244898 0.16326530612244897 0.01020408163265306 1.0 1077.4060135965126 23.554098569819402 103
0.8217054263565892 0.17054263565891473 0.007751937984496124 0.8145161290322581 0.1774193548387097 0.008064516129032258 0.8064516129032258 1043.4253280779703 21.219337122742253 129
0.7941176470588235 0.20588235294117646 0.0 0.7862595419847328 0.21374045801526717 0.0 0.8473282442748091 1086.7685800894847 21.584119890336723 136
0.7560975609756098 0.2073170731707317 0.036585365853658534 0.7402597402597403 0.22077922077922077 0.03896103896103896 0.8961038961038961 1014.5703156476462 24.12185814523525 82
0.8165137614678899 0.1834862385321101 0.0 0.8076923076923077 0.19230769230769232 0.0 0.6730769230769231 1027.8717919464757 21.10375515636947 109
0.7452830188679245 0.25471698113207547 0.0 0.7326732673267327 0.26732673267326734 0.0 0.8811881188118812 1058.8460434226886 22.723017269455053 106
0.7788461538461539 0.22115384615384615 0.0 0.7676767676767676 0.23232323232323232 0.0 0.8484848484848485 1077.8806070351548 23.056207007117237 104
0.7657657657657657 0.22522522522522523 0.009009009009009009 0.7547169811320755 0.2358490566037736 0.009433962264150943 0.8207547169811321 1042.5144505433964 24.370416760643877 111
0.8608695652173913 0.1391304347826087 0.0 0.8545454545454545 0.14545454545454545 0.0 0.7545454545454545 1054.1740983375346 21.207064083752634 115
0.7226890756302521 0.2689075630252101 0.008403361344537815 0.7105263157894737 0.2807017543859649 0.008771929824561403 0.9298245614035088 1056.0478052024125 24.377840657698062 119
0.7142857142857143 0.26666666666666666 0.01904761904761905 0.7 0.28 0.02 0.97 1076.6216754074915 23.04287211958282 105
0.8461538461538461 0.15384615384615385 0.0 0.8392857142857143 0.16071428571428573 0.0 0.7589285714285714 974.3257551029146 21.595368198217113 117
0.8372093023255814 0.16279069767441862 0.0 0.8306451612903226 0.1693548387096774 0.0 0.782258064516129 1068.6755370544033 20.156332014037826 129
0.75 0.24 0.01 0.7368421052631579 0.25263157894736843 0.010526315789473684 0.8947368421052632 1086.304695710265 23.362258675892164 100
0.8015267175572519 0.1984732824427481 0.0 0.7936507936507936 0.20634920634920634 0.0 0.753968253968254 1080.144866099429 20.349637345675063 131
0.7340425531914894 0.26595744680851063 0.0 0.7191011235955056 0.2808988764044944 0.0 0.8651685393258427 1023.8837465850831 23.69125737032225 94
0.7938144329896907 0.20618556701030927 0.0 0.782608695652174 0.21739130434782608 0.0 0.8260869565217391 1079.904808496253 21.70668923487908 97
0.7542372881355932 0.23728813559322035 0.00847457627118644 0.7433628318584071 0.24778761061946902 0.008849557522123894 0.8141592920353983 992.9128681972361 21.746388315726826 118
0.8130841121495327 0.17757009345794392 0.009345794392523364 0.8137254901960784 0.17647058823529413 0.00980392156862745 0.7156862745098039 1070.0860410611467 21.84684669761264 107
0.8037974683544303 0.1962025316455696 0.0 0.7973856209150327 0.20261437908496732 0.0 0.7581699346405228 1059.5098119522736 19.74561664934549 158
0.8076923076923077 0.19230769230769232 0.0 0.797979797979798 0.20202020202020202 0.0 0.7575757575757576 1087.1791115921455 25.13900112178013 104
0.7050359712230215 0.2805755395683453 0.014388489208633094 0.6940298507462687 0.291044776119403 0.014925373134328358 0.9626865671641791 1083.7832397753893 21.690225957024953 139
0.8571428571428571 0.14285714285714285 0.0 0.8518518518518519 0.14814814814814814 0.0 0.7925925925925926 1034.3551415591041 20.554741600574157 140
0.7559055118110236 0.2440944881889764 0.0 0.7459016393442623 0.2540983606557377 0.0 0.6885245901639344 1086.828788132257 22.120508765220947 127
0.75 0.21428571428571427 0.03571428571428571 0.7341772151898734 0.22784810126582278 0.0379746835443038 0.9113924050632911 1086.1923855212676 27.591069746955775 84
0.8803418803418803 0.11965811965811966 0.0 0.875 0.125 0.0 0.9107142857142857 1086.6957207055152 21.95269490111382 117
0.8 0.19285714285714287 0.007142857142857143 0.7925925925925926 0.2 0.007407407407407408 0.8 1069.7817156797912 22.762976130579585 140
0.7419354838709677 0.24731182795698925 0.010752688172043012 0.7272727272727273 0.26136363636363635 0.011363636363636364 0.7840909090909091 1045.849548373462 23.21880628201543 93
0.7478260869565218 0.25217391304347825 0.0 0.7363636363636363 0.2636363636363636 0.0 0.8909090909090909 1012.7646591410369 23.458442180779855 115
0.74 0.25 0.01 0.7263157894736842 0.2631578947368421 0.010526315789473684 0.9789473684210527 1064.7489913244406 24.30620185332509 100
0.8775510204081632 0.12244897959183673 0.0 0.8709677419354839 0.12903225806451613 0.0 0.7526881720430108 1079.053407923335 21.82673636205166 98
0.7570093457943925 0.19626168224299065 0.04672897196261682 0.7450980392156863 0.20588235294117646 0.049019607843137254 0.8235294117647058 1084.7447074048669 22.90465067446232 107
0.5982905982905983 0.3418803418803419 0.05982905982905983 0.5803571428571429 0.35714285714285715 0.0625 0.9910714285714286 1065.3264298204574 24.231955723956144 117
0.8357142857142857 0.16428571428571428 0.0 0.8296296296296296 0.17037037037037037 0.0 0.8148148148148148 1057.8857933835982 21.441519522642455 140
0.8248175182481752 0.16058394160583941 0.014598540145985401 0.8257575757575758 0.1590909090909091 0.015151515151515152 0.8560606060606061 1018.0409149510886 22.134097797076908 137
0.8378378378378378 0.16216216216216217 0.0 0.8301886792452831 0.16981132075471697 0.0 0.7924528301886793 1052.8033694908213 23.819404610549686 111
0.75 0.25 0.0 0.7394957983193278 0.2605042016806723 0.0 0.8319327731092437 1006.562147815362 21.645121636786207 124
0.7524752475247525 0.22772277227722773 0.019801980198019802 0.7395833333333334 0.23958333333333334 0.020833333333333332 0.9166666666666666 1039.00701805477 25.867373994075564 101
0.8 0.2 0.0 0.792 0.208 0.0 0.704 1087.1454456095878 20.87137606848459 130
0.4491525423728814 0.3983050847457627 0.15254237288135594 0.4247787610619469 0.415929203539823 0.1592920353982301 0.9911504424778761 1035.0010114492168 23.183081977582916 118
0.625 0.3088235294117647 0.0661764705882353 0.6183206106870229 0.31297709923664124 0.06870229007633588 0.8396946564885496 1069.1987698030243 21.770097943367816 136
0.7841726618705036 0.2014388489208633 0.014388489208633094 0.7761194029850746 0.208955223880597 0.014925373134328358 0.8059701492537313 1047.1524123961558 21.6644862409521 139
0.7904761904761904 0.20952380952380953 0.0 0.78 0.22 0.0 0.83 1087.0738049971726 22.231447351382094 105
0.7769230769230769 0.2153846153846154 0.007692307692307693 0.768 0.224 0.008 1.0 973.4563098711404 21.005439669542934 130
0.6764705882352942 0.3088235294117647 0.014705882352941176 0.6641221374045801 0.32061068702290074 0.015267175572519083 0.7633587786259542 1042.3344719270606 22.37372944835653 136
0.8273381294964028 0.17266187050359713 0.0 0.8208955223880597 0.1791044776119403 0.0 0.7164179104477612 1086.8356040399622 22.64786527830346 139
0.8214285714285714 0.16666666666666666 0.011904761904761904 0.8227848101265823 0.16455696202531644 0.012658227848101266 0.7721518987341772 1074.7738053545431 24.584269884444975 84
0.775 0.225 0.0 0.7739130434782608 0.22608695652173913 0.0 0.8521739130434782 1028.5915741988601 21.841999354934373 120
0.781021897810219 0.2116788321167883 0.0072992700729927005 0.7803030303030303 0.21212121212121213 0.007575757575757576 0.9772727272727273 1010.2213624765831 21.200493952059617 137
0.7547169811320755 0.2358490566037736 0.009433962264150943 0.7425742574257426 0.24752475247524752 0.009900990099009901 1.0 1035.406503979573 24.978180081632452 106
0.811965811965812 0.18803418803418803 0.0 0.8035714285714286 0.19642857142857142 0.0 0.9017857142857143 1026.5530096149564 22.147313837937567 117
0.8181818181818182 0.18181818181818182 0.0 0.8095238095238095 0.19047619047619047 0.0 0.9619047619047619 1024.1311304948395 22.755610483774813 110
0.6929133858267716 0.30708661417322836 0.0 0.6885245901639344 0.3114754098360656 0.0 0.9016393442622951 1057.6681745375513 23.05253456921988 127
0.7802197802197802 0.21978021978021978 0.0 0.7674418604651163 0.23255813953488372 0.0 0.872093023255814 1046.7191383219142 22.664185038774637 91
0.7391304347826086 0.2608695652173913 0.0 0.7272727272727273 0.2727272727272727 0.0 0.9272727272727272 993.8649633161319 21.91676673014807 115
0.8050847457627118 0.19491525423728814 0.0 0.8053097345132744 0.19469026548672566 0.0 0.6991150442477876 1087.196726972306 21.165654622561448 118
0.7358490566037735 0.2641509433962264 0.0 0.7227722772277227 0.27722772277227725 0.0 0.8910891089108911 1064.5169989898752 23.9238816826531 106
0.8 0.19047619047619047 0.009523809523809525 0.79 0.2 0.01 0.98 1073.6951579630424 23.94528131134408 105
0.803921568627451 0.19607843137254902 0.0 0.7938144329896907 0.20618556701030927 0.0 0.7731958762886598 1085.9774239525984 23.446945944535756 102
0.7604166666666666 0.23958333333333334 0.0 0.7472527472527473 0.25274725274725274 0.0 0.9230769230769231 1039.1833235567192 24.053371077126396 96
0.7480916030534351 0.24427480916030533 0.007633587786259542 0.7380952380952381 0.25396825396825395 0.007936507936507936 0.9285714285714286 1084.866183908769 23.027456307630317 131
0.7659574468085106 0.23404255319148937 0.0 0.7528089887640449 0.24719101123595505 0.0 0.9662921348314607 1063.292747709983 22.992957090498145 94
0.71 0.29 0.0 0.7052631578947368 0.29473684210526313 0.0 0.8105263157894737 1057.2986096822085 22.103835162232443 100
0.7903225806451613 0.20967741935483872 0.0 0.7815126050420168 0.2184873949579832 0.0 0.8487394957983193 1031.0748779619557 22.370232011792428 124
0.8217054263565892 0.17054263565891473 0.007751937984496124 0.8145161290322581 0.1774193548387097 0.008064516129032258 0.7903225806451613 1086.3030958904055 22.415437687560143 129
0.8431372549019608 0.1568627450980392 0.0 0.8350515463917526 0.16494845360824742 0.0 0.7835051546391752 1066.166255893174 23.178829215378652 102
0.7950819672131147 0.20491803278688525 0.0 0.7863247863247863 0.21367521367521367 0.0 0.7435897435897436 1074.726608208904 21.066118544840858 122
0.7636363636363637 0.23636363636363636 0.0 0.7523809523809524 0.24761904761904763 0.0 0.8380952380952381 1077.1197781808573 23.64158167296753 110
0.7583333333333333 0.24166666666666667 0.0 0.7478260869565218 0.25217391304347825 0.0 0.9304347826086956 1042.0202042361502 23.58166356756347 120
0.6810344827586207 0.28448275862068967 0.034482758620689655 0.6666666666666666 0.2972972972972973 0.036036036036036036 0.8018018018018018 1087.3890787107564 22.301647966504337 116
0.7913043478260869 0.20869565217391303 0.0 0.7818181818181819 0.21818181818181817 0.0 0.7 1068.9240023015518 22.439336787782924 115
0.75 0.21875 0.03125 0.7362637362637363 0.23076923076923078 0.03296703296703297 0.8571428571428571 1041.9912852319912 22.477990342092767 96
0.8347826086956521 0.16521739130434782 0.0 0.8272727272727273 0.17272727272727273 0.0 0.7181818181818181 1057.8972408220004 21.926542989202837 115
0.816 0.184 0.0 0.8083333333333333 0.19166666666666668 0.0 0.9166666666666666 1002.5689528198855 21.577719497520878 125
0.7870370370370371 0.2037037037037037 0.009259259259259259 0.7766990291262136 0.21359223300970873 0.009708737864077669 0.9514563106796117 1071.1258608702117 23.29814326561496 108
0.7468354430379747 0.22784810126582278 0.02531645569620253 0.7297297297297297 0.24324324324324326 0.02702702702702703 0.7297297297297297 1050.4130052506919 25.974265756496106 79
0.8316831683168316 0.16831683168316833 0.0 0.8229166666666666 0.17708333333333334 0.0 0.7604166666666666 1080.824018511599 22.93998347701059 101
0.7767857142857143 0.22321428571428573 0.0 0.7757009345794392 0.22429906542056074 0.0 0.8411214953271028 1084.699683365173 24.03743238018842 112
0.8412698412698413 0.15079365079365079 0.007936507936507936 0.8347107438016529 0.15702479338842976 0.008264462809917356 0.7355371900826446 1087.150211951978 20.83509034380244 126
0.7964601769911505 0.20353982300884957 0.0 0.7870370370370371 0.21296296296296297 0.0 0.7870370370370371 1035.5366076571772 22.918117775324017 113
0.6883116883116883 0.2987012987012987 0.012987012987012988 0.6666666666666666 0.3194444444444444 0.013888888888888888 0.9722222222222222 1019.7583401034843 24.77789908424328 77
0.7378640776699029 0.2524271844660194 0.009708737864077669 0.7244897959183674 0.2653061224489796 0.01020408163265306 0.8469387755102041 1087.451522304774 22.081196435969666 103
0.8359375 0.1640625 0.0 0.8292682926829268 0.17073170731707318 0.0 0.6422764227642277 1087.3397513178722 21.64888548730254 128
0.7631578947368421 0.21929824561403508 0.017543859649122806 0.7522935779816514 0.22935779816513763 0.01834862385321101 0.7247706422018348 1087.17566439401 22.690748095570815 114
0.8292682926829268 0.17073170731707318 0.0 0.8220338983050848 0.17796610169491525 0.0 0.8305084745762712 1077.408929816139 22.576103995791073 123
0.7669172932330827 0.23308270676691728 0.0 0.7578125 0.2421875 0.0 0.7890625 1072.9335376145707 21.55661227156514 133
0.8253968253968254 0.1746031746031746 0.0 0.8181818181818182 0.18181818181818182 0.0 0.9834710743801653 1074.9997922327361 21.45207969793708 126
0.8114754098360656 0.18032786885245902 0.00819672131147541 0.8034188034188035 0.18803418803418803 0.008547008547008548 0.7435897435897436 1086.4445179660863 20.776156334975088 122
0.8444444444444444 0.15555555555555556 0.0 0.8352941176470589 0.16470588235294117 0.0 0.8 1023.4028729134832 23.381753726803744 90
0.7843137254901961 0.21568627450980393 0.0 0.7731958762886598 0.2268041237113402 0.0 0.8969072164948454 1074.565686734876 23.04698733336635 102
0.7386363636363636 0.23863636363636365 0.022727272727272728 0.7228915662650602 0.25301204819277107 0.024096385542168676 0.8433734939759037 1007.673100593283 23.341220451517753 88
0.8217054263565892 0.17054263565891473 0.007751937984496124 0.8145161290322581 0.1774193548387097 0.008064516129032258 0.7983870967741935 1072.5465371671417 20.367868813835383 129
0.773109243697479 0.226890756302521 0.0 0.7631578947368421 0.23684210526315788 0.0 0.9912280701754386 1064.5960508546827 23.357510164812293 119
0.5042735042735043 0.3247863247863248 0.17094017094017094 0.48214285714285715 0.3392857142857143 0.17857142857142858 0.8571428571428571 1059.3463981101913 21.45424463188561 117
0.8571428571428571 0.14285714285714285 0.0 0.8504672897196262 0.14953271028037382 0.0 0.7476635514018691 1059.641619759196 21.071613610924135 112
0.8333333333333334 0.16666666666666666 0.0 0.8260869565217391 0.17391304347826086 0.0 0.8260869565217391 1081.640585977058 20.876293706186065 120
0.797979797979798 0.20202020202020202 0.0 0.7872340425531915 0.2127659574468085 0.0 0.6595744680851063 1087.3989732393716 22.246316192154723 99
0.7526881720430108 0.22580645161290322 0.021505376344086023 0.7386363636363636 0.23863636363636365 0.022727272727272728 1.0 1075.1368817172915 26.112458908634274 93
0.7395833333333334 0.25 0.010416666666666666 0.7252747252747253 0.26373626373626374 0.01098901098901099 1.0 1040.034956068772 23.195898881927036 96
0.8283582089552238 0.17164179104477612 0.0 0.8217054263565892 0.17829457364341086 0.0 0.6666666666666666 1079.7632702593708 20.424777654882575 134
0.8429752066115702 0.15702479338842976 0.0 0.8362068965517241 0.16379310344827586 0.0 0.6982758620689655 1035.98164563433 20.244125193896448 121
0.8279569892473119 0.16129032258064516 0.010752688172043012 0.8181818181818182 0.17045454545454544 0.011363636363636364 0.8636363636363636 1083.5057124742514 24.377063844448454 93
0.8181818181818182 0.16363636363636364 0.01818181818181818 0.8095238095238095 0.17142857142857143 0.01904761904761905 0.7714285714285715 1087.4084715312247 20.613508799277817 110
0.7920792079207921 0.19801980198019803 0.009900990099009901 0.78125 0.20833333333333334 0.010416666666666666 0.75 1056.1758810898518 22.023822932694944 101
