1.0 0.0 0.0 1.0 0.0 0.0 0.8099173553719008 1078.2582536440736 20.026569269118145 126
1.0 0.0 0.0 1.0 0.0 0.0 0.3270440251572327 1052.3800099641712 16.772898721777512 164
1.0 0.0 0.0 1.0 0.0 0.0 0.6696428571428571 1067.4372076971933 19.125572495258105 117
0.9651162790697675 0.03488372093023256 0.0 0.9629629629629629 0.037037037037037035 0.0 0.6049382716049383 1067.9218339451086 20.61676763914683 86
0.9867549668874173 0.013245033112582781 0.0 0.9863013698630136 0.0136986301369863 0.0 0.6712328767123288 1087.458533740622 18.795677551636448 151
1.0 0.0 0.0 1.0 0.0 0.0 0.7054263565891473 1080.5864438438884 18.340791162807548 134
1.0 0.0 0.0 1.0 0.0 0.0 0.7857142857142857 1079.047008202706 19.90420848710965 117
1.0 0.0 0.0 1.0 0.0 0.0 0.006289308176100629 1026.9753723935892 18.36338443258054 164
1.0 0.0 0.0 1.0 0.0 0.0 1.0 1084.5195389343298 20.526148579024035 111
1.0 0.0 0.0 1.0 0.0 0.0 0.7950819672131147 1039.6392751171736 19.30878918641346 127
1.0 0.0 0.0 1.0 0.0 0.0 0.5238095238095238 1067.919390930852 18.793418579570076 131
0.978494623655914 0.021505376344086023 0.0 0.9772727272727273 0.022727272727272728 0.0 0.6931818181818182 1087.3219632330463 20.91135998035427 93
1.0 0.0 0.0 1.0 0.0 0.0 0.7387387387387387 1037.6799090225184 19.600599045372025 116
1.0 0.0 0.0 1.0 0.0 0.0 0.8125 1069.2667627256697 18.381482414086694 149
1.0 0.0 0.0 1.0 0.0 0.0 0.897196261682243 1062.6736982599975 19.142017707109773 112
1.0 0.0 0.0 1.0 0.0 0.0 0.952755905511811 1080.3251199343524 18.781205076302445 132
1.0 0.0 0.0 1.0 0.0 0.0 0.5689655172413793 992.6771088466252 19.48455293154827 121
1.0 0.0 0.0 1.0 0.0 0.0 0.7674418604651163 1086.1749111863999 19.66790101731829 134
1.0 0.0 0.0 1.0 0.0 0.0 0.9453125 1046.1911707175905 18.375239292445922 133
1.0 0.0 0.0 1.0 0.0 0.0 0.7446808510638298 1065.9099107219183 16.955975714817836 146
1.0 0.0 0.0 1.0 0.0 0.0 0.825 1084.3209254616506 20.155498185855066 125
1.0 0.0 0.0 1.0 0.0 0.0 0.7164179104477612 1001.3198519325642 19.07947547726131 139
1.0 0.0 0.0 1.0 0.0 0.0 0.6835443037974683 1036.3639125456086 21.54108141383345 84
1.0 0.0 0.0 1.0 0.0 0.0 0.7758620689655172 1046.1277313136216 18.84150086844048 121
1.0 0.0 0.0 1.0 0.0 0.0 0.6381578947368421 1012.2775913410022 18.520258453617856 157
0.9924812030075187 0.007518796992481203 0.0 0.9921875 0.0078125 0.0 0.84375 1057.100711459478 19.17554674593005 133
1.0 0.0 0.0 1.0 0.0 0.0 0.8214285714285714 1066.8254237940057 18.04279905017877 173
1.0 0.0 0.0 1.0 0.0 0.0 0.8648648648648649 1054.3881925401338 19.914386087382212 116
1.0 0.0 0.0 1.0 0.0 0.0 1.0 1037.429128728668 21.309277144677058 112
1.0 0.0 0.0 1.0 0.0 0.0 0.6826923076923077 1078.598373440765 20.892512517582052 109
1.0 0.0 0.0 1.0 0.0 0.0 0.9764705882352941 1054.2201117482978 21.708987772556657 90
1.0 0.0 0.0 1.0 0.0 0.0 0.5367647058823529 991.4109167479504 16.980213989530757 141
1.0 0.0 0.0 1.0 0.0 0.0 0.5273972602739726 1065.5477205926318 18.726532998456065 151
1.0 0.0 0.0 1.0 0.0 0.0 0.7168141592920354 1077.2547017298184 20.364241163914127 118
0.9645390070921985 0.03546099290780142 0.0 0.9632352941176471 0.03676470588235294 0.0 0.7720588235294118 1065.0179357165614 19.170211545942855 141
0.9769230769230769 0.023076923076923078 0.0 0.976 0.024 0.0 0.8 1087.0781673255701 18.28619024628881 130
1.0 0.0 0.0 1.0 0.0 0.0 0.5694444444444444 1043.4250262475452 18.497424378289438 149
1.0 0.0 0.0 1.0 0.0 0.0 0.6166666666666667 1085.5334052051537 17.847680988110955 125
1.0 0.0 0.0 1.0 0.0 0.0 0.8571428571428571 1070.1143612420674 21.30873528720576 82
0.9924242424242424 0.007575757575757576 0.0 0.9921259842519685 0.007874015748031496 0.0 0.7401574803149606 1083.1307671105008 19.274989143049485 132
1.0 0.0 0.0 1.0 0.0 0.0 0.825 1038.1586692405983 19.387247465502213 125
0.9939024390243902 0.006097560975609756 0.0 0.9937106918238994 0.006289308176100629 0.0 0.559748427672956 1081.7321351094768 16.951361120008407 164
1.0 0.0 0.0 1.0 0.0 0.0 0.7192982456140351 1075.8971629899752 19.876960301193588 119
1.0 0.0 0.0 1.0 0.0 0.0 0.9051724137931034 1041.333158855511 19.581369955285734 121
1.0 0.0 0.0 1.0 0.0 0.0 0.7286821705426356 1021.5269470787098 18.628473710834044 134
1.0 0.0 0.0 1.0 0.0 0.0 0.7608695652173914 1053.1492144684705 18.413186117527708 143
1.0 0.0 0.0 1.0 0.0 0.0 0.7884615384615384 1016.9006606315736 19.584507083793877 109
0.9925925925925926 0.007407407407407408 0.0 0.9923076923076923 0.007692307692307693 0.0 0.6 1070.3116332233446 19.361287837923644 135
0.9847328244274809 0.015267175572519083 0.0 0.9841269841269841 0.015873015873015872 0.0 0.6666666666666666 1082.4900612096696 18.781337276633707 131
1.0 0.0 0.0 1.0 0.0 0.0 0.8214285714285714 1069.7485008019823 20.429608128768432 117
1.0 0.0 0.0 1.0 0.0 0.0 0.6785714285714286 1069.9819201089815 20.4075958594607 117
1.0 0.0 0.0 1.0 0.0 0.0 0.5793650793650794 1086.4342524505003 17.89737767603005 131
1.0 0.0 0.0 1.0 0.0 0.0 0.6946564885496184 1073.7425288809295 19.61525384677791 136
0.99375 0.00625 0.0 0.9935483870967742 0.0064516129032258064 0.0 0.7290322580645161 1086.9889026606338 17.5915651981698 160
1.0 0.0 0.0 1.0 0.0 0.0 1.0 1082.4548083893887 23.17416309426444 84
1.0 0.0 0.0 1.0 0.0 0.0 0.6923076923076923 1084.831813909629 24.129503537284055 83
1.0 0.0 0.0 1.0 0.0 0.0 1.0 1075.7565391506096 20.832469134573344 121
1.0 0.0 0.0 1.0 0.0 0.0 0.7297297297297297 1054.2832825636053 19.251261963360438 116
1.0 0.0 0.0 1.0 0.0 0.0 0.7589285714285714 996.0718819181466 19.974597333955458 117
0.9851851851851852 0.014814814814814815 0.0 0.9846153846153847 0.015384615384615385 0.0 0.8615384615384616 1074.1005452226673 18.305184298225655 135
1.0 0.0 0.0 1.0 0.0 0.0 0.5625 1039.7705924383872 20.042709278146987 117
1.0 0.0 0.0 1.0 0.0 0.0 0.34814814814814815 1074.8999845545209 18.819189877178793 140
1.0 0.0 0.0 1.0 0.0 0.0 0.7183908045977011 1063.7558298800632 16.835267414188852 179
0.9805825242718447 0.019417475728155338 0.0 0.9795918367346939 0.02040816326530612 0.0 0.6530612244897959 1086.2177493695922 21.015392011885215 103
0.9825581395348837 0.01744186046511628 0.0 0.9820359281437125 0.017964071856287425 0.0 0.7784431137724551 1085.3150109620094 18.33874694267097 172
0.9815950920245399 0.018404907975460124 0.0 0.9810126582278481 0.0189873417721519 0.0 0.7531645569620253 1085.5285124643594 18.190447181232173 163
0.9794520547945206 0.02054794520547945 0.0 0.9787234042553191 0.02127659574468085 0.0 0.6099290780141844 1078.9029551976998 18.226537361414923 146
1.0 0.0 0.0 1.0 0.0 0.0 0.803921568627451 1083.4970042588614 18.203284653241568 158
1.0 0.0 0.0 1.0 0.0 0.0 0.7563025210084033 1053.131700382242 19.10911765374268 124
0.9848484848484849 0.015151515151515152 0.0 0.984251968503937 0.015748031496062992 0.0 0.905511811023622 1067.047996479824 19.79387773113467 132
1.0 0.0 0.0 1.0 0.0 0.0 0.6062992125984252 1037.1685280868498 19.849999304177874 132
1.0 0.0 0.0 1.0 0.0 0.0 0.7209302325581395 1065.4500510983764 19.356397523785 134
1.0 0.0 0.0 1.0 0.0 0.0 0.7628865979381443 1058.882349777786 19.551460242230423 102
1.0 0.0 0.0 1.0 0.0 0.0 0.7142857142857143 1015.0619429119956 18.552399849408825 117
1.0 0.0 0.0 1.0 0.0 0.0 0.6331360946745562 1073.3353816885535 17.770197895630854 174
0.9927007299270073 0.0072992700729927005 0.0 0.9924242424242424 0.007575757575757576 0.0 0.7121212121212122 1077.1500279528486 19.19397113223948 137
1.0 0.0 0.0 1.0 0.0 0.0 0.725925925925926 1082.9077850651008 19.879885090965615 140
1.0 0.0 0.0 1.0 0.0 0.0 0.9666666666666667 1073.5769271079964 19.943310914990484 125
0.984375 0.015625 0.0 0.983739837398374 0.016260162601626018 0.0 0.8861788617886179 1060.1599874076596 20.28049781134847 128
1.0 0.0 0.0 1.0 0.0 0.0 0.68 1055.4389494363718 19.16188517555067 130
0.9858156028368794 0.014184397163120567 0.0 0.9852941176470589 0.014705882352941176 0.0 0.6617647058823529 1087.4103102483507 19.110220457646335 141
1.0 0.0 0.0 1.0 0.0 0.0 0.75177304964539 1067.6126669002135 19.001558563773973 146
0.9848484848484849 0.015151515151515152 0.0 0.984251968503937 0.015748031496062992 0.0 0.6614173228346457 1087.2492526041508 19.46994317813011 132
0.9775280898876404 0.02247191011235955 0.0 0.976878612716763 0.023121387283236993 0.0 0.5664739884393064 1087.2209230651567 18.283542948423104 178
0.9924812030075187 0.007518796992481203 0.0 0.9921875 0.0078125 0.0 0.796875 1075.2196405982788 19.333384401160103 133
0.9933333333333333 0.006666666666666667 0.0 0.993103448275862 0.006896551724137931 0.0 0.593103448275862 1064.7969511321833 17.682746889537224 150
0.9841269841269841 0.015873015873015872 0.0 0.9834710743801653 0.01652892561983471 0.0 0.4628099173553719 1087.0960467369068 18.52530126596237 126
0.9921875 0.0078125 0.0 0.991869918699187 0.008130081300813009 0.0 0.8536585365853658 1070.064329175204 18.371191028073007 128
1.0 0.0 0.0 1.0 0.0 0.0 0.8173913043478261 997.7398000551842 18.819469890855583 120
1.0 0.0 0.0 1.0 0.0 0.0 0.7796610169491526 1035.9378016355518 19.56219473645115 123
1.0 0.0 0.0 1.0 0.0 0.0 0.543046357615894 1035.3119881090815 17.744282466026878 156
0.9411764705882353 0.058823529411764705 0.0 0.9375 0.0625 0.0 0.9375 1077.1830374130022 20.446773960333882 85
1.0 0.0 0.0 1.0 0.0 0.0 0.6440677966101694 1085.9946313871394 18.887170104417393 123
1.0 0.0 0.0 1.0 0.0 0.0 0.0 997.5335406517838 17.828709659452493 175
1.0 0.0 0.0 1.0 0.0 0.0 0.6742424242424242 1036.8535283028366 18.309776385250697 137
1.0 0.0 0.0 1.0 0.0 0.0 0.7904761904761904 1054.3195746273368 19.12133191977472 110
0.9658119658119658 0.03418803418803419 0.0 0.9642857142857143 0.03571428571428571 0.0 0.6785714285714286 1087.3112168558318 18.75837607490922 117
1.0 0.0 0.0 1.0 0.0 0.0 0.808695652173913 951.8210923769914 18.18826505726059 120
0.9924242424242424 0.007575757575757576 0.0 0.9921259842519685 0.007874015748031496 0.0 0.6771653543307087 1086.6931814619732 18.568291101621526 132
0.9922480620155039 0.007751937984496124 0.0 0.9919354838709677 0.008064516129032258 0.0 0.46774193548387094 1087.292246073112 18.686600904198986 129
0.9856115107913669 0.014388489208633094 0.0 0.9850746268656716 0.014925373134328358 0.0 0.7985074626865671 1063.6355004865334 18.571196340846043 139
1.0 0.0 0.0 1.0 0.0 0.0 0.6 1012.3188433612178 18.339293615603403 160
1.0 0.0 0.0 1.0 0.0 0.0 0.8854961832061069 1079.7565489123995 20.049571158692494 136
0.9928057553956835 0.007194244604316547 0.0 0.9925373134328358 0.007462686567164179 0.0 0.5970149253731343 1084.274020954829 18.962533825388558 139
1.0 0.0 0.0 1.0 0.0 0.0 0.6148148148148148 1067.9581891345597 17.353376033725883 140
1.0 0.0 0.0 1.0 0.0 0.0 0.6285714285714286 1076.0904582313997 17.398039180211136 180
1.0 0.0 0.0 1.0 0.0 0.0 1.0 1016.9113350447842 20.742539392928066 97
0.9724770642201835 0.027522935779816515 0.0 0.9711538461538461 0.028846153846153848 0.0 0.6442307692307693 1087.051357345494 20.536476806162486 109
1.0 0.0 0.0 1.0 0.0 0.0 0.9552238805970149 962.1882485391166 21.610529823358824 72
1.0 0.0 0.0 1.0 0.0 0.0 0.7674418604651163 1072.3848991731645 19.49928513223276 134
1.0 0.0 0.0 1.0 0.0 0.0 0.6227544910179641 1079.6971750713076 18.653695810084848 172
0.9779411764705882 0.022058823529411766 0.0 0.9770992366412213 0.022900763358778626 0.0 0.8091603053435115 1087.3286552622665 19.33337727908308 136
0.9788732394366197 0.02112676056338028 0.0 0.9854014598540146 0.014598540145985401 0.0 0.6715328467153284 1085.517607421563 19.41591719579305 142
1.0 0.0 0.0 1.0 0.0 0.0 0.8091603053435115 1055.1605737470616 19.30576914610358 136
0.9655172413793104 0.034482758620689655 0.0 0.9642857142857143 0.03571428571428571 0.0 0.6357142857142857 1086.428433163548 19.67981271043824 145
1.0 0.0 0.0 1.0 0.0 0.0 0.7310344827586207 1075.2627834386633 19.42712224766787 150
0.9890710382513661 0.01092896174863388 0.0 0.9887640449438202 0.011235955056179775 0.0 0.0 1086.1007365335886 16.803577284846668 183
0.986013986013986 0.013986013986013986 0.0 0.9855072463768116 0.014492753623188406 0.0 0.8840579710144928 1086.9960486740401 18.71368529518211 143
1.0 0.0 0.0 1.0 0.0 0.0 0.8673469387755102 1049.08119591918 20.2580797248294 103
1.0 0.0 0.0 1.0 0.0 0.0 0.851063829787234 1086.186947025165 19.88268899547202 146
0.9844961240310077 0.015503875968992248 0.0 0.9838709677419355 0.016129032258064516 0.0 0.8064516129032258 1087.042350530847 19.063787605260483 129
0.9932885906040269 0.006711409395973154 0.0 0.9930555555555556 0.006944444444444444 0.0 0.6805555555555556 1064.7720615559151 18.516542068172658 149
1.0 0.0 0.0 1.0 0.0 0.0 0.9029850746268657 1021.5869576399269 18.478370857937225 139
1.0 0.0 0.0 1.0 0.0 0.0 0.7218045112781954 1032.3078205744218 19.733239256823726 138
1.0 0.0 0.0 1.0 0.0 0.0 0.0 1062.3776438538696 18.42735579142146 163
1.0 0.0 0.0 1.0 0.0 0.0 0.8 988.1126442827461 19.149396184882036 105
1.0 0.0 0.0 1.0 0.0 0.0 0.7445255474452555 1078.728361274124 18.56251317242022 142
0.989010989010989 0.01098901098901099 0.0 0.9883720930232558 0.011627906976744186 0.0 0.8837209302325582 1078.2548131999222 21.20332035248558 91
1.0 0.0 0.0 1.0 0.0 0.0 0.549618320610687 1043.884322100825 18.380500092579886 136
1.0 0.0 0.0 1.0 0.0 0.0 0.808 1046.982441838576 19.17023272168226 130
0.9897959183673469 0.01020408163265306 0.0 0.989247311827957 0.010752688172043012 0.0 0.8817204301075269 1069.8838241836147 19.6116972823998 98
0.9826589595375722 0.017341040462427744 0.0 0.9821428571428571 0.017857142857142856 0.0 0.7202380952380952 1085.427825347411 17.98955359068671 173
1.0 0.0 0.0 1.0 0.0 0.0 0.8780487804878049 1031.1462523417185 19.499454115811318 128
1.0 0.0 0.0 1.0 0.0 0.0 0.9295774647887324 1024.9175034645693 20.56805300526137 76
0.9851851851851852 0.014814814814814815 0.0 0.9846153846153847 0.015384615384615385 0.0 0.7538461538461538 1084.414389608458 19.151056025163957 135
0.9722222222222222 0.027777777777777776 0.0 0.9805825242718447 0.019417475728155338 0.0 0.7572815533980582 1071.8170547021741 20.21545147634697 108
1.0 0.0 0.0 1.0 0.0 0.0 0.9484536082474226 1042.53753919123 20.954400797530173 102
1.0 0.0 0.0 1.0 0.0 0.0 0.9905660377358491 1079.357281871881 20.34158888433193 111
1.0 0.0 0.0 1.0 0.0 0.0 0.5723684210526315 1040.0633614650226 18.939032994359817 157
0.9820359281437125 0.017964071856287425 0.0 0.9814814814814815 0.018518518518518517 0.0 0.7901234567901234 1080.9970762530988 18.165965381753505 167
0.9821428571428571 0.017857142857142856 0.0 0.9813084112149533 0.018691588785046728 0.0 0.7289719626168224 1076.1750355311744 20.177929918091007 112
1.0 0.0 0.0 1.0 0.0 0.0 0.8547008547008547 1040.4660830024575 18.67047402146482 122
1.0 0.0 0.0 1.0 0.0 0.0 0.8315789473684211 1068.0032598282733 20.543852957377567 100
0.9884393063583815 0.011560693641618497 0.0 0.9880952380952381 0.011904761904761904 0.0 0.8630952380952381 1081.2970348329532 18.52583590836236 173
0.9911504424778761 0.008849557522123894 0.0 0.9907407407407407 0.009259259259259259 0.0 0.6574074074074074 1074.1961386223545 20.40465985968478 113
1.0 0.0 0.0 1.0 0.0 0.0 0.7716535433070866 1078.0556232186423 19.287751479281603 132
1.0 0.0 0.0 1.0 0.0 0.0 0.7232142857142857 1074.9541416992379 20.764185512580752 117
1.0 0.0 0.0 1.0 0.0 0.0 0.8018018018018018 1037.1243448170492 19.883088161392592 116
1.0 0.0 0.0 1.0 0.0 0.0 0.8571428571428571 1026.4144364614942 21.53177888691295 89
1.0 0.0 0.0 1.0 0.0 0.0 0.7978723404255319 1055.3611078892968 22.0077668290955 99
0.9942196531791907 0.005780346820809248 0.0 0.9940476190476191 0.005952380952380952 0.0 0.6666666666666666 1087.2631595319224 17.438595224016986 173
1.0 0.0 0.0 1.0 0.0 0.0 0.7886178861788617 1025.1971824130917 19.06507219068545 128
0.9915966386554622 0.008403361344537815 0.0 0.9912280701754386 0.008771929824561403 0.0 0.7017543859649122 1078.2550774489641 20.022754646872038 119
0.9941520467836257 0.005847953216374269 0.0 0.9939759036144579 0.006024096385542169 0.0 0.8373493975903614 1075.4665071320217 18.733184720564633 171
0.9915254237288136 0.00847457627118644 0.0 0.9911504424778761 0.008849557522123894 0.0 0.504424778761062 1087.3813646632625 18.881179831773522 118
1.0 0.0 0.0 1.0 0.0 0.0 0.6018518518518519 1075.3847765330318 20.41804711526733 113
0.9929577464788732 0.007042253521126761 0.0 0.9927007299270073 0.0072992700729927005 0.0 0.8029197080291971 1069.0722086642675 19.364731198112754 142
1.0 0.0 0.0 1.0 0.0 0.0 0.7722772277227723 1053.0851998055866 18.33543985361555 106
0.9903846153846154 0.009615384615384616 0.0 0.98989898989899 0.010101010101010102 0.0 0.8383838383838383 1078.9240357881936 21.038434978834783 104
1.0 0.0 0.0 1.0 0.0 0.0 0.45081967213114754 1055.823855237696 18.855133252182327 127
1.0 0.0 0.0 1.0 0.0 0.0 0.8783783783783784 1046.64151885747 19.302282797939917 153
0.9878048780487805 0.012195121951219513 0.0 0.9874213836477987 0.012578616352201259 0.0 0.6855345911949685 1085.989972187047 18.437728671710897 164
0.9576271186440678 0.0423728813559322 0.0 0.9557522123893806 0.04424778761061947 0.0 0.5309734513274337 1087.2404797222857 19.233383974769705 118
1.0 0.0 0.0 1.0 0.0 0.0 0.8017241379310345 1069.3338035241582 19.27102847952924 121
1.0 0.0 0.0 1.0 0.0 0.0 0.8561643835616438 1059.7203674411764 19.28824587797777 151
0.993421052631579 0.006578947368421052 0.0 0.9931972789115646 0.006802721088435374 0.0 0.9115646258503401 1080.1037674628421 19.797140700775863 152
1.0 0.0 0.0 1.0 0.0 0.0 0.7096774193548387 1086.7452359691656 19.154809326461486 129
1.0 0.0 0.0 1.0 0.0 0.0 1.0 1071.4935158445855 20.244573205059492 139
1.0 0.0 0.0 1.0 0.0 0.0 0.7692307692307693 1055.121221732027 19.307781884288403 135
1.0 0.0 0.0 1.0 0.0 0.0 0.782608695652174 1073.7236965927336 18.151105929085354 166
1.0 0.0 0.0 1.0 0.0 0.0 0.6513157894736842 1075.4228122559311 18.263658890270996 157
0.952755905511811 0.047244094488188976 0.0 0.9508196721311475 0.04918032786885246 0.0 0.7868852459016393 1087.2890810886004 19.216660541453603 127
1.0 0.0 0.0 1.0 0.0 0.0 0.71900826446281 1036.4233454662376 19.6879345105193 126
1.0 0.0 0.0 1.0 0.0 0.0 0.6818181818181818 1073.1102954879861 20.012863023091295 71
1.0 0.0 0.0 1.0 0.0 0.0 0.7706422018348624 1032.6986897261827 18.773403911834695 114
1.0 0.0 0.0 1.0 0.0 0.0 0.8727272727272727 1042.40558546475 19.565409693555356 115
0.9904761904761905 0.009523809523809525 0.0 0.99 0.01 0.0 0.88 1076.4267601583917 20.571830074928528 105
1.0 0.0 0.0 1.0 0.0 0.0 0.8622754491017964 1080.1508463347338 18.913470108317096 172
1.0 0.0 0.0 1.0 0.0 0.0 0.7884615384615384 1075.1052345654036 18.848657556923623 109
0.953125 0.046875 0.0 0.9512195121951219 0.04878048780487805 0.0 0.6991869918699187 1087.3677059142653 19.18790047662588 128
0.8728813559322034 0.1271186440677966 0.0 0.8672566371681416 0.13274336283185842 0.0 0.6902654867256637 1087.4113520504284 20.07605912290289 118
1.0 0.0 0.0 1.0 0.0 0.0 0.6967741935483871 1081.205000866747 19.208984938025484 160
0.9856115107913669 0.014388489208633094 0.0 0.9850746268656716 0.014925373134328358 0.0 0.6716417910447762 1087.2519570189686 20.033170458973117 139
0.972972972972973 0.02702702702702703 0.0 0.9716981132075472 0.02830188679245283 0.0 0.6509433962264151 1047.413426534658 18.914006352461502 111
1.0 0.0 0.0 1.0 0.0 0.0 0.7083333333333334 1067.5376784210646 20.271357894689853 101
1.0 0.0 0.0 1.0 0.0 0.0 0.4154929577464789 1024.9974489561641 17.98482729123107 147
0.9801980198019802 0.019801980198019802 0.0 0.9796954314720813 0.02030456852791878 0.0 0.7563451776649747 1086.9511913160839 17.686182098295383 202
1.0 0.0 0.0 1.0 0.0 0.0 0.6638655462184874 1083.3502789228141 20.059888524048354 124
1.0 0.0 0.0 1.0 0.0 0.0 0.7461538461538462 1056.0029828187644 18.027583123646437 135
1.0 0.0 0.0 1.0 0.0 0.0 1.0 1073.7387923324227 21.278396764737867 107
1.0 0.0 0.0 1.0 0.0 0.0 0.6666666666666666 1048.3655826204017 18.69857859458178 137
1.0 0.0 0.0 1.0 0.0 0.0 0.6698113207547169 1063.4427916374357 20.315909675111705 111
1.0 0.0 0.0 1.0 0.0 0.0 0.98989898989899 1042.0798825546642 20.343649863038475 104
0.967032967032967 0.03296703296703297 0.0 0.9651162790697675 0.03488372093023256 0.0 0.6627906976744186 1078.9616519787537 18.908111970266724 91
0.9925373134328358 0.007462686567164179 0.0 1.0 0.0 0.0 0.7054263565891473 1061.0267132602523 19.45044818903735 134
1.0 0.0 0.0 1.0 0.0 0.0 0.7339449541284404 993.7407986001373 20.075764215622836 114
0.908256880733945 0.09174311926605505 0.0 0.9038461538461539 0.09615384615384616 0.0 0.6346153846153846 1086.1285907185888 20.00909601324264 109
0.990909090909091 0.00909090909090909 0.0 0.9904761904761905 0.009523809523809525 0.0 0.7714285714285715 1079.5684908466526 19.64045959931688 110
1.0 0.0 0.0 1.0 0.0 0.0 0.8 1077.325403470003 20.047550997833763 120
1.0 0.0 0.0 1.0 0.0 0.0 0.7171717171717171 1007.7754018096921 18.74064454782036 104
1.0 0.0 0.0 1.0 0.0 0.0 0.993103448275862 1066.7748368471266 19.11825553782847 150
1.0 0.0 0.0 1.0 0.0 0.0 0.0 1001.864649867195 17.524799439813446 187
1.0 0.0 0.0 1.0 0.0 0.0 0.8257575757575758 1034.7899483416818 18.869443719333685 137
0.9923664122137404 0.007633587786259542 0.0 0.9920634920634921 0.007936507936507936 0.0 0.6031746031746031 1087.3010753686174 20.307845328825586 131
0.9875776397515528 0.012422360248447204 0.0 0.9871794871794872 0.01282051282051282 0.0 0.5705128205128205 1086.2412284540917 18.522950535645226 161
1.0 0.0 0.0 1.0 0.0 0.0 0.8680555555555556 1048.0649839083255 18.585292124388328 149
1.0 0.0 0.0 1.0 0.0 0.0 0.7368421052631579 1062.4292292347602 20.79064818391544 100
0.9072164948453608 0.09278350515463918 0.0 0.9021739130434783 0.09782608695652174 0.0 0.6847826086956522 1087.3953901360135 20.71541024000503 97
0.9928571428571429 0.007142857142857143 0.0 0.9925925925925926 0.007407407407407408 0.0 0.762962962962963 1074.0058832276757 19.293458329733706 140
1.0 0.0 0.0 1.0 0.0 0.0 0.6448598130841121 1068.572250578096 19.155773256726793 112
0.9900990099009901 0.009900990099009901 0.0 0.9895833333333334 0.010416666666666666 0.0 0.7708333333333334 1056.8891170227441 18.99302616265165 101
1.0 0.0 0.0 1.0 0.0 0.0 0.8034188034188035 1074.0538526799155 20.19749285612804 122
0.9925925925925926 0.007407407407407408 0.0 0.9923076923076923 0.007692307692307693 0.0 0.823076923076923 1087.4218763227611 19.025813104509428 135
1.0 0.0 0.0 1.0 0.0 0.0 0.8433734939759037 1073.6862556659391 18.7363959458325 171
1.0 0.0 0.0 1.0 0.0 0.0 0.8333333333333334 1027.457565400605 21.039914390674706 113
0.9874213836477987 0.012578616352201259 0.0 0.987012987012987 0.012987012987012988 0.0 0.6948051948051948 1061.447859998793 17.091214428984433 159
1.0 0.0 0.0 1.0 0.0 0.0 0.8446601941747572 1005.0738531541527 19.340572159962356 108
0.992 0.008 0.0 0.9916666666666667 0.008333333333333333 0.0 0.48333333333333334 1081.6014324283499 19.845178863705016 125
1.0 0.0 0.0 1.0 0.0 0.0 0.8141592920353983 1079.605810842615 20.446661282853295 118
1.0 0.0 0.0 1.0 0.0 0.0 0.8173913043478261 1030.841820241667 20.20709800694892 120
1.0 0.0 0.0 1.0 0.0 0.0 0.888 1059.9264056993377 19.631536672883676 130
1.0 0.0 0.0 1.0 0.0 0.0 0.0 1034.8662223099057 17.894995738949785 177
0.9939393939393939 0.006060606060606061 0.0 0.99375 0.00625 0.0 0.63125 1043.6751106592048 17.555691498062263 165
0.9802631578947368 0.019736842105263157 0.0 0.9795918367346939 0.02040816326530612 0.0 0.7142857142857143 1075.7216498731223 18.132237724490334 152
1.0 0.0 0.0 1.0 0.0 0.0 0.8263888888888888 1056.3750858195358 18.132783681843343 149
1.0 0.0 0.0 1.0 0.0 0.0 0.6771653543307087 1061.792514115937 18.685163278298486 132
1.0 0.0 0.0 1.0 0.0 0.0 0.9666666666666667 1071.6923830023713 19.015601647882093 125
1.0 0.0 0.0 1.0 0.0 0.0 0.7416666666666667 1040.2952448592193 19.722910838792988 125
1.0 0.0 0.0 1.0 0.0 0.0 0.8666666666666667 1048.7493703347118 18.116234802303644 155
1.0 0.0 0.0 1.0 0.0 0.0 0.7849462365591398 1042.9288196378138 19.96185449674795 98
0.9861111111111112 0.013888888888888888 0.0 0.9856115107913669 0.014388489208633094 0.0 0.7338129496402878 1087.2099581370956 18.388919517874577 144
1.0 0.0 0.0 1.0 0.0 0.0 0.44715447154471544 1051.2910285758926 17.21503579244089 128
0.9758064516129032 0.024193548387096774 0.0 0.9747899159663865 0.025210084033613446 0.0 0.6554621848739496 1073.1735086513916 19.743627278883075 124
0.9936305732484076 0.006369426751592357 0.0 0.993421052631579 0.006578947368421052 0.0 0.7171052631578947 1087.386162889976 18.05354677443754 157
0.9823529411764705 0.01764705882352941 0.0 0.9818181818181818 0.01818181818181818 0.0 0.8121212121212121 1083.1216334354692 17.822379994161665 170
1.0 0.0 0.0 1.0 0.0 0.0 0.8068965517241379 1064.9812810524832 18.75369993083417 150
1.0 0.0 0.0 1.0 0.0 0.0 0.6764705882352942 1038.993536789107 19.12129414406877 141
1.0 0.0 0.0 1.0 0.0 0.0 0.794392523364486 1035.3088361067712 20.08793807112784 112
0.9838709677419355 0.016129032258064516 0.0 0.9831932773109243 0.01680672268907563 0.0 0.680672268907563 1086.5210548779223 19.533427844736355 124
0.9933774834437086 0.006622516556291391 0.0 0.9931506849315068 0.00684931506849315 0.0 0.8424657534246576 1077.690181111654 18.802179596158577 151
1.0 0.0 0.0 1.0 0.0 0.0 0.7547169811320755 1064.5733992496803 20.49954456744161 111
0.9933774834437086 0.006622516556291391 0.0 0.9931506849315068 0.00684931506849315 0.0 0.636986301369863 1083.542113139405 18.56977637054262 151
1.0 0.0 0.0 1.0 0.0 0.0 0.5 1008.2632011343145 19.25741877628714 119
1.0 0.0 0.0 1.0 0.0 0.0 0.6148648648648649 1060.4955781990645 18.295327388248378 153
1.0 0.0 0.0 1.0 0.0 0.0 0.9571428571428572 1071.611610227116 18.555495146474026 145
1.0 0.0 0.0 1.0 0.0 0.0 0.7868852459016393 1062.6533424027461 19.612377710777125 127
0.9642857142857143 0.03571428571428571 0.0 0.9626168224299065 0.037383177570093455 0.0 0.5420560747663551 1072.2039194127053 18.841286814318092 112
1.0 0.0 0.0 1.0 0.0 0.0 0.9298245614035088 949.4859168283386 20.22132321931388 119
1.0 0.0 0.0 1.0 0.0 0.0 0.7985611510791367 1055.3030057969643 18.443967290817042 144
1.0 0.0 0.0 1.0 0.0 0.0 0.7256637168141593 1069.0443736696488 19.99166871911231 118
1.0 0.0 0.0 1.0 0.0 0.0 0.7299270072992701 1048.9704624839394 18.724795554369635 142
1.0 0.0 0.0 1.0 0.0 0.0 0.9777777777777777 1084.4542052458823 20.535077952808905 95
1.0 0.0 0.0 1.0 0.0 0.0 0.896551724137931 1071.1910867734625 18.420005394600775 150
1.0 0.0 0.0 1.0 0.0 0.0 0.9072164948453608 1084.7942186165144 20.56267963951032 102
1.0 0.0 0.0 1.0 0.0 0.0 0.7586206896551724 1031.6705181574548 18.079896820938178 121
1.0 0.0 0.0 1.0 0.0 0.0 0.8409090909090909 1027.6267039584982 20.21059905757802 137
0.990909090909091 0.00909090909090909 0.0 0.9904761904761905 0.009523809523809525 0.0 0.9333333333333333 1030.453088031735 20.2112681087527 110
0.9769230769230769 0.023076923076923078 0.0 0.976 0.024 0.0 0.784 1087.4662135640642 18.95580634980668 130
0.9824561403508771 0.017543859649122806 0.0 0.981651376146789 0.01834862385321101 0.0 0.6422018348623854 1085.8087574486626 18.948776476360013 114
0.9936708860759493 0.006329113924050633 0.0 0.9934640522875817 0.006535947712418301 0.0 0.5882352941176471 1072.6651279310222 18.46494170707222 158
1.0 0.0 0.0 1.0 0.0 0.0 0.746031746031746 1079.5287509816876 19.074460644029024 131
1.0 0.0 0.0 1.0 0.0 0.0 0.6171875 1052.5233827198329 18.62142538474761 133
1.0 0.0 0.0 1.0 0.0 0.0 0.77 1073.662183055838 20.778018842180384 105
1.0 0.0 0.0 1.0 0.0 0.0 0.6407766990291263 1059.8148958889728 19.687207969646717 108
1.0 0.0 0.0 1.0 0.0 0.0 0.7868852459016393 1067.3984757173696 20.565638528953397 127
1.0 0.0 0.0 1.0 0.0 0.0 0.6016260162601627 1061.8341112710302 19.31964900131892 128
1.0 0.0 0.0 1.0 0.0 0.0 0.7090909090909091 1048.586794976022 20.363378655357078 115
1.0 0.0 0.0 1.0 0.0 0.0 0.7075471698113207 1087.091507596394 20.30732926354883 111
1.0 0.0 0.0 1.0 0.0 0.0 0.7796610169491526 1038.6903378163984 18.097782275194618 123
0.9813084112149533 0.018691588785046728 0.0 0.9803921568627451 0.0196078431372549 0.0 0.7450980392156863 1087.07383140893 20.024505902829308 107
1.0 0.0 0.0 1.0 0.0 0.0 0.628099173553719 1052.6856927715314 19.77087055693229 126
1.0 0.0 0.0 1.0 0.0 0.0 0.8916666666666667 1064.7429053767835 19.361018972096094 125
0.9245283018867925 0.07547169811320754 0.0 0.9207920792079208 0.07920792079207921 0.0 0.8217821782178217 1087.1365096120144 19.132218016610572 106
1.0 0.0 0.0 1.0 0.0 0.0 0.0 1072.4065522573799 17.834055501738895 182
1.0 0.0 0.0 1.0 0.0 0.0 0.005813953488372093 1046.271972699062 17.879113203133887 177
1.0 0.0 0.0 1.0 0.0 0.0 0.6055045871559633 1073.2083134757358 19.453377105181055 114
0.9777777777777777 0.022222222222222223 0.0 0.9769230769230769 0.023076923076923078 0.0 0.6615384615384615 1081.779340865667 19.14350104869522 135
0.975609756097561 0.024390243902439025 0.0 0.9745762711864406 0.025423728813559324 0.0 0.788135593220339 1086.3691830874022 20.32120887719664 123
1.0 0.0 0.0 1.0 0.0 0.0 1.0 1053.232225779663 19.333268571114573 114
1.0 0.0 0.0 1.0 0.0 0.0 0.7435897435897436 1084.8303890533423 20.018150751451493 122
1.0 0.0 0.0 1.0 0.0 0.0 0.7207207207207207 1075.948622690458 20.166696469353308 116
0.9928057553956835 0.007194244604316547 0.0 0.9925373134328358 0.007462686567164179 0.0 0.6194029850746269 1087.427991214902 19.32364485375094 139
1.0 0.0 0.0 1.0 0.0 0.0 0.7586206896551724 1081.998831237618 19.0672313910567 150
1.0 0.0 0.0 1.0 0.0 0.0 0.4827586206896552 1046.6765014353757 19.679582803264193 121
1.0 0.0 0.0 1.0 0.0 0.0 0.7857142857142857 1059.0261968272562 20.339770836974143 103
0.9927007299270073 0.0072992700729927005 0.0 0.9924242424242424 0.007575757575757576 0.0 0.5151515151515151 1079.745822639453 19.516225096182477 137
0.9935064935064936 0.006493506493506494 0.0 0.9932885906040269 0.006711409395973154 0.0 0.5906040268456376 1053.3129885839264 18.22308843980401 154
1.0 0.0 0.0 1.0 0.0 0.0 0.5118110236220472 992.7967423080895 18.48755006876954 132
0.9781021897810219 0.021897810218978103 0.0 0.9772727272727273 0.022727272727272728 0.0 0.8106060606060606 1080.0344051140887 20.769262732926837 137
0.9923076923076923 0.007692307692307693 0.0 0.992 0.008 0.0 0.68 1072.4387745309305 19.60436794276218 130
0.9485294117647058 0.051470588235294115 0.0 0.9465648854961832 0.05343511450381679 0.0 0.8931297709923665 1087.4017596756357 19.27041967404161 136
0.9815950920245399 0.018404907975460124 0.0 0.9810126582278481 0.0189873417721519 0.0 0.5253164556962026 1086.7743657759718 18.57402066431691 163
1.0 0.0 0.0 1.0 0.0 0.0 0.6739130434782609 984.7476393045927 20.670361019632608 97
1.0 0.0 0.0 1.0 0.0 0.0 0.6766917293233082 1060.6738898791066 18.833684497056716 138
0.993421052631579 0.006578947368421052 0.0 0.9931972789115646 0.006802721088435374 0.0 0.782312925170068 1087.3869581794825 19.577829546656936 152
0.9745762711864406 0.025423728813559324 0.0 0.9734513274336283 0.02654867256637168 0.0 0.831858407079646 1085.9602571917594 19.82167727530006 118
0.9818181818181818 0.01818181818181818 0.0 0.9875 0.0125 0.0 0.8125 1078.8631694906423 17.9959991543207 165
0.9913793103448276 0.008620689655172414 0.0 0.990990990990991 0.009009009009009009 0.0 0.7747747747747747 1069.1087612185222 18.81023335071064 116
1.0 0.0 0.0 1.0 0.0 0.0 0.896 1044.041022053617 19.472422815928656 130
1.0 0.0 0.0 1.0 0.0 0.0 0.7976878612716763 1036.8723282380872 16.99992772580324 178
1.0 0.0 0.0 1.0 0.0 0.0 0.693069306930693 1066.5178021794356 19.33615099761318 106
1.0 0.0 0.0 1.0 0.0 0.0 0.6090225563909775 1067.7782873909266 19.164393499150375 138
1.0 0.0 0.0 1.0 0.0 0.0 0.6698113207547169 1067.8675335608245 20.83138453002795 111
1.0 0.0 0.0 1.0 0.0 0.0 0.9420289855072463 1032.639234633908 22.282356612173032 74
1.0 0.0 0.0 1.0 0.0 0.0 0.5 1071.285290861065 20.37750484400752 111
0.9939759036144579 0.006024096385542169 0.0 0.9937888198757764 0.006211180124223602 0.0 0.6211180124223602 1064.1206199832393 19.339892886521703 166
0.9883040935672515 0.011695906432748537 0.0 0.9879518072289156 0.012048192771084338 0.0 0.7289156626506024 1077.246320312267 18.323789381760943 171
0.9758064516129032 0.024193548387096774 0.0 0.9747899159663865 0.025210084033613446 0.0 0.5798319327731093 1077.6742443752735 19.16316447402961 124
0.9913793103448276 0.008620689655172414 0.0 0.990990990990991 0.009009009009009009 0.0 0.9099099099099099 1082.2708706045996 19.547795940930982 116
1.0 0.0 0.0 1.0 0.0 0.0 0.7142857142857143 1012.1007932467197 21.732950086956667 96
1.0 0.0 0.0 1.0 0.0 0.0 0.782608695652174 1019.7887196054837 19.47671233121859 120
0.9921259842519685 0.007874015748031496 0.0 0.9918032786885246 0.00819672131147541 0.0 0.5409836065573771 1075.0890215695601 19.907266305286015 127
1.0 0.0 0.0 1.0 0.0 0.0 0.4632352941176471 1074.211549161851 18.825504986584242 141
1.0 0.0 0.0 1.0 0.0 0.0 0.7851239669421488 1082.2761730810892 19.57509570736041 126
1.0 0.0 0.0 1.0 0.0 0.0 0.6947368421052632 1076.3562391418952 21.499080548374376 100
0.9586776859504132 0.04132231404958678 0.0 0.9568965517241379 0.04310344827586207 0.0 0.6637931034482759 1087.2623265593388 20.168947073910555 121
1.0 0.0 0.0 1.0 0.0 0.0 0.6910569105691057 1056.2088516689146 18.96112910778732 128
0.990990990990991 0.009009009009009009 0.0 0.9905660377358491 0.009433962264150943 0.0 0.8113207547169812 1086.7000247743408 20.93291708895151 111
0.9722222222222222 0.027777777777777776 0.0 0.9712230215827338 0.02877697841726619 0.0 0.7338129496402878 1087.4857058321102 19.12304824322428 144
1.0 0.0 0.0 1.0 0.0 0.0 0.8299319727891157 1087.1368549539425 18.444009867896433 152
0.9831932773109243 0.01680672268907563 0.0 0.9824561403508771 0.017543859649122806 0.0 0.7894736842105263 1086.1238749834004 19.79353245109366 119
0.972027972027972 0.027972027972027972 0.0 0.9710144927536232 0.028985507246376812 0.0 0.6594202898550725 1080.0374741737191 19.559774366260157 143
1.0 0.0 0.0 1.0 0.0 0.0 0.7697841726618705 1041.5957853777468 17.890214653445884 144
1.0 0.0 0.0 1.0 0.0 0.0 0.6223776223776224 988.4436505817984 18.29391139094191 148
0.9936305732484076 0.006369426751592357 0.0 0.993421052631579 0.006578947368421052 0.0 0.6973684210526315 1059.9842366476764 18.721988483422706 157
1.0 0.0 0.0 1.0 0.0 0.0 0.6 1028.6407458025099 18.132188989532054 165
0.9682539682539683 0.031746031746031744 0.0 0.9669421487603306 0.03305785123966942 0.0 0.7107438016528925 1072.0115868751893 19.429621340357457 126
1.0 0.0 0.0 1.0 0.0 0.0 0.7368421052631579 1085.8746493746225 20.100491577352216 119
0.9934640522875817 0.006535947712418301 0.0 0.9932432432432432 0.006756756756756757 0.0 0.5878378378378378 1079.0855990316438 18.647626453676637 153
1.0 0.0 0.0 1.0 0.0 0.0 0.8380952380952381 1045.7574098717412 19.319891891114764 110
1.0 0.0 0.0 1.0 0.0 0.0 0.7425742574257426 1049.9161474594882 20.085779812984487 106
1.0 0.0 0.0 1.0 0.0 0.0 0.6311475409836066 1069.8116977648106 18.860728375592746 127
1.0 0.0 0.0 1.0 0.0 0.0 0.9019607843137255 1028.1244690893004 19.71425667540504 107
0.9732142857142857 0.026785714285714284 0.0 0.9719626168224299 0.028037383177570093 0.0 0.7850467289719626 1086.6118588651414 19.479157343219253 112
0.9863013698630136 0.0136986301369863 0.0 0.9858156028368794 0.014184397163120567 0.0 0.7801418439716312 1077.8453782348163 19.21819937456068 146
1.0 0.0 0.0 1.0 0.0 0.0 0.7299270072992701 1086.4027335247822 19.0250242945672 142
0.9712643678160919 0.028735632183908046 0.0 0.9704142011834319 0.029585798816568046 0.0 0.7633136094674556 1087.434435455591 18.574809627475464 174
1.0 0.0 0.0 1.0 0.0 0.0 0.6413793103448275 1040.005247202414 18.029369787411856 150
0.9743589743589743 0.02564102564102564 0.0 0.9732142857142857 0.026785714285714284 0.0 0.5446428571428571 1086.350877786985 18.682337958391077 117
1.0 0.0 0.0 1.0 0.0 0.0 0.8434782608695652 1028.5192627393274 19.33642831561233 120
1.0 0.0 0.0 1.0 0.0 0.0 0.4406779661016949 1085.507431797349 19.390857355552363 123
0.9942196531791907 0.005780346820809248 0.0 0.9940476190476191 0.005952380952380952 0.0 0.6071428571428571 1086.2805324250423 18.04687252796506 173
1.0 0.0 0.0 1.0 0.0 0.0 0.7047619047619048 1061.0266106353645 18.68643022064953 110
1.0 0.0 0.0 1.0 0.0 0.0 0.8367346938775511 1087.0634572965614 19.58739417492017 103
1.0 0.0 0.0 1.0 0.0 0.0 0.8506493506493507 1008.3853204632092 17.108346633380098 159
1.0 0.0 0.0 1.0 0.0 0.0 0.6984126984126984 1061.7079926383253 19.156705950063394 131
1.0 0.0 0.0 1.0 0.0 0.0 0.562962962962963 974.7228433866377 18.658986900272662 140
0.9938271604938271 0.006172839506172839 0.0 0.9936305732484076 0.006369426751592357 0.0 0.6815286624203821 1086.540050225553 17.971371518756026 162
1.0 0.0 0.0 1.0 0.0 0.0 0.7908496732026143 1025.0570337352449 18.312219281836015 158
1.0 0.0 0.0 1.0 0.0 0.0 0.7037037037037037 1076.6107846398118 18.953134883590476 140
1.0 0.0 0.0 1.0 0.0 0.0 0.9743589743589743 1072.0836531544173 22.59893561801576 83
1.0 0.0 0.0 1.0 0.0 0.0 0.9379310344827586 1046.4557198157431 17.522567696923463 150
0.928 0.072 0.0 0.925 0.075 0.0 0.6833333333333333 1087.4261318541014 18.887753787629666 125
1.0 0.0 0.0 1.0 0.0 0.0 0.6083333333333333 1067.0126790741228 19.676282146111365 125
1.0 0.0 0.0 1.0 0.0 0.0 0.875 998.7092852750679 22.047437217303134 77
0.9655172413793104 0.034482758620689655 0.0 0.9642857142857143 0.03571428571428571 0.0 0.7571428571428571 1086.8489219222556 18.898349051578865 145
1.0 0.0 0.0 1.0 0.0 0.0 0.7225433526011561 1054.4524380194675 17.832924816697563 178
1.0 0.0 0.0 1.0 0.0 0.0 0.9824561403508771 1057.8666793904135 18.343318014301044 119
1.0 0.0 0.0 1.0 0.0 0.0 0.9387755102040817 1077.0818254291876 21.887718775903764 103
1.0 0.0 0.0 1.0 0.0 0.0 0.73 1072.3433663868932 20.566000275056368 105
1.0 0.0 0.0 1.0 0.0 0.0 0.9056603773584906 1055.0008592178406 20.341977198377705 111
0.9913793103448276 0.008620689655172414 0.0 0.990990990990991 0.009009009009009009 0.0 0.7297297297297297 1073.6124712914907 19.92606572259739 116
1.0 0.0 0.0 1.0 0.0 0.0 0.0 1029.2174109064174 17.939856703253444 185
0.9869281045751634 0.013071895424836602 0.0 0.9864864864864865 0.013513513513513514 0.0 0.8378378378378378 1070.640656917698 19.337136779990466 153
1.0 0.0 0.0 1.0 0.0 0.0 0.9743589743589743 1073.7435742183004 21.099793451084555 83
1.0 0.0 0.0 1.0 0.0 0.0 0.7328767123287672 1071.5842638007223 17.723414002350115 151
0.9918032786885246 0.00819672131147541 0.0 0.9914529914529915 0.008547008547008548 0.0 0.6752136752136753 1073.0957199727563 19.725925359925068 122
1.0 0.0 0.0 1.0 0.0 0.0 0.6587301587301587 1026.0792682428291 18.434523449679723 131
1.0 0.0 0.0 1.0 0.0 0.0 0.7083333333333334 1065.6760769320226 18.841882923212985 125
1.0 0.0 0.0 1.0 0.0 0.0 0.782608695652174 1081.814403382362 18.934451909542076 143
1.0 0.0 0.0 1.0 0.0 0.0 0.8048780487804879 1062.8042056446966 19.309608190331325 128
0.9782608695652174 0.021739130434782608 0.0 0.9774436090225563 0.022556390977443608 0.0 0.7969924812030075 1068.5307790354711 18.769245322214786 138
0.9847328244274809 0.015267175572519083 0.0 0.9841269841269841 0.015873015873015872 0.0 0.5238095238095238 1068.4621395765978 18.401869370426486 131
0.9937888198757764 0.006211180124223602 0.0 0.9935897435897436 0.00641025641025641 0.0 0.8717948717948718 1045.0961795612805 18.872834255312817 161
0.9941860465116279 0.005813953488372093 0.0 0.9940119760479041 0.005988023952095809 0.0 0.7425149700598802 1087.0097749226784 17.680827348703506 172
1.0 0.0 0.0 1.0 0.0 0.0 0.49019607843137253 1030.1409523289578 17.93489720032272 158
0.9752066115702479 0.024793388429752067 0.0 0.9741379310344828 0.02586206896551724 0.0 0.8189655172413793 1085.6131033549693 19.502938618351177 121
1.0 0.0 0.0 1.0 0.0 0.0 0.8 1046.3990366704036 20.174245919635023 105
1.0 0.0 0.0 1.0 0.0 0.0 0.5877192982456141 1048.7102686154062 19.64736782257875 119
0.9893617021276596 0.010638297872340425 0.0 0.9887640449438202 0.011235955056179775 0.0 0.7303370786516854 1087.3146116162825 18.726704911407914 94
1.0 0.0 0.0 1.0 0.0 0.0 0.7663551401869159 1068.742689225447 19.463296809286764 112
1.0 0.0 0.0 1.0 0.0 0.0 0.8454545454545455 1050.618620048588 20.340276630108864 115
1.0 0.0 0.0 1.0 0.0 0.0 0.6592592592592592 1011.4617588642697 19.216276239436695 140
0.9939759036144579 0.006024096385542169 0.0 0.9937888198757764 0.006211180124223602 0.0 0.8695652173913043 1080.5383722020213 17.191199214972276 166
1.0 0.0 0.0 1.0 0.0 0.0 0.9270833333333334 1024.0117253519816 21.690853010945897 101
1.0 0.0 0.0 1.0 0.0 0.0 0.7416666666666667 1082.113704639071 19.486898518308713 125
1.0 0.0 0.0 1.0 0.0 0.0 0.776 1039.5648479998613 19.23511707782762 130
1.0 0.0 0.0 1.0 0.0 0.0 0.6515151515151515 1071.1756580607682 18.716120778882342 137
1.0 0.0 0.0 1.0 0.0 0.0 0.9006211180124224 1068.8635731220256 19.284599299403034 166
0.9915254237288136 0.00847457627118644 0.0 0.9911504424778761 0.008849557522123894 0.0 0.5752212389380531 1086.5116344334813 19.626297334848122 118
1.0 0.0 0.0 1.0 0.0 0.0 0.9578947368421052 1078.049358978132 20.367678113630653 100
1.0 0.0 0.0 1.0 0.0 0.0 0.6979166666666666 1031.0642795741555 21.726246186586817 101
1.0 0.0 0.0 1.0 0.0 0.0 0.0 1067.3899515026494 17.857274939745178 195
1.0 0.0 0.0 1.0 0.0 0.0 0.7076923076923077 1028.9161490635352 19.172954779381588 135
1.0 0.0 0.0 1.0 0.0 0.0 0.6588235294117647 1047.0784963246897 21.044466342447794 90
1.0 0.0 0.0 1.0 0.0 0.0 0.7446808510638298 1060.3556127665097 18.066115273213086 146
1.0 0.0 0.0 1.0 0.0 0.0 0.6851851851851852 1068.9442044285804 19.46303320344024 113
0.9868421052631579 0.013157894736842105 0.0 0.9863945578231292 0.013605442176870748 0.0 0.5782312925170068 1067.4507383079724 17.46410454004466 152
0.9919354838709677 0.008064516129032258 0.0 0.9915966386554622 0.008403361344537815 0.0 0.7058823529411765 1082.6336830494463 20.132892286964317 124
1.0 0.0 0.0 1.0 0.0 0.0 0.9166666666666666 1042.3188028333511 19.96134095442111 89
1.0 0.0 0.0 1.0 0.0 0.0 0.921875 1066.3737902919124 20.296645911701525 133
1.0 0.0 0.0 1.0 0.0 0.0 0.5363636363636364 978.6027234269553 19.997452962462596 115
1.0 0.0 0.0 1.0 0.0 0.0 0.8802816901408451 1054.1770074579306 17.64751449626939 147
1.0 0.0 0.0 1.0 0.0 0.0 0.6224489795918368 1071.1146701183486 19.797970721681658 103
1.0 0.0 0.0 1.0 0.0 0.0 0.8837209302325582 1077.5793458288626 19.876551665517805 134
1.0 0.0 0.0 1.0 0.0 0.0 0.959731543624161 1067.650046036193 18.31099011726821 154
1.0 0.0 0.0 1.0 0.0 0.0 0.5648854961832062 1021.7210059217348 19.161726978096404 136
0.9927007299270073 0.0072992700729927005 0.0 0.9924242424242424 0.007575757575757576 0.0 0.696969696969697 1079.1991898434876 19.035459614735217 137
1.0 0.0 0.0 1.0 0.0 0.0 0.8333333333333334 1085.9722592298017 20.443327462750112 113
1.0 0.0 0.0 1.0 0.0 0.0 0.703125 1058.137309385182 19.365762534431653 133
0.9904761904761905 0.009523809523809525 0.0 0.99 0.01 0.0 0.5 1070.2267434084881 18.40068994566499 105
0.9928057553956835 0.007194244604316547 0.0 0.9925373134328358 0.007462686567164179 0.0 0.6716417910447762 1058.5563402679911 19.39057174341443 139
1.0 0.0 0.0 1.0 0.0 0.0 0.4899328859060403 1005.0255434911987 17.95201428811495 154
0.9794520547945206 0.02054794520547945 0.0 0.9787234042553191 0.02127659574468085 0.0 0.723404255319149 1087.2181207360643 18.16463530075042 146
1.0 0.0 0.0 1.0 0.0 0.0 0.7716535433070866 1075.4188699688902 18.333123429007383 132
1.0 0.0 0.0 1.0 0.0 0.0 0.8818897637795275 1060.385301230274 19.973879295490114 132
0.9942196531791907 0.005780346820809248 0.0 0.9940476190476191 0.005952380952380952 0.0 0.7202380952380952 1073.4039968879545 17.94096231338439 173
0.948051948051948 0.05194805194805195 0.0 0.9530201342281879 0.04697986577181208 0.0 0.7315436241610739 1086.8934267736036 19.008662757241357 154
1.0 0.0 0.0 1.0 0.0 0.0 0.5454545454545454 1037.0304201745191 19.036772302906243 137
1.0 0.0 0.0 1.0 0.0 0.0 0.7246376811594203 1080.6532251916578 18.387050954586904 143
0.9926470588235294 0.007352941176470588 0.0 0.9923664122137404 0.007633587786259542 0.0 0.5954198473282443 1066.082601025636 18.36890187537017 136
1.0 0.0 0.0 1.0 0.0 0.0 0.9038461538461539 1059.245488786023 20.06316230954993 109
0.9911504424778761 0.008849557522123894 0.0 0.9907407407407407 0.009259259259259259 0.0 0.7685185185185185 1084.9356662613945 20.466260735258942 113
0.9848484848484849 0.015151515151515152 0.0 0.984251968503937 0.015748031496062992 0.0 0.7401574803149606 1086.4359845819881 18.916622799337212 132
0.9922480620155039 0.007751937984496124 0.0 0.9919354838709677 0.008064516129032258 0.0 0.5483870967741935 1087.2918257412941 18.466027444768134 129
1.0 0.0 0.0 1.0 0.0 0.0 0.7954545454545454 1066.8139393086321 18.752772583102338 137
1.0 0.0 0.0 1.0 0.0 0.0 0.5982142857142857 1065.392528149462 19.270886656222096 117
1.0 0.0 0.0 1.0 0.0 0.0 0.6551724137931034 1087.3545611105885 18.453325134646544 150
1.0 0.0 0.0 1.0 0.0 0.0 0.5657142857142857 1034.3990585771176 17.37625978928926 180
1.0 0.0 0.0 1.0 0.0 0.0 0.7452830188679245 1049.8682686124107 20.203045141274252 111
1.0 0.0 0.0 1.0 0.0 0.0 0.9759036144578314 1074.0468112003946 23.683310705747523 88
1.0 0.0 0.0 1.0 0.0 0.0 0.7033898305084746 1082.3045229609459 19.205396513997922 123
0.9626865671641791 0.03731343283582089 0.0 0.9612403100775194 0.03875968992248062 0.0 0.689922480620155 1087.438564994832 19.361072497080848 134
0.9776119402985075 0.022388059701492536 0.0 0.9767441860465116 0.023255813953488372 0.0 0.6046511627906976 1085.8603514974325 18.509598473519247 134
0.9904761904761905 0.009523809523809525 0.0 0.99 0.01 0.0 0.72 1087.437645894285 20.43055018264103 105
1.0 0.0 0.0 1.0 0.0 0.0 0.46296296296296297 1056.05326710129 20.557145602865504 113
1.0 0.0 0.0 1.0 0.0 0.0 0.7194244604316546 1087.3042500975941 19.19344923956018 144
0.9925925925925926 0.007407407407407408 0.0 0.9923076923076923 0.007692307692307693 0.0 0.7615384615384615 1022.5903254827819 19.10891089039107 135
1.0 0.0 0.0 1.0 0.0 0.0 0.6605504587155964 1051.215077461035 19.284847483874515 114
0.9777777777777777 0.022222222222222223 0.0 0.9769230769230769 0.023076923076923078 0.0 0.6846153846153846 1086.451323951701 19.97978380272441 135
0.9943820224719101 0.0056179775280898875 0.0 0.9942196531791907 0.005780346820809248 0.0 0.5838150289017341 1081.3844090717412 18.997371610552744 178
0.9914529914529915 0.008547008547008548 0.0 0.9910714285714286 0.008928571428571428 0.0 0.7857142857142857 1087.3401033207306 19.57154325943754 117
1.0 0.0 0.0 1.0 0.0 0.0 0.8222222222222222 1041.2071063006063 19.643106249942583 140
1.0 0.0 0.0 1.0 0.0 0.0 0.6956521739130435 1064.8903741010154 19.101035627215953 143
0.9915254237288136 0.00847457627118644 0.0 0.9911504424778761 0.008849557522123894 0.0 0.7345132743362832 1077.5900924088892 19.624375460913964 118
1.0 0.0 0.0 1.0 0.0 0.0 0.9777777777777777 1032.5986290618887 20.940432109058317 95
0.967741935483871 0.03225806451612903 0.0 0.9663865546218487 0.03361344537815126 0.0 0.5882352941176471 1083.0215100133837 19.394168004404474 124
0.9830508474576272 0.01694915254237288 0.0 0.9823008849557522 0.017699115044247787 0.0 0.7876106194690266 1061.9893930165092 20.105766044423778 118
0.9927007299270073 0.0072992700729927005 0.0 0.9924242424242424 0.007575757575757576 0.0 0.9848484848484849 1084.4387309751853 19.953879414966472 137
1.0 0.0 0.0 1.0 0.0 0.0 0.6116504854368932 1065.2960236744916 19.462430035543353 108
1.0 0.0 0.0 1.0 0.0 0.0 0.5125 1035.7681901987755 17.561378159944084 165
0.9757575757575757 0.024242424242424242 0.0 0.975 0.025 0.0 0.84375 1086.776544205342 18.877262475254863 165
0.96875 0.03125 0.0 0.967032967032967 0.03296703296703297 0.0 0.6593406593406593 1079.193653593247 21.597144158599665 96
0.9363057324840764 0.06369426751592357 0.0 0.9342105263157895 0.06578947368421052 0.0 0.7039473684210527 1087.4452851875533 18.37134563162609 157
1.0 0.0 0.0 1.0 0.0 0.0 0.9807692307692307 903.0641557908791 19.856487152883354 109
0.9754098360655737 0.02459016393442623 0.0 0.9743589743589743 0.02564102564102564 0.0 0.6410256410256411 1086.2806094270738 18.910841093719437 122
0.972972972972973 0.02702702702702703 0.0 0.9716981132075472 0.02830188679245283 0.0 0.5471698113207547 1086.9200939375967 20.54114282849514 111
0.972972972972973 0.02702702702702703 0.0 0.9811320754716981 0.018867924528301886 0.0 0.6698113207547169 1086.4100089397414 19.428899899759283 111
1.0 0.0 0.0 1.0 0.0 0.0 0.7294117647058823 1058.0617758867538 18.296595331536786 175
1.0 0.0 0.0 1.0 0.0 0.0 0.6170212765957447 1065.740031252123 18.576002626941133 146
0.9851851851851852 0.014814814814814815 0.0 0.9846153846153847 0.015384615384615385 0.0 0.8076923076923077 1063.5188345801737 18.226050685987722 135
1.0 0.0 0.0 1.0 0.0 0.0 0.7664233576642335 1087.223435469317 19.133074696274598 142
0.9923076923076923 0.007692307692307693 0.0 0.992 0.008 0.0 0.648 1087.3906220436356 18.669197783693235 130
1.0 0.0 0.0 1.0 0.0 0.0 0.7142857142857143 1073.614772293568 19.72155944614348 117
1.0 0.0 0.0 1.0 0.0 0.0 1.0 885.3989821534656 20.501591818894145 95
1.0 0.0 0.0 1.0 0.0 0.0 0.4267515923566879 1087.3873259586655 18.166970571811483 162
0.9318181818181818 0.06818181818181818 0.0 0.9291338582677166 0.07086614173228346 0.0 0.5039370078740157 1087.306331535928 18.05525967344594 132
1.0 0.0 0.0 1.0 0.0 0.0 0.7608695652173914 1051.0405667864577 18.880080096337828 143
0.9904761904761905 0.009523809523809525 0.0 0.99 0.01 0.0 0.66 1085.114821488452 20.903032809434947 105
0.9810126582278481 0.0189873417721519 0.0 0.9803921568627451 0.0196078431372549 0.0 0.6339869281045751 1087.4355770079512 18.09510946033872 158
1.0 0.0 0.0 1.0 0.0 0.0 0.5987654320987654 1057.001701873246 17.87704635325978 167
1.0 0.0 0.0 1.0 0.0 0.0 0.7863247863247863 1051.8378010963518 19.15314800640647 122
0.9655172413793104 0.034482758620689655 0.0 0.9646464646464646 0.03535353535353535 0.0 0.8585858585858586 1087.454122270848 17.79930076431372 203
0.9606299212598425 0.03937007874015748 0.0 0.9590163934426229 0.040983606557377046 0.0 0.8770491803278688 1083.626106226458 20.129324868765796 127
1.0 0.0 0.0 1.0 0.0 0.0 0.6063829787234043 1064.1882490265525 20.38751133340196 99
1.0 0.0 0.0 1.0 0.0 0.0 0.746031746031746 1066.0070935320025 17.978218666995698 131
1.0 0.0 0.0 1.0 0.0 0.0 0.8661417322834646 1032.2113406777569 19.119243530284784 132
1.0 0.0 0.0 1.0 0.0 0.0 0.9166666666666666 1073.7022520980752 20.583162748909633 101
1.0 0.0 0.0 1.0 0.0 0.0 0.9426229508196722 952.2776999348902 19.822115948528744 127
1.0 0.0 0.0 1.0 0.0 0.0 0.865979381443299 1042.9922629371176 20.898537701756787 102
1.0 0.0 0.0 1.0 0.0 0.0 0.7674418604651163 1080.554692546049 21.934048399929086 91
0.9883040935672515 0.011695906432748537 0.0 0.9879518072289156 0.012048192771084338 0.0 0.5843373493975904 1063.5058957079598 18.282226710937657 171
0.9906542056074766 0.009345794392523364 0.0 0.9901960784313726 0.00980392156862745 0.0 0.7843137254901961 1087.3042338209923 20.136314947174103 107
0.9784172661870504 0.02158273381294964 0.0 0.9776119402985075 0.022388059701492536 0.0 0.7313432835820896 1087.4880127037084 19.49597790491209 139
1.0 0.0 0.0 1.0 0.0 0.0 0.7410071942446043 1071.4617468600109 18.807029642545107 144
1.0 0.0 0.0 1.0 0.0 0.0 0.7883211678832117 1059.1312653707823 18.786605106592347 142
1.0 0.0 0.0 1.0 0.0 0.0 0.6722689075630253 1043.6694600725202 18.305987870622324 124
1.0 0.0 0.0 1.0 0.0 0.0 0.7014925373134329 1012.912537281229 18.859630775386258 139
0.957983193277311 0.04201680672268908 0.0 0.956140350877193 0.043859649122807015 0.0 0.5964912280701754 1086.1323378425047 20.06637567938773 119
1.0 0.0 0.0 1.0 0.0 0.0 0.7792207792207793 1060.701342834998 18.251003573720517 159
1.0 0.0 0.0 1.0 0.0 0.0 0.7410071942446043 1086.281866355481 19.184202080875977 144
1.0 0.0 0.0 1.0 0.0 0.0 0.6991150442477876 1013.2672346571081 18.900826496511044 118
0.9917355371900827 0.008264462809917356 0.0 0.9913793103448276 0.008620689655172414 0.0 0.6120689655172413 1064.2402107168136 18.813243610882132 121
0.9908256880733946 0.009174311926605505 0.0 0.9903846153846154 0.009615384615384616 0.0 0.7211538461538461 1078.4071908065519 18.571757442481328 109
1.0 0.0 0.0 1.0 0.0 0.0 0.7747747747747747 1003.3079175224375 19.024492694322547 116
0.9927536231884058 0.007246376811594203 0.0 0.9924812030075187 0.007518796992481203 0.0 0.8872180451127819 1084.1871054200203 18.508717723007763 138
0.9727891156462585 0.027210884353741496 0.0 0.971830985915493 0.028169014084507043 0.0 0.647887323943662 1087.3123204393767 18.897408607104477 147
0.9596774193548387 0.04032258064516129 0.0 0.957983193277311 0.04201680672268908 0.0 0.6638655462184874 1087.4586693739002 19.08420089277375 124
1.0 0.0 0.0 1.0 0.0 0.0 0.9473684210526315 1019.0648898006352 20.701159161781028 100
1.0 0.0 0.0 1.0 0.0 0.0 0.8058252427184466 1024.3859515701752 20.28634898507568 108
