0.956140350877193 0.043859649122807015 0.0 0.9541284403669725 0.045871559633027525 0.0 0.6146788990825688 1043.2289498705911 20.20529574889049 114
0.9781021897810219 0.021897810218978103 0.0 0.9772727272727273 0.022727272727272728 0.0 0.8106060606060606 1084.5925068635268 20.480783565461234 137
0.9430379746835443 0.056962025316455694 0.0 0.9411764705882353 0.058823529411764705 0.0 0.6013071895424836 1087.0913697404583 19.417122421760165 158
0.9064748201438849 0.09352517985611511 0.0 0.9029850746268657 0.09701492537313433 0.0 0.44029850746268656 1085.6229663353017 20.288978762273697 139
0.9568345323741008 0.04316546762589928 0.0 0.9552238805970149 0.04477611940298507 0.0 0.5746268656716418 1047.793414649818 18.06434500248117 139
0.872093023255814 0.12790697674418605 0.0 0.8641975308641975 0.13580246913580246 0.0 0.6419753086419753 1045.4777950173734 21.3164074028892 86
0.9714285714285714 0.02857142857142857 0.0 0.9703703703703703 0.02962962962962963 0.0 0.8296296296296296 1076.7242585931394 19.612890744844975 140
0.9710144927536232 0.028985507246376812 0.0 0.9699248120300752 0.03007518796992481 0.0 0.7593984962406015 1044.4777086102686 18.35240708239123 138
0.8920863309352518 0.1079136690647482 0.0 0.8880597014925373 0.11194029850746269 0.0 0.7985074626865671 1065.5794426230607 19.08167082466715 139
0.991869918699187 0.008130081300813009 0.0 0.9915254237288136 0.00847457627118644 0.0 1.0 1069.7257023273967 21.561683482787117 123
0.9624060150375939 0.03759398496240601 0.0 0.9609375 0.0390625 0.0 0.8046875 1087.4531065697927 18.779714367397354 133
0.9612903225806452 0.03870967741935484 0.0 0.96 0.04 0.0 0.6133333333333333 1062.1807042720877 18.292242786040415 155
0.9548387096774194 0.04516129032258064 0.0 0.9533333333333334 0.04666666666666667 0.0 0.8066666666666666 1041.1211289622395 18.416776172554332 155
0.9848484848484849 0.015151515151515152 0.0 0.984251968503937 0.015748031496062992 0.0 0.7165354330708661 1062.2793169090814 18.681355903202714 132
0.9741379310344828 0.02586206896551724 0.0 0.972972972972973 0.02702702702702703 0.0 0.9459459459459459 1055.8134117668044 18.656056791113226 116
0.9864864864864865 0.013513513513513514 0.0 0.986013986013986 0.013986013986013986 0.0 0.7482517482517482 1034.7455218888852 18.97180101909778 148
0.9854014598540146 0.014598540145985401 0.0 0.9848484848484849 0.015151515151515152 0.0 0.803030303030303 1042.756704104143 19.14059901554155 137
0.9285714285714286 0.07142857142857142 0.0 0.9252336448598131 0.07476635514018691 0.0 0.6728971962616822 1040.7714293575539 21.475323615479276 112
0.9662921348314607 0.033707865168539325 0.0 0.9710982658959537 0.028901734104046242 0.0 0.7398843930635838 1078.8365367627432 17.53556249151165 178
0.967479674796748 0.032520325203252036 0.0 0.9661016949152542 0.03389830508474576 0.0 0.6101694915254238 1075.3740869793378 20.027967083499906 123
0.9591836734693877 0.04081632653061224 0.0 0.9577464788732394 0.04225352112676056 0.0 0.6971830985915493 1087.437622811947 18.183531031234782 147
0.9776119402985075 0.022388059701492536 0.0 0.9767441860465116 0.023255813953488372 0.0 0.7674418604651163 1076.0594983508622 18.979005235083505 134
0.9858156028368794 0.014184397163120567 0.0 0.9852941176470589 0.014705882352941176 0.0 0.6985294117647058 1087.3104467634269 18.577431593984745 141
0.9797297297297297 0.02027027027027027 0.0 0.9790209790209791 0.02097902097902098 0.0 0.8601398601398601 1074.5002072186535 19.08988488876576 148
0.9887005649717514 0.011299435028248588 0.0 0.9883720930232558 0.011627906976744186 0.0 0.8081395348837209 1072.706142610248 18.043670443102492 177
0.968 0.032 0.0 0.9666666666666667 0.03333333333333333 0.0 0.9916666666666667 1083.5979930244434 21.149794638296125 125
0.9912280701754386 0.008771929824561403 0.0 0.9908256880733946 0.009174311926605505 0.0 0.7155963302752294 1029.317286590004 20.150958330554474 114
0.9784172661870504 0.02158273381294964 0.0 0.9776119402985075 0.022388059701492536 0.0 0.7089552238805971 1078.5751006153062 18.907294125344023 139
0.9416058394160584 0.058394160583941604 0.0 0.9393939393939394 0.06060606060606061 0.0 0.8106060606060606 1067.4153551219174 19.57414118928091 137
0.9929078014184397 0.0070921985815602835 0.0 0.9926470588235294 0.007352941176470588 0.0 0.8382352941176471 984.1758930787972 18.73057748255246 141
0.9426751592356688 0.05732484076433121 0.0 0.9473684210526315 0.05263157894736842 0.0 0.4868421052631579 1058.949942180377 19.32072894173908 157
0.9781021897810219 0.021897810218978103 0.0 0.9772727272727273 0.022727272727272728 0.0 0.803030303030303 1052.449558851462 19.627382143409378 137
1.0 0.0 0.0 1.0 0.0 0.0 0.9787234042553191 1055.2641674056217 21.104072871850914 99
0.9850746268656716 0.014925373134328358 0.0 0.9844961240310077 0.015503875968992248 0.0 0.8294573643410853 1085.7239067294972 19.825434592769415 134
0.9905660377358491 0.009433962264150943 0.0 0.9900990099009901 0.009900990099009901 0.0 1.0 1079.303677901128 22.5354361332795 106
1.0 0.0 0.0 1.0 0.0 0.0 0.0 1082.1219672517398 18.229269481612132 170
0.958041958041958 0.04195804195804196 0.0 0.9565217391304348 0.043478260869565216 0.0 0.5507246376811594 1059.0411499190188 17.59246153643486 143
0.9642857142857143 0.03571428571428571 0.0 0.9629629629629629 0.037037037037037035 0.0 0.7555555555555555 1078.295662521119 19.44174599806907 140
0.9924812030075187 0.007518796992481203 0.0 0.9921875 0.0078125 0.0 0.53125 1078.061668271051 19.61167580726541 133
0.9621212121212122 0.03787878787878788 0.0 0.9606299212598425 0.03937007874015748 0.0 0.7086614173228346 1087.4076192381735 19.16709535421003 132
0.9407894736842105 0.05921052631578947 0.0 0.9387755102040817 0.061224489795918366 0.0 0.6530612244897959 1085.922246835521 19.052567846496885 152
0.9726027397260274 0.0273972602739726 0.0 0.9716312056737588 0.028368794326241134 0.0 0.8368794326241135 1022.6736581225305 19.163077179242226 146
0.9928571428571429 0.007142857142857143 0.0 0.9925925925925926 0.007407407407407408 0.0 0.5555555555555556 1078.6787860013249 19.233909772306404 140
0.9152542372881356 0.0847457627118644 0.0 0.9203539823008849 0.07964601769911504 0.0 0.6814159292035398 1048.4098357976252 20.445483301114482 118
0.9473684210526315 0.05263157894736842 0.0 0.9444444444444444 0.05555555555555555 0.0 0.5222222222222223 1064.1816569320092 19.106002595366864 95
0.9823008849557522 0.017699115044247787 0.0 0.9814814814814815 0.018518518518518517 0.0 0.5833333333333334 1046.8627664614883 19.33621326768262 113
0.95 0.05 0.0 0.9483870967741935 0.05161290322580645 0.0 0.7870967741935484 1086.4340105325957 19.193956443210137 160
0.8932038834951457 0.10679611650485436 0.0 0.8877551020408163 0.11224489795918367 0.0 0.6836734693877551 1087.3809558896924 20.290970408062282 103
0.9846153846153847 0.015384615384615385 0.0 0.984 0.016 0.0 0.848 1074.8468096765364 19.305431420414493 130
1.0 0.0 0.0 1.0 0.0 0.0 0.8260869565217391 1086.4377828129932 18.711195564941363 143
0.967741935483871 0.03225806451612903 0.0 0.9772727272727273 0.022727272727272728 0.0 0.7045454545454546 1035.4864523312092 20.278708017638916 93
0.9065420560747663 0.09345794392523364 0.0 0.9019607843137255 0.09803921568627451 0.0 0.6666666666666666 1087.3625379441623 20.22235596812007 107
0.9811320754716981 0.018867924528301886 0.0 0.9801980198019802 0.019801980198019802 0.0 1.0 975.0287725454359 20.490227958810962 106
0.9776119402985075 0.022388059701492536 0.0 0.9767441860465116 0.023255813953488372 0.0 0.5891472868217055 1073.3367889479032 18.354945584557342 134
0.9669421487603306 0.03305785123966942 0.0 0.9655172413793104 0.034482758620689655 0.0 0.7586206896551724 1051.906031862297 18.75686796327054 121
0.9736842105263158 0.02631578947368421 0.0 0.9724770642201835 0.027522935779816515 0.0 0.981651376146789 1060.38056326331 21.21366854448732 114
0.9361702127659575 0.06382978723404255 0.0 0.9338235294117647 0.0661764705882353 0.0 0.7647058823529411 1087.39218886253 19.09900478105452 141
1.0 0.0 0.0 1.0 0.0 0.0 0.5970149253731343 1084.6287451124726 18.46545889116863 139
0.9626865671641791 0.03731343283582089 0.0 0.9612403100775194 0.03875968992248062 0.0 0.9534883720930233 1063.5746426965427 19.883997785542764 134
0.987012987012987 0.012987012987012988 0.0 0.9865771812080537 0.013422818791946308 0.0 0.7718120805369127 1052.8175064187728 18.85720366712881 154
0.9241379310344827 0.07586206896551724 0.0 0.9214285714285714 0.07857142857142857 0.0 0.5357142857142857 1087.4296062834158 17.959469057059515 145
1.0 0.0 0.0 1.0 0.0 0.0 0.9900990099009901 951.8691717597293 20.377809915019867 106
0.9716312056737588 0.028368794326241134 0.0 0.9705882352941176 0.029411764705882353 0.0 0.8235294117647058 1086.4103740575706 19.354517026459007 141
0.9851851851851852 0.014814814814814815 0.0 0.9846153846153847 0.015384615384615385 0.0 0.6307692307692307 1086.6949578502076 19.65242387742126 135
1.0 0.0 0.0 1.0 0.0 0.0 0.9692307692307692 1078.4984855267505 19.228740772112197 135
0.9827586206896551 0.017241379310344827 0.0 0.990990990990991 0.009009009009009009 0.0 0.7657657657657657 1066.6564715389757 21.043051140762024 116
0.975 0.025 0.0 0.9739130434782609 0.02608695652173913 0.0 0.9130434782608695 1085.4419084820004 20.454486003021785 120
0.990990990990991 0.009009009009009009 0.0 0.9905660377358491 0.009433962264150943 0.0 0.6226415094339622 1057.0385147863044 21.046322465678973 111
0.984375 0.015625 0.0 0.983739837398374 0.016260162601626018 0.0 0.8455284552845529 1027.5487120105133 19.207907724064253 128
0.97 0.03 0.0 0.9789473684210527 0.021052631578947368 0.0 0.7789473684210526 1021.1420018233989 19.92832809244083 100
0.9389312977099237 0.061068702290076333 0.0 0.9444444444444444 0.05555555555555555 0.0 0.8333333333333334 1054.58248366394 20.078702960081166 131
0.923728813559322 0.07627118644067797 0.0 0.9203539823008849 0.07964601769911504 0.0 0.7876106194690266 1083.203961652093 20.072589792699418 118
0.9636363636363636 0.03636363636363636 0.0 0.9619047619047619 0.0380952380952381 0.0 0.8 1053.588896498352 20.88287272423023 110
0.9864864864864865 0.013513513513513514 0.0 0.986013986013986 0.013986013986013986 0.0 0.8251748251748252 1076.1260417002893 19.793533190850766 148
0.9858156028368794 0.014184397163120567 0.0 0.9852941176470589 0.014705882352941176 0.0 0.7867647058823529 1056.8201202798073 19.108140706805287 141
0.918918918918919 0.08108108108108109 0.0 0.916083916083916 0.08391608391608392 0.0 0.7622377622377622 1082.5902914811918 20.123443336393883 148
0.9712230215827338 0.02877697841726619 0.0 0.9701492537313433 0.029850746268656716 0.0 0.7313432835820896 1069.0450248373422 19.321258355800648 139
0.896 0.104 0.0 0.8916666666666667 0.10833333333333334 0.0 0.8333333333333334 1065.6216684887986 19.62370898285347 125
0.9813084112149533 0.018691588785046728 0.0 0.9803921568627451 0.0196078431372549 0.0 0.8627450980392157 1065.4722157200154 21.227887919932304 107
0.941747572815534 0.05825242718446602 0.0 0.9387755102040817 0.061224489795918366 0.0 0.8877551020408163 1086.368826107393 19.26847199596122 103
0.9787234042553191 0.02127659574468085 0.0 0.9775280898876404 0.02247191011235955 0.0 0.7078651685393258 1043.3382179426471 22.208966478069094 94
0.9900990099009901 0.009900990099009901 0.0 0.9895833333333334 0.010416666666666666 0.0 1.0 1054.7925620969922 21.632205652985075 101
0.9375 0.0625 0.0 0.9358288770053476 0.06417112299465241 0.0 0.11764705882352941 1082.5613104850888 17.319095021716727 192
1.0 0.0 0.0 1.0 0.0 0.0 0.7872340425531915 1022.9098556225001 21.98677665548107 99
0.9444444444444444 0.05555555555555555 0.0 0.9411764705882353 0.058823529411764705 0.0 0.7294117647058823 1087.2303707441542 21.730650454585266 90
0.9306930693069307 0.06930693069306931 0.0 0.9375 0.0625 0.0 0.75 1073.1730948321076 21.46655888942339 101
0.9448275862068966 0.05517241379310345 0.0 0.9428571428571428 0.05714285714285714 0.0 0.8 1068.9821728544578 18.577010822105496 145
0.9734513274336283 0.02654867256637168 0.0 0.9722222222222222 0.027777777777777776 0.0 0.8055555555555556 1087.0590957916038 19.66273886685588 113
0.9791666666666666 0.020833333333333332 0.0 0.978021978021978 0.02197802197802198 0.0 0.7692307692307693 1031.7725631705976 20.290237792646174 96
0.9272727272727272 0.07272727272727272 0.0 0.9238095238095239 0.0761904761904762 0.0 0.819047619047619 1043.8811910004647 20.488786791033164 110
0.9830508474576272 0.01694915254237288 0.0 0.9823008849557522 0.017699115044247787 0.0 0.6637168141592921 1052.3259109890787 20.677279160754054 118
0.9223300970873787 0.07766990291262135 0.0 0.9285714285714286 0.07142857142857142 0.0 0.826530612244898 1087.4274984480521 20.035287526747222 103
0.9770992366412213 0.022900763358778626 0.0 0.9761904761904762 0.023809523809523808 0.0 0.7857142857142857 1069.15981605113 19.240975313549804 131
0.9724137931034482 0.027586206896551724 0.0 0.9714285714285714 0.02857142857142857 0.0 0.8857142857142857 1066.645473935355 19.023574856139625 145
0.9859154929577465 0.014084507042253521 0.0 0.9854014598540146 0.014598540145985401 0.0 0.5912408759124088 1031.1291927638138 19.62060249308903 142
0.9838709677419355 0.016129032258064516 0.0 0.9831932773109243 0.01680672268907563 0.0 0.6554621848739496 1086.4647628422601 20.118859862661036 124
1.0 0.0 0.0 1.0 0.0 0.0 0.9509803921568627 1049.5411137374424 19.485960556331452 107
0.9935897435897436 0.00641025641025641 0.0 0.9933774834437086 0.006622516556291391 0.0 0.7417218543046358 1009.9857407585274 17.974686116990757 156
0.924812030075188 0.07518796992481203 0.0 0.921875 0.078125 0.0 0.671875 1043.8595165486213 19.08846747255959 133
0.967479674796748 0.032520325203252036 0.0 0.9661016949152542 0.03389830508474576 0.0 0.864406779661017 1032.0447295474387 20.374276548398242 123
0.8760330578512396 0.12396694214876033 0.0 0.8706896551724138 0.12931034482758622 0.0 0.6724137931034483 1082.7096200016001 20.40532465039159 121
0.9811320754716981 0.018867924528301886 0.0 0.9801980198019802 0.019801980198019802 0.0 0.7227722772277227 1009.0971336249931 20.045214696668715 106
1.0 0.0 0.0 1.0 0.0 0.0 0.7913043478260869 1073.5411192642077 19.806753829822114 120
0.9885057471264368 0.011494252873563218 0.0 0.9878048780487805 0.012195121951219513 0.0 0.7195121951219512 1040.2163292314779 21.173261102258895 87
0.9590163934426229 0.040983606557377046 0.0 0.9572649572649573 0.042735042735042736 0.0 0.5384615384615384 1076.2806354768886 20.14202223970809 122
1.0 0.0 0.0 1.0 0.0 0.0 0.8244274809160306 1062.6508480335954 19.024180622087155 136
0.9368421052631579 0.06315789473684211 0.0 0.9333333333333333 0.06666666666666667 0.0 0.7222222222222222 1045.7216863099893 21.102521542304235 95
0.9005847953216374 0.0935672514619883 0.005847953216374269 0.8975903614457831 0.0963855421686747 0.006024096385542169 0.5240963855421686 1086.7665030725193 18.87309105347351 171
0.9801980198019802 0.019801980198019802 0.0 0.9791666666666666 0.020833333333333332 0.0 0.8645833333333334 1059.6426495984515 21.297418060889044 101
0.9411764705882353 0.058823529411764705 0.0 0.9391891891891891 0.060810810810810814 0.0 0.8851351351351351 1036.9193438286984 19.058820603903786 153
0.9473684210526315 0.05263157894736842 0.0 0.953125 0.046875 0.0 0.6875 1069.6668371687263 19.59295099650401 133
1.0 0.0 0.0 1.0 0.0 0.0 0.5638297872340425 1077.2219967925098 19.24461093019719 99
0.9896907216494846 0.010309278350515464 0.0 0.9891304347826086 0.010869565217391304 0.0 0.7717391304347826 1084.3331957101962 20.128457381924452 97
0.9551282051282052 0.04487179487179487 0.0 0.9536423841059603 0.046357615894039736 0.0 0.7814569536423841 1064.5411351877535 17.9086859521296 156
0.9504132231404959 0.049586776859504134 0.0 0.9482758620689655 0.05172413793103448 0.0 0.9051724137931034 1062.9832548252105 20.66252265812772 121
0.9263157894736842 0.07368421052631578 0.0 0.9222222222222223 0.07777777777777778 0.0 0.6 1064.244281181621 19.36256395097106 95
0.9090909090909091 0.09090909090909091 0.0 0.9051724137931034 0.09482758620689655 0.0 0.8189655172413793 1063.4668908205083 20.505404942413026 121
0.8766233766233766 0.12337662337662338 0.0 0.87248322147651 0.12751677852348994 0.0 0.6711409395973155 1087.3555132660456 17.93489489381461 154
0.9819819819819819 0.018018018018018018 0.0 0.9811320754716981 0.018867924528301886 0.0 0.8584905660377359 1082.5022785028532 20.33088594194191 111
0.9743589743589743 0.02564102564102564 0.0 0.9732142857142857 0.026785714285714284 0.0 0.7946428571428571 1076.761195498303 21.0701800040222 117
0.9759036144578314 0.024096385542168676 0.0 0.9751552795031055 0.024844720496894408 0.0 0.639751552795031 1086.964137390824 17.970482691918562 166
0.9148936170212766 0.0851063829787234 0.0 0.9117647058823529 0.08823529411764706 0.0 0.6102941176470589 1027.3811443674135 19.482604202793144 141
0.9813084112149533 0.018691588785046728 0.0 0.9803921568627451 0.0196078431372549 0.0 0.8725490196078431 1085.068636276367 22.04886220226982 107
0.8402366863905325 0.15384615384615385 0.005917159763313609 0.8353658536585366 0.15853658536585366 0.006097560975609756 0.6341463414634146 1066.4663882155903 19.14339538012946 169
0.9724770642201835 0.027522935779816515 0.0 0.9711538461538461 0.028846153846153848 0.0 0.8269230769230769 1076.678203993382 19.09754540828129 109
1.0 0.0 0.0 1.0 0.0 0.0 0.0 1008.0345291250832 18.27535539437217 150
0.9349593495934959 0.06504065040650407 0.0 0.9322033898305084 0.06779661016949153 0.0 0.6271186440677966 1086.464594852069 19.957328731817626 123
0.9672131147540983 0.03278688524590164 0.0 0.9658119658119658 0.03418803418803419 0.0 0.6239316239316239 996.6511689012467 19.649493882704455 122
0.9485294117647058 0.051470588235294115 0.0 0.9465648854961832 0.05343511450381679 0.0 0.7251908396946565 1051.9904103684762 19.537310324505857 136
0.8925619834710744 0.10743801652892562 0.0 0.896551724137931 0.10344827586206896 0.0 0.6120689655172413 1084.666838687574 19.6735051944041 121
0.9612403100775194 0.03875968992248062 0.0 0.9596774193548387 0.04032258064516129 0.0 0.7258064516129032 1087.3912720439578 18.517278171460653 129
1.0 0.0 0.0 1.0 0.0 0.0 1.0 1043.4283765209434 20.879785758688488 125
0.9724137931034482 0.027586206896551724 0.0 0.9714285714285714 0.02857142857142857 0.0 0.85 1056.626921769592 19.42203280097579 145
0.9312977099236641 0.06870229007633588 0.0 0.9444444444444444 0.05555555555555555 0.0 0.5793650793650794 1008.3220282034739 19.512555956984745 131
1.0 0.0 0.0 1.0 0.0 0.0 0.8269230769230769 1084.8663902488008 18.65436914049585 109
0.9921875 0.0078125 0.0 0.991869918699187 0.008130081300813009 0.0 0.8048780487804879 1062.6712284696175 19.643384395809566 128
1.0 0.0 0.0 1.0 0.0 0.0 0.7843137254901961 979.0377633765388 17.510321167887575 158
1.0 0.0 0.0 1.0 0.0 0.0 0.9622641509433962 1071.4124891498338 24.100648058546014 58
0.9902912621359223 0.009708737864077669 0.0 0.9897959183673469 0.01020408163265306 0.0 0.7959183673469388 1079.791352391749 21.581693042820646 103
0.9645390070921985 0.03546099290780142 0.0 0.9705882352941176 0.029411764705882353 0.0 0.8823529411764706 1078.5453882473137 20.946252603242502 141
1.0 0.0 0.0 1.0 0.0 0.0 0.8765432098765432 1076.596785879014 19.79094101622866 86
1.0 0.0 0.0 1.0 0.0 0.0 0.6056338028169014 1014.2400435059429 18.09205876989776 147
0.9705882352941176 0.029411764705882353 0.0 0.9694656488549618 0.030534351145038167 0.0 0.7862595419847328 1070.7734562072642 18.75676492074706 136
0.9774436090225563 0.022556390977443608 0.0 0.9765625 0.0234375 0.0 0.75 1062.3624796084787 18.336089538711335 133
0.993006993006993 0.006993006993006993 0.0 0.9927536231884058 0.007246376811594203 0.0 0.8695652173913043 1032.1743466304108 18.50322443544119 143
0.9852941176470589 0.014705882352941176 0.0 0.9847328244274809 0.015267175572519083 0.0 1.0 1075.54110012073 20.355116030774873 136
0.9496402877697842 0.050359712230215826 0.0 0.9477611940298507 0.05223880597014925 0.0 0.8880597014925373 1086.45963943211 19.17954140185251 139
0.9928057553956835 0.007194244604316547 0.0 0.9925373134328358 0.007462686567164179 0.0 0.9328358208955224 1057.877416859646 19.39030729074397 139
0.9910714285714286 0.008928571428571428 0.0 0.9906542056074766 0.009345794392523364 0.0 0.8317757009345794 1087.4519009748599 19.293397613822375 112
0.9841269841269841 0.015873015873015872 0.0 0.9834710743801653 0.01652892561983471 0.0 0.7024793388429752 1086.8350335053876 19.785334872401805 126
1.0 0.0 0.0 1.0 0.0 0.0 1.0 1046.5327781208914 19.09616485978219 145
1.0 0.0 0.0 1.0 0.0 0.0 0.7272727272727273 862.8258825897957 21.81462880729944 71
1.0 0.0 0.0 1.0 0.0 0.0 1.0 1077.6844415369287 21.116813668378427 128
0.9923076923076923 0.007692307692307693 0.0 0.992 0.008 0.0 0.856 1011.9788950384842 19.60723940331396 130
0.9925373134328358 0.007462686567164179 0.0 0.9922480620155039 0.007751937984496124 0.0 0.5813953488372093 1034.443709947642 19.008737055225573 134
1.0 0.0 0.0 1.0 0.0 0.0 0.5230769230769231 1064.8086850708155 19.138415830474028 135
0.9908256880733946 0.009174311926605505 0.0 0.9903846153846154 0.009615384615384616 0.0 0.8653846153846154 1063.099078266405 20.300062521378432 109
1.0 0.0 0.0 1.0 0.0 0.0 0.5517241379310345 1067.5758012257709 20.00920769359102 92
0.9941860465116279 0.005813953488372093 0.0 0.9940119760479041 0.005988023952095809 0.0 0.5988023952095808 991.4867378052736 17.916456239970326 172
0.7586206896551724 0.21551724137931033 0.02586206896551724 0.7567567567567568 0.21621621621621623 0.02702702702702703 0.7297297297297297 1081.2029138229843 20.02568570325386 116
0.9315068493150684 0.0684931506849315 0.0 0.9290780141843972 0.07092198581560284 0.0 0.7588652482269503 1086.6514237597103 19.50965303670759 146
0.9790209790209791 0.02097902097902098 0.0 0.9855072463768116 0.014492753623188406 0.0 0.7391304347826086 1046.2274968006552 19.20117563903964 143
0.9914529914529915 0.008547008547008548 0.0 0.9910714285714286 0.008928571428571428 0.0 0.8839285714285714 1034.8750532949923 19.787959464097366 117
0.9745762711864406 0.025423728813559324 0.0 0.9734513274336283 0.02654867256637168 0.0 0.6902654867256637 1067.8178847192207 19.844154779123738 118
0.9881656804733728 0.011834319526627219 0.0 0.9878048780487805 0.012195121951219513 0.0 0.0 1079.672285288314 17.857385852586376 169
1.0 0.0 0.0 1.0 0.0 0.0 0.8715596330275229 1073.136056351245 21.31028296862394 114
0.9813084112149533 0.018691588785046728 0.0 0.9803921568627451 0.0196078431372549 0.0 0.4803921568627451 1073.733451318243 20.400419799295527 107
0.95 0.05 0.0 0.9481481481481482 0.05185185185185185 0.0 0.7481481481481481 1074.1097094350168 19.865720780427694 140
0.9476744186046512 0.05232558139534884 0.0 0.9461077844311377 0.05389221556886228 0.0 0.8203592814371258 1072.2848911106696 17.30301423813255 172
0.9726027397260274 0.0273972602739726 0.0 0.9716312056737588 0.028368794326241134 0.0 0.7659574468085106 1026.2175426235663 18.34093788042127 146
0.9857142857142858 0.014285714285714285 0.0 0.9851851851851852 0.014814814814814815 0.0 0.7925925925925926 1087.4192702876078 18.608816246930704 140
0.9873417721518988 0.012658227848101266 0.0 0.9869281045751634 0.013071895424836602 0.0 0.48366013071895425 1057.5017116399274 17.359412452327863 158
1.0 0.0 0.0 1.0 0.0 0.0 0.8532110091743119 1063.324388824244 19.87077247799036 114
0.9512195121951219 0.04878048780487805 0.0 0.9576271186440678 0.0423728813559322 0.0 0.635593220338983 1081.127604818111 20.15507557076748 123
0.9666666666666667 0.03333333333333333 0.0 0.9739130434782609 0.02608695652173913 0.0 0.7478260869565218 1078.2757291020737 19.753733762279914 120
0.9042553191489362 0.09574468085106383 0.0 0.898876404494382 0.10112359550561797 0.0 0.7191011235955056 1020.6769172917234 18.957847964379155 94
0.924812030075188 0.07518796992481203 0.0 0.921875 0.078125 0.0 0.6640625 1064.3854300611654 18.947632503327217 133
0.963855421686747 0.03614457831325301 0.0 0.968944099378882 0.031055900621118012 0.0 0.012422360248447204 1032.2991347875225 16.743129016500163 166
0.9724137931034482 0.027586206896551724 0.0 0.9714285714285714 0.02857142857142857 0.0 0.6785714285714286 1051.437693803349 19.024668236990312 145
0.93125 0.06875 0.0 0.9290322580645162 0.07096774193548387 0.0 0.7290322580645161 1087.3963744034572 19.222705057310378 160
1.0 0.0 0.0 1.0 0.0 0.0 0.8411214953271028 1055.2866017689075 20.857205213536655 112
0.9911504424778761 0.008849557522123894 0.0 0.9907407407407407 0.009259259259259259 0.0 0.8796296296296297 1078.5506710556476 20.812570960785457 113
0.9767441860465116 0.023255813953488372 0.0 0.9758064516129032 0.024193548387096774 0.0 0.8306451612903226 1080.4120802731686 20.87948153473653 129
0.9784172661870504 0.02158273381294964 0.0 0.9776119402985075 0.022388059701492536 0.0 0.6567164179104478 1053.9067407812825 19.137611002746983 139
1.0 0.0 0.0 1.0 0.0 0.0 0.9176470588235294 1063.325038906212 20.454908376435597 90
0.9900990099009901 0.009900990099009901 0.0 0.9895833333333334 0.010416666666666666 0.0 0.8125 1066.8002096285395 20.86911645901972 101
0.9247311827956989 0.07526881720430108 0.0 0.9204545454545454 0.07954545454545454 0.0 0.6590909090909091 1002.8320568269769 21.143027052707033 93
0.9548387096774194 0.04516129032258064 0.0 0.9533333333333334 0.04666666666666667 0.0 0.8066666666666666 1083.5499404084094 19.616289524376725 155
0.9243697478991597 0.07563025210084033 0.0 0.9210526315789473 0.07894736842105263 0.0 0.7368421052631579 1087.3045788539432 20.804172485952346 119
0.9714285714285714 0.02857142857142857 0.0 0.97 0.03 0.0 0.87 996.2112356679618 20.076407970235746 105
0.9145299145299145 0.08547008547008547 0.0 0.9107142857142857 0.08928571428571429 0.0 0.8035714285714286 1083.9287550219751 21.045739669789068 117
0.97 0.03 0.0 0.968421052631579 0.031578947368421054 0.0 0.7368421052631579 1072.735169839635 22.218899198711338 100
0.9745222929936306 0.025477707006369428 0.0 0.9736842105263158 0.02631578947368421 0.0 0.7631578947368421 1034.8847187610313 18.769293536866854 157
0.9668874172185431 0.033112582781456956 0.0 0.9657534246575342 0.03424657534246575 0.0 0.7876712328767124 1085.2002977819611 19.79119911788609 151
0.9482758620689655 0.05172413793103448 0.0 0.954954954954955 0.04504504504504504 0.0 0.6396396396396397 1054.7755607715264 18.801493563230085 116
0.9847328244274809 0.015267175572519083 0.0 0.9841269841269841 0.015873015873015872 0.0 1.0 1080.5691722940967 20.51902903326095 131
0.984 0.016 0.0 0.9833333333333333 0.016666666666666666 0.0 0.8 1054.9660819242238 20.490128626971373 125
0.983739837398374 0.016260162601626018 0.0 0.9830508474576272 0.01694915254237288 0.0 0.6779661016949152 1074.7704579934498 19.051078784551287 123
0.852112676056338 0.14084507042253522 0.007042253521126761 0.8467153284671532 0.145985401459854 0.0072992700729927005 0.7007299270072993 1087.3933497290498 19.690380964914205 142
0.9672131147540983 0.03278688524590164 0.0 0.9658119658119658 0.03418803418803419 0.0 0.7948717948717948 1045.019074578098 20.373251312024884 122
0.9464285714285714 0.05357142857142857 0.0 0.9439252336448598 0.056074766355140186 0.0 0.7383177570093458 1087.3688760137125 19.54925262939566 112
0.9875776397515528 0.012422360248447204 0.0 0.9871794871794872 0.01282051282051282 0.0 0.8269230769230769 1087.4811026616098 19.72500224994709 161
0.9805194805194806 0.01948051948051948 0.0 0.9798657718120806 0.020134228187919462 0.0 0.8523489932885906 1086.8602899603259 18.064432323065596 154
0.9914529914529915 0.008547008547008548 0.0 0.9910714285714286 0.008928571428571428 0.0 0.8125 1060.572873122518 20.39236015714426 117
0.9344262295081968 0.06557377049180328 0.0 0.9401709401709402 0.05982905982905983 0.0 0.6837606837606838 1022.3830808767445 19.430494018670938 122
0.9805194805194806 0.01948051948051948 0.0 0.9798657718120806 0.020134228187919462 0.0 0.738255033557047 1054.77106810029 18.446370231330384 154
0.9539473684210527 0.046052631578947366 0.0 0.9523809523809523 0.047619047619047616 0.0 0.8979591836734694 1040.5594264319016 18.10093869874888 152
0.9739130434782609 0.02608695652173913 0.0 0.9727272727272728 0.02727272727272727 0.0 0.9818181818181818 1083.4088036189362 21.863370957380305 115
0.9158878504672897 0.08411214953271028 0.0 0.9117647058823529 0.08823529411764706 0.0 0.696078431372549 1057.0499435561305 21.55670493336794 107
0.9757575757575757 0.024242424242424242 0.0 0.975 0.025 0.0 0.90625 1080.8631077867192 18.643620814829102 165
0.9700598802395209 0.029940119760479042 0.0 0.9691358024691358 0.030864197530864196 0.0 0.5617283950617284 1082.3137923106744 18.311690463728077 167
0.968503937007874 0.031496062992125984 0.0 0.9672131147540983 0.03278688524590164 0.0 0.6639344262295082 1068.7640277940545 19.59044220379464 127
0.9629629629629629 0.037037037037037035 0.0 0.9615384615384616 0.038461538461538464 0.0 0.7538461538461538 1046.0543027201807 19.51451266368403 135
0.9430379746835443 0.056962025316455694 0.0 0.9411764705882353 0.058823529411764705 0.0 0.8627450980392157 1081.8878195189504 18.034932409498495 158
0.9765625 0.0234375 0.0 0.975609756097561 0.024390243902439025 0.0 0.7560975609756098 1077.2452758583916 19.517235134089123 128
0.9657534246575342 0.03424657534246575 0.0 0.9645390070921985 0.03546099290780142 0.0 0.7588652482269503 1052.2100607529087 20.193862458302572 146
0.9455782312925171 0.05442176870748299 0.0 0.9436619718309859 0.056338028169014086 0.0 0.8873239436619719 1087.186733454006 18.288667057689782 147
0.8766233766233766 0.11688311688311688 0.006493506493506494 0.87248322147651 0.12080536912751678 0.006711409395973154 0.3422818791946309 1061.7676417750436 18.407067071324377 154
0.9938650306748467 0.006134969325153374 0.0 0.9936708860759493 0.006329113924050633 0.0 0.5253164556962026 1008.4682729620301 17.6541545539028 163
0.9844961240310077 0.015503875968992248 0.0 0.9838709677419355 0.016129032258064516 0.0 0.6612903225806451 1078.5004424600816 19.418680609628346 129
0.9661016949152542 0.03389830508474576 0.0 0.9646017699115044 0.035398230088495575 0.0 0.8938053097345132 1082.1377958488733 19.674408973817176 118
0.9240506329113924 0.0759493670886076 0.0 0.918918918918919 0.08108108108108109 0.0 0.918918918918919 1046.017659171773 21.684431630394023 79
0.9803921568627451 0.0196078431372549 0.0 0.9797297297297297 0.02027027027027027 0.0 0.6148648648648649 1063.1297163673676 18.66628594051191 153
1.0 0.0 0.0 1.0 0.0 0.0 0.6886792452830188 1049.66657110606 20.292299065657293 111
0.9512195121951219 0.04878048780487805 0.0 0.9491525423728814 0.05084745762711865 0.0 0.8050847457627118 1087.4705220824508 19.79046354835878 123
0.9945054945054945 0.005494505494505495 0.0 0.9943502824858758 0.005649717514124294 0.0 0.7966101694915254 1087.169252859004 18.539156029784994 182
1.0 0.0 0.0 1.0 0.0 0.0 0.7761194029850746 962.377822247858 18.081083004210765 139
0.974025974025974 0.025974025974025976 0.0 0.9731543624161074 0.026845637583892617 0.0 0.87248322147651 1086.3828411949437 18.870817204055673 154
1.0 0.0 0.0 1.0 0.0 0.0 0.7166666666666667 1057.7682787071103 19.379402199457477 125
0.9747899159663865 0.025210084033613446 0.0 0.9736842105263158 0.02631578947368421 0.0 0.6754385964912281 1056.0311049567301 19.85139201832342 119
0.9931506849315068 0.00684931506849315 0.0 0.9929078014184397 0.0070921985815602835 0.0 0.4397163120567376 1047.3869209289348 18.58487749776519 146
0.9583333333333334 0.041666666666666664 0.0 0.9565217391304348 0.043478260869565216 0.0 0.6260869565217392 1086.970889673594 18.719115242048435 120
0.9719626168224299 0.028037383177570093 0.0 0.9705882352941176 0.029411764705882353 0.0 0.7745098039215687 1054.282849148632 21.13569893795398 107
1.0 0.0 0.0 1.0 0.0 0.0 0.5670731707317073 1030.7012626352273 17.17586406464135 169
1.0 0.0 0.0 1.0 0.0 0.0 0.9245283018867925 947.7504454509141 19.03281687224819 111
0.9389312977099237 0.061068702290076333 0.0 0.9365079365079365 0.06349206349206349 0.0 0.7301587301587301 1058.2244478373536 20.70413536796995 131
0.9772727272727273 0.022727272727272728 0.0 0.984251968503937 0.015748031496062992 0.0 0.15748031496062992 1054.1833261567529 18.043209807075854 132
0.968503937007874 0.031496062992125984 0.0 0.9672131147540983 0.03278688524590164 0.0 0.8442622950819673 1080.478859707523 19.20318542039083 127
0.9548872180451128 0.045112781954887216 0.0 0.953125 0.046875 0.0 0.765625 1086.5386775132647 19.518008549540628 133
0.958904109589041 0.0410958904109589 0.0 0.9574468085106383 0.0425531914893617 0.0 0.7021276595744681 1086.5541775407034 18.8590672102574 146
0.9781021897810219 0.021897810218978103 0.0 0.9848484848484849 0.015151515151515152 0.0 0.7878787878787878 1072.5241725574988 19.20190709531154 137
0.9022556390977443 0.09774436090225563 0.0 0.8984375 0.1015625 0.0 0.7109375 1035.1026096759454 19.83440154989826 133
0.9919354838709677 0.008064516129032258 0.0 0.9915966386554622 0.008403361344537815 0.0 0.8991596638655462 1084.153892121471 20.039157498219318 124
0.9466666666666667 0.05333333333333334 0.0 0.9448275862068966 0.05517241379310345 0.0 0.5724137931034483 1071.808067241884 18.290298371244315 150
0.9615384615384616 0.038461538461538464 0.0 0.9668874172185431 0.033112582781456956 0.0 0.9735099337748344 1049.0305703097702 18.851378954433546 156
0.972972972972973 0.02702702702702703 0.0 0.9716981132075472 0.02830188679245283 0.0 0.839622641509434 1011.2144443815807 21.719943737009565 111
0.9635036496350365 0.0364963503649635 0.0 0.9696969696969697 0.030303030303030304 0.0 0.6515151515151515 1073.3206838741737 18.549269637899258 137
0.9803921568627451 0.0196078431372549 0.0 0.979381443298969 0.020618556701030927 0.0 0.9690721649484536 1063.4217954616847 21.903994283830013 102
1.0 0.0 0.0 1.0 0.0 0.0 0.8181818181818182 1055.4790278897826 21.318201097622694 126
0.9629629629629629 0.037037037037037035 0.0 0.9615384615384616 0.038461538461538464 0.0 0.7538461538461538 1087.3381169710433 18.327875787476113 135
0.9626865671641791 0.03731343283582089 0.0 0.9612403100775194 0.03875968992248062 0.0 0.5193798449612403 1066.9168555124106 19.636215836737374 134
0.9747899159663865 0.025210084033613446 0.0 0.9736842105263158 0.02631578947368421 0.0 0.6403508771929824 1023.3711516461246 18.774986263616874 119
0.9798657718120806 0.020134228187919462 0.0 0.9791666666666666 0.020833333333333332 0.0 0.7708333333333334 1064.5342692844865 19.10096211947713 149
0.9632352941176471 0.03676470588235294 0.0 0.9618320610687023 0.03816793893129771 0.0 0.5877862595419847 1033.3628263296052 19.390759606249826 136
0.9795918367346939 0.02040816326530612 0.0 0.978494623655914 0.021505376344086023 0.0 0.8709677419354839 1025.4853718526203 22.00377672571584 98
0.9827586206896551 0.017241379310344827 0.0 0.9819819819819819 0.018018018018018018 0.0 0.5945945945945946 1043.751818153874 19.642436454448408 116
0.9060773480662984 0.09392265193370165 0.0 0.9034090909090909 0.09659090909090909 0.0 0.5738636363636364 1086.880330004559 18.53953207693002 181
0.984 0.016 0.0 0.9833333333333333 0.016666666666666666 0.0 0.9833333333333333 1024.259799961658 20.45385607559044 125
0.9821428571428571 0.017857142857142856 0.0 0.9813084112149533 0.018691588785046728 0.0 1.0 1076.9643540736902 21.475947662221905 112
0.918918918918919 0.08108108108108109 0.0 0.9150943396226415 0.08490566037735849 0.0 0.660377358490566 1085.800601137341 19.890544777537897 111
0.9708029197080292 0.029197080291970802 0.0 0.9772727272727273 0.022727272727272728 0.0 0.7348484848484849 1083.23786738081 19.667899224058527 137
0.9622641509433962 0.03773584905660377 0.0 0.961038961038961 0.03896103896103896 0.0 0.935064935064935 1085.1124280970296 18.749970611464864 159
0.9921259842519685 0.007874015748031496 0.0 0.9918032786885246 0.00819672131147541 0.0 0.7540983606557377 1060.1922200074619 20.584368876707394 127
0.8719512195121951 0.12804878048780488 0.0 0.8679245283018868 0.1320754716981132 0.0 0.3836477987421384 1087.4189032268112 18.724143316922635 164
0.9243697478991597 0.07563025210084033 0.0 0.9210526315789473 0.07894736842105263 0.0 0.7807017543859649 1086.1305407756463 20.00361477362779 119
0.9096774193548387 0.07741935483870968 0.012903225806451613 0.9133333333333333 0.07333333333333333 0.013333333333333334 0.82 1079.9182915140887 17.885175111987547 155
0.9453125 0.0546875 0.0 0.943089430894309 0.056910569105691054 0.0 0.6422764227642277 1087.3454575675005 20.649058098771942 128
0.9629629629629629 0.037037037037037035 0.0 0.9615384615384616 0.038461538461538464 0.0 0.7076923076923077 1085.578824950701 19.41315173249301 135
0.9932885906040269 0.006711409395973154 0.0 0.9930555555555556 0.006944444444444444 0.0 0.9027777777777778 1075.4731150429689 19.29429384773553 149
0.9629629629629629 0.037037037037037035 0.0 0.9611650485436893 0.038834951456310676 0.0 0.9514563106796117 1014.479993205801 20.495559542254366 108
0.9923664122137404 0.007633587786259542 0.0 0.9920634920634921 0.007936507936507936 0.0 0.8809523809523809 1085.439320291239 19.738624114584358 131
0.9624060150375939 0.03759398496240601 0.0 0.9609375 0.0390625 0.0 0.6796875 1065.6325928722404 20.076099087306584 133
0.9781021897810219 0.021897810218978103 0.0 0.9772727272727273 0.022727272727272728 0.0 0.7272727272727273 1081.7625136096742 18.467439684738935 137
0.9494949494949495 0.050505050505050504 0.0 0.9468085106382979 0.05319148936170213 0.0 0.9893617021276596 1060.9717161443739 21.95934814586455 99
0.9929577464788732 0.007042253521126761 0.0 0.9927007299270073 0.0072992700729927005 0.0 0.708029197080292 1035.0039429696958 18.61506297837311 142
0.920863309352518 0.07913669064748201 0.0 0.917910447761194 0.08208955223880597 0.0 0.753731343283582 1075.6032972659018 19.938500844950976 139
0.972972972972973 0.02702702702702703 0.0 0.9811320754716981 0.018867924528301886 0.0 0.9528301886792453 1086.4560177889307 20.26555774110123 111
0.9851851851851852 0.014814814814814815 0.0 0.9846153846153847 0.015384615384615385 0.0 0.8538461538461538 989.7322008776704 19.041067515895595 135
0.9565217391304348 0.043478260869565216 0.0 0.9548872180451128 0.045112781954887216 0.0 0.6766917293233082 1074.0124979373156 19.526293635805107 138
0.9645390070921985 0.03546099290780142 0.0 0.9632352941176471 0.03676470588235294 0.0 0.5661764705882353 1073.3927557400268 19.56550785170242 141
0.9879518072289156 0.012048192771084338 0.0 0.9871794871794872 0.01282051282051282 0.0 0.9358974358974359 1032.7410605207372 22.996160331945386 83
0.984375 0.015625 0.0 0.983739837398374 0.016260162601626018 0.0 0.9024390243902439 1014.8008791916301 20.535939007007194 128
0.98 0.02 0.0 0.9793103448275862 0.020689655172413793 0.0 0.6896551724137931 1023.052754946425 19.834868325124077 150
0.9565217391304348 0.043478260869565216 0.0 0.9624060150375939 0.03759398496240601 0.0 0.8045112781954887 1084.2355384210525 19.979945413882803 138
0.9784172661870504 0.02158273381294964 0.0 0.9776119402985075 0.022388059701492536 0.0 0.8134328358208955 1073.7105276933703 19.04737304087822 139
0.9923076923076923 0.007692307692307693 0.0 0.992 0.008 0.0 0.544 1037.976240535257 19.968824796478334 130
0.978494623655914 0.021505376344086023 0.0 0.9886363636363636 0.011363636363636364 0.0 0.7840909090909091 1058.3082463119 21.28173818526155 93
0.9801324503311258 0.019867549668874173 0.0 0.9863013698630136 0.0136986301369863 0.0 0.7602739726027398 1084.7858633213461 18.84839477756297 151
0.9858156028368794 0.014184397163120567 0.0 0.9852941176470589 0.014705882352941176 0.0 0.7573529411764706 1066.1496370339182 18.97898298785652 141
0.8733333333333333 0.12666666666666668 0.0 0.8689655172413793 0.1310344827586207 0.0 0.7172413793103448 1087.451247801671 18.765454748255365 150
0.9818181818181818 0.01818181818181818 0.0 0.9809523809523809 0.01904761904761905 0.0 0.4666666666666667 1076.0348343266278 17.819473305743628 110
0.9448275862068966 0.05517241379310345 0.0 0.9428571428571428 0.05714285714285714 0.0 0.7857142857142857 1087.270869954525 19.204322727217225 145
0.9900990099009901 0.009900990099009901 0.0 0.9895833333333334 0.010416666666666666 0.0 0.8854166666666666 1057.2456555755018 21.0074055424666 101
0.9722222222222222 0.027777777777777776 0.0 0.970873786407767 0.02912621359223301 0.0 0.5922330097087378 1074.609551214514 19.391949480155464 108
0.9197530864197531 0.08024691358024691 0.0 0.9235668789808917 0.07643312101910828 0.0 0.8407643312101911 1078.8895619218306 18.351764524610907 162
0.989247311827957 0.010752688172043012 0.0 0.9886363636363636 0.011363636363636364 0.0 0.9318181818181818 1075.1307586646785 21.97178296512114 93
0.9722222222222222 0.027777777777777776 0.0 0.9714285714285714 0.02857142857142857 0.0 0.5085714285714286 1085.5358504081187 18.03935555477896 180
0.9828571428571429 0.017142857142857144 0.0 0.9823529411764705 0.01764705882352941 0.0 0.0 1050.2745010255 17.935684297345123 175
0.9416058394160584 0.058394160583941604 0.0 0.9393939393939394 0.06060606060606061 0.0 0.6515151515151515 1067.7927089029736 19.80083734042001 137
0.9911504424778761 0.008849557522123894 0.0 0.9907407407407407 0.009259259259259259 0.0 0.5462962962962963 965.9460267863691 19.39286083140118 113
1.0 0.0 0.0 1.0 0.0 0.0 0.851063829787234 1084.2641735823831 20.451623288465477 99
0.9620253164556962 0.0379746835443038 0.0 0.9607843137254902 0.0392156862745098 0.0 0.5555555555555556 1083.038335284144 18.516118579611984 158
0.9893617021276596 0.010638297872340425 0.0 0.9887640449438202 0.011235955056179775 0.0 0.5730337078651685 997.2013321138156 18.854811549028565 94
0.9655172413793104 0.034482758620689655 0.0 0.963963963963964 0.036036036036036036 0.0 0.8378378378378378 1061.2941624965506 20.16473053795642 116
0.9487179487179487 0.05128205128205128 0.0 0.9464285714285714 0.05357142857142857 0.0 0.8928571428571429 1017.2973156593339 19.544959229959165 117
0.875 0.11538461538461539 0.009615384615384616 0.8686868686868687 0.12121212121212122 0.010101010101010102 0.43434343434343436 1086.2286870712237 19.233504066415012 104
0.9574468085106383 0.0425531914893617 0.0 0.9558823529411765 0.04411764705882353 0.0 0.47058823529411764 1026.2473631811795 18.707980804202492 141
0.9675324675324676 0.032467532467532464 0.0 0.9731543624161074 0.026845637583892617 0.0 0.9463087248322147 1071.510473066429 18.3279884021321 154
0.9864864864864865 0.013513513513513514 0.0 0.986013986013986 0.013986013986013986 0.0 0.7972027972027972 1068.4773889877563 19.085884836614138 148
0.9846153846153847 0.015384615384615385 0.0 0.9842105263157894 0.015789473684210527 0.0 0.8789473684210526 1080.8891830333275 17.689820446204344 195
0.9765625 0.0234375 0.0 0.975609756097561 0.024390243902439025 0.0 0.8292682926829268 1080.722245538152 20.98284221884399 128
0.9758064516129032 0.024193548387096774 0.0 0.9747899159663865 0.025210084033613446 0.0 0.7815126050420168 1060.0581063747873 19.929302457098835 124
0.9830508474576272 0.01694915254237288 0.0 0.9823008849557522 0.017699115044247787 0.0 0.5929203539823009 1061.6835262861614 20.02769806713847 118
0.9694656488549618 0.030534351145038167 0.0 0.9682539682539683 0.031746031746031744 0.0 0.7063492063492064 1028.4361110039708 19.34910739201877 131
0.940677966101695 0.059322033898305086 0.0 0.9469026548672567 0.05309734513274336 0.0 0.8053097345132744 1083.1231546155077 18.54592782310269 118
0.9652173913043478 0.034782608695652174 0.0 0.9636363636363636 0.03636363636363636 0.0 0.7181818181818181 1079.6381261985853 19.856108518723783 115
0.9794520547945206 0.02054794520547945 0.0 0.9787234042553191 0.02127659574468085 0.0 0.7659574468085106 1032.6766492661475 18.492298346854632 146
0.9736842105263158 0.02631578947368421 0.0 0.9724770642201835 0.027522935779816515 0.0 0.9174311926605505 1050.896500862275 19.880586447102598 114
0.9259259259259259 0.07407407407407407 0.0 0.9230769230769231 0.07692307692307693 0.0 0.6615384615384615 1079.7719635991903 19.438219368116403 135
0.967948717948718 0.03205128205128205 0.0 0.9668874172185431 0.033112582781456956 0.0 0.7218543046357616 1087.1000324458373 19.203475478651345 156
0.9605263157894737 0.039473684210526314 0.0 0.9591836734693877 0.04081632653061224 0.0 0.8299319727891157 1084.331615170354 19.555966108053354 152
1.0 0.0 0.0 1.0 0.0 0.0 1.0 1064.739648107141 20.62212385213368 99
0.9708029197080292 0.029197080291970802 0.0 0.9696969696969697 0.030303030303030304 0.0 1.0 1078.339342240247 20.93038751835911 137
0.9109947643979057 0.08900523560209424 0.0 0.9086021505376344 0.0913978494623656 0.0 0.3010752688172043 1087.0787774026205 17.01401455551569 191
0.9174311926605505 0.08256880733944955 0.0 0.9134615384615384 0.08653846153846154 0.0 0.8076923076923077 1085.7359047124614 20.043076270890122 109
0.957983193277311 0.04201680672268908 0.0 0.956140350877193 0.043859649122807015 0.0 0.7456140350877193 1087.4702160360162 21.355925730285673 119
1.0 0.0 0.0 1.0 0.0 0.0 0.9312977099236641 1054.8492878750726 19.314272501301076 136
1.0 0.0 0.0 1.0 0.0 0.0 0.9765625 1032.8114370700969 19.7579184278523 133
0.9140625 0.0859375 0.0 0.9105691056910569 0.08943089430894309 0.0 0.7804878048780488 1073.268645939529 18.50893796215484 128
0.9714285714285714 0.02857142857142857 0.0 0.9703703703703703 0.02962962962962963 0.0 0.8666666666666667 1074.800642622643 20.135061183466796 140
0.9411764705882353 0.058823529411764705 0.0 0.9459459459459459 0.05405405405405406 0.0 0.75 1087.2738396933596 19.110963237524544 153
1.0 0.0 0.0 1.0 0.0 0.0 0.9069767441860465 1077.967640336644 18.606935094853196 134
0.9850746268656716 0.014925373134328358 0.0 0.9844961240310077 0.015503875968992248 0.0 0.7054263565891473 1064.6861487175054 19.73775116399954 134
0.9473684210526315 0.05263157894736842 0.0 0.953125 0.046875 0.0 0.953125 1033.0918332390015 18.69434100453171 133
0.9696969696969697 0.030303030303030304 0.0 0.9680851063829787 0.031914893617021274 0.0 0.6595744680851063 1084.4811311697385 20.661790456034822 99
0.9838709677419355 0.016129032258064516 0.0 0.9831932773109243 0.01680672268907563 0.0 0.8067226890756303 1060.9092039807965 19.807641285470158 124
0.9099099099099099 0.05405405405405406 0.036036036036036036 0.9056603773584906 0.05660377358490566 0.03773584905660377 0.8018867924528302 1079.3945705096878 20.40188091573012 111
0.9029126213592233 0.0970873786407767 0.0 0.8979591836734694 0.10204081632653061 0.0 0.7346938775510204 1084.2005818461207 21.384436041539775 103
0.9556962025316456 0.04430379746835443 0.0 0.954248366013072 0.0457516339869281 0.0 0.47058823529411764 1087.4206272581546 19.08118771039201 158
0.9763313609467456 0.023668639053254437 0.0 0.975609756097561 0.024390243902439025 0.0 0.4878048780487805 1067.775694383301 18.42209452158036 169
0.9739130434782609 0.02608695652173913 0.0 0.9727272727272728 0.02727272727272727 0.0 0.8727272727272727 1060.8457703227268 20.306545316515404 115
1.0 0.0 0.0 1.0 0.0 0.0 0.6111111111111112 1055.0978401378886 20.94328969441459 95
0.9347826086956522 0.06521739130434782 0.0 0.9323308270676691 0.06766917293233082 0.0 0.6691729323308271 1075.6061199357061 19.08972744823411 138
1.0 0.0 0.0 1.0 0.0 0.0 0.5 918.5631784746388 17.69408609377413 153
0.9171974522292994 0.08280254777070063 0.0 0.9144736842105263 0.08552631578947369 0.0 0.5921052631578947 1082.0967023223827 18.696186385430877 157
1.0 0.0 0.0 1.0 0.0 0.0 0.7421383647798742 1085.9782969810835 18.532904491813845 164
0.94 0.06 0.0 0.9368421052631579 0.06315789473684211 0.0 0.8 1035.0937260300682 20.619341958244686 100
0.9902912621359223 0.009708737864077669 0.0 0.9897959183673469 0.01020408163265306 0.0 0.673469387755102 1061.8333953318233 19.15803916084851 103
0.9787234042553191 0.02127659574468085 0.0 0.9775280898876404 0.02247191011235955 0.0 0.898876404494382 1079.0160865615667 22.886929235968708 94
0.98 0.02 0.0 0.9793103448275862 0.020689655172413793 0.0 0.6068965517241379 1065.1699731004298 18.07366681097893 150
0.86 0.12 0.02 0.8551724137931035 0.12413793103448276 0.020689655172413793 0.5724137931034483 1087.3721505807355 19.518995355401465 150
0.9904761904761905 0.009523809523809525 0.0 0.99 0.01 0.0 0.69 996.8089373096766 18.954371005746065 105
1.0 0.0 0.0 1.0 0.0 0.0 0.6363636363636364 953.3902326256465 19.074252253676132 104
0.9877300613496932 0.012269938650306749 0.0 0.9873417721518988 0.012658227848101266 0.0 0.689873417721519 1051.0557296915624 18.113874362876956 163
0.9583333333333334 0.041666666666666664 0.0 0.9565217391304348 0.043478260869565216 0.0 0.7130434782608696 1069.0524104297601 21.369624675926275 120
0.975609756097561 0.024390243902439025 0.0 0.9745762711864406 0.025423728813559324 0.0 0.8305084745762712 1025.5536924563082 20.16398037039975 123
0.9716312056737588 0.028368794326241134 0.0 0.9705882352941176 0.029411764705882353 0.0 0.8602941176470589 1082.3468566515003 18.311342701123827 141
0.9918032786885246 0.00819672131147541 0.0 0.9914529914529915 0.008547008547008548 0.0 0.6752136752136753 1072.3271980617812 20.96075114482823 122
1.0 0.0 0.0 1.0 0.0 0.0 0.9019607843137255 1072.7468703256689 20.103721168816552 107
0.9161290322580645 0.08387096774193549 0.0 0.9133333333333333 0.08666666666666667 0.0 0.0 1067.9393393342502 17.542204415782308 155
0.9905660377358491 0.009433962264150943 0.0 0.9900990099009901 0.009900990099009901 0.0 0.9900990099009901 1060.0522447639435 21.13733600732594 106
0.8991596638655462 0.10084033613445378 0.0 0.9035087719298246 0.09649122807017543 0.0 0.6578947368421053 1070.0542837426167 20.552475865804954 119
0.9487179487179487 0.05128205128205128 0.0 0.9536423841059603 0.046357615894039736 0.0 0.6887417218543046 1037.6124051422084 18.687168678827746 156
0.9124087591240876 0.08759124087591241 0.0 0.9090909090909091 0.09090909090909091 0.0 0.7651515151515151 1031.079704713579 20.084058444504972 137
0.9831932773109243 0.01680672268907563 0.0 0.9824561403508771 0.017543859649122806 0.0 0.9736842105263158 1029.9283256011263 19.117235785463464 119
0.9877300613496932 0.012269938650306749 0.0 0.9873417721518988 0.012658227848101266 0.0 0.6139240506329114 1087.0773817414208 18.040597103469242 163
0.925 0.075 0.0 0.9217391304347826 0.0782608695652174 0.0 0.591304347826087 1018.7441874108938 18.72264045723922 120
0.9663865546218487 0.03361344537815126 0.0 0.9649122807017544 0.03508771929824561 0.0 0.5877192982456141 1086.9463963525038 19.118977243525272 119
0.9685534591194969 0.031446540880503145 0.0 0.9675324675324676 0.032467532467532464 0.0 0.8441558441558441 1071.978925779056 18.631067028811138 159
0.9508196721311475 0.04918032786885246 0.0 0.9487179487179487 0.05128205128205128 0.0 0.8290598290598291 1082.24323360134 20.873619559919543 122
0.9916666666666667 0.008333333333333333 0.0 0.991304347826087 0.008695652173913044 0.0 0.9217391304347826 1076.754278674748 20.147795826982808 120
0.9876543209876543 0.012345679012345678 0.0 0.9872611464968153 0.012738853503184714 0.0 0.7197452229299363 1066.0568151183322 17.738575445849573 162
0.9166666666666666 0.08333333333333333 0.0 0.9212598425196851 0.07874015748031496 0.0 0.6771653543307087 1052.101062327046 20.187651134063636 132
0.9107142857142857 0.08333333333333333 0.005952380952380952 0.9079754601226994 0.08588957055214724 0.006134969325153374 1.0 1045.0476398254386 17.606133084964398 168
0.968503937007874 0.031496062992125984 0.0 0.9672131147540983 0.03278688524590164 0.0 0.7786885245901639 1052.8986593530674 17.979240917027813 127
0.944 0.056 0.0 0.9416666666666667 0.058333333333333334 0.0 0.7416666666666667 1087.3809342412992 18.69843535449401 125
0.9754601226993865 0.024539877300613498 0.0 0.9746835443037974 0.02531645569620253 0.0 0.7911392405063291 1057.7678752142588 18.733848690883086 163
0.9261363636363636 0.07386363636363637 0.0 0.9239766081871345 0.07602339181286549 0.0 0.005847953216374269 1050.6771573830322 17.243596352658543 176
0.993006993006993 0.006993006993006993 0.0 0.9927536231884058 0.007246376811594203 0.0 0.9565217391304348 1064.2519487319448 19.696234341234163 143
1.0 0.0 0.0 1.0 0.0 0.0 0.9831932773109243 1033.4955651466057 19.86024300066692 124
0.926605504587156 0.07339449541284404 0.0 0.9230769230769231 0.07692307692307693 0.0 0.8557692307692307 982.8957331488435 20.98390221118663 109
0.9530201342281879 0.04697986577181208 0.0 0.9513888888888888 0.04861111111111111 0.0 0.875 1074.894392635417 18.796868695240033 149
1.0 0.0 0.0 1.0 0.0 0.0 0.9534883720930233 1063.4518597984036 19.995604684881805 134
0.9782608695652174 0.021739130434782608 0.0 0.9774436090225563 0.022556390977443608 0.0 0.8045112781954887 1059.2210118127598 19.999521968291987 138
0.9921875 0.0078125 0.0 0.991869918699187 0.008130081300813009 0.0 0.8536585365853658 1075.1039122272598 20.072457301580943 128
0.991304347826087 0.008695652173913044 0.0 0.990909090909091 0.00909090909090909 0.0 0.9545454545454546 1084.7826699385594 20.598654847585227 115
0.9822485207100592 0.01775147928994083 0.0 0.9817073170731707 0.018292682926829267 0.0 1.0 1050.057756839308 18.330237418264087 169
0.9841269841269841 0.015873015873015872 0.0 0.9834710743801653 0.01652892561983471 0.0 0.7933884297520661 1056.4329827691793 19.347486111318418 126
1.0 0.0 0.0 1.0 0.0 0.0 0.7474747474747475 1075.5755356148884 21.09930142691633 104
0.8333333333333334 0.16666666666666666 0.0 0.8247422680412371 0.17525773195876287 0.0 0.5463917525773195 1086.1692103394869 20.37593051749713 102
0.9609375 0.0390625 0.0 0.959349593495935 0.04065040650406504 0.0 0.7804878048780488 1071.8330122813322 18.569488663644055 128
0.9787234042553191 0.02127659574468085 0.0 0.9779411764705882 0.022058823529411766 0.0 0.7352941176470589 1077.8887741671565 20.085319067158448 141
0.9290780141843972 0.07092198581560284 0.0 0.9264705882352942 0.07352941176470588 0.0 0.75 1032.304930783706 19.216661721499957 141
0.959349593495935 0.032520325203252036 0.008130081300813009 0.9576271186440678 0.03389830508474576 0.00847457627118644 0.8813559322033898 1042.3599262479722 20.53797406307796 123
0.9640287769784173 0.03597122302158273 0.0 0.9626865671641791 0.03731343283582089 0.0 0.7910447761194029 1087.0122256393024 20.221818093023614 139
0.9722222222222222 0.027777777777777776 0.0 0.9784172661870504 0.02158273381294964 0.0 0.7410071942446043 1032.2990617120859 18.097668600116602 144
0.9285714285714286 0.07142857142857142 0.0 0.9252336448598131 0.07476635514018691 0.0 0.7009345794392523 1087.377133053337 19.9708171326358 112
0.9448818897637795 0.05511811023622047 0.0 0.9426229508196722 0.05737704918032787 0.0 1.0 1064.2720583164833 19.925709139528262 127
0.9217877094972067 0.0782122905027933 0.0 0.9195402298850575 0.08045977011494253 0.0 0.0 1045.2772902113604 17.87051925074729 179
0.9586206896551724 0.041379310344827586 0.0 0.9571428571428572 0.04285714285714286 0.0 0.8 1056.0667180819787 19.764747736666887 145
0.978494623655914 0.021505376344086023 0.0 0.9886363636363636 0.011363636363636364 0.0 1.0 1069.9181571090114 20.511942642197326 93
0.9714285714285714 0.02857142857142857 0.0 0.9703703703703703 0.02962962962962963 0.0 0.8 1031.3803622747982 19.66085481861665 140
0.9767441860465116 0.023255813953488372 0.0 0.9758064516129032 0.024193548387096774 0.0 0.8145161290322581 1079.6449521106392 20.35522023025807 129
0.9591836734693877 0.04081632653061224 0.0 0.9577464788732394 0.04225352112676056 0.0 0.8028169014084507 1087.179018560349 19.557260164794037 147
0.979381443298969 0.020618556701030927 0.0 0.9782608695652174 0.021739130434782608 0.0 0.6195652173913043 1043.2061273506042 20.1184320055636 97
0.9801324503311258 0.019867549668874173 0.0 0.9794520547945206 0.02054794520547945 0.0 0.8082191780821918 1080.4197585946408 18.678079751808227 151
0.9801324503311258 0.019867549668874173 0.0 0.9794520547945206 0.02054794520547945 0.0 0.0136986301369863 1049.3748731225241 18.578747488584572 151
0.9928571428571429 0.007142857142857143 0.0 0.9925925925925926 0.007407407407407408 0.0 0.7555555555555555 1051.9451233585112 20.211519570645535 140
0.9807692307692307 0.019230769230769232 0.0 0.9797979797979798 0.020202020202020204 0.0 0.6363636363636364 1046.9936671429034 20.020296647826815 104
0.8992805755395683 0.10071942446043165 0.0 0.8955223880597015 0.1044776119402985 0.0 0.6791044776119403 1083.6160192464167 19.236549546837676 139
1.0 0.0 0.0 1.0 0.0 0.0 0.7476635514018691 1085.0417998618525 19.985163070009328 112
0.9912280701754386 0.008771929824561403 0.0 0.9908256880733946 0.009174311926605505 0.0 0.8073394495412844 1076.6372631617942 19.991540074737237 114
1.0 0.0 0.0 1.0 0.0 0.0 0.8636363636363636 1016.190291245621 20.331143121234078 115
0.9872611464968153 0.012738853503184714 0.0 0.9868421052631579 0.013157894736842105 0.0 0.35526315789473684 1087.4345732387756 18.24250004830975 157
0.9908256880733946 0.009174311926605505 0.0 0.9903846153846154 0.009615384615384616 0.0 0.8269230769230769 1065.7639326151243 20.083871167656294 109
0.9774436090225563 0.022556390977443608 0.0 0.9765625 0.0234375 0.0 0.8125 1080.9658638651845 19.385244900056758 133
0.9280575539568345 0.07194244604316546 0.0 0.9328358208955224 0.06716417910447761 0.0 0.6268656716417911 1087.4108215335718 18.908935530788494 139
0.9888888888888889 0.011111111111111112 0.0 0.9882352941176471 0.011764705882352941 0.0 0.6235294117647059 1077.2047136466258 20.1948273794669 90
0.9272727272727272 0.07272727272727272 0.0 0.9238095238095239 0.0761904761904762 0.0 0.580952380952381 1077.025010789506 19.88876056756325 110
0.9305555555555556 0.06944444444444445 0.0 0.9280575539568345 0.07194244604316546 0.0 0.697841726618705 1085.1681100568435 19.138299303728477 144
0.9930555555555556 0.006944444444444444 0.0 0.9928057553956835 0.007194244604316547 0.0 0.8273381294964028 1065.1740468649698 18.7740812902043 144
0.9863013698630136 0.0136986301369863 0.0 0.9858156028368794 0.014184397163120567 0.0 0.6099290780141844 1084.920345806649 19.674669341376752 146
0.937007874015748 0.06299212598425197 0.0 0.9344262295081968 0.06557377049180328 0.0 0.819672131147541 1086.3206160196492 20.714302168393544 127
0.9745222929936306 0.025477707006369428 0.0 0.9736842105263158 0.02631578947368421 0.0 0.39473684210526316 1080.35047438026 18.135309533137654 157
0.9318181818181818 0.06818181818181818 0.0 0.9291338582677166 0.07086614173228346 0.0 0.6771653543307087 1045.7747024162438 19.66279270992054 132
0.9327731092436975 0.06722689075630252 0.0 0.9298245614035088 0.07017543859649122 0.0 0.8245614035087719 1047.5478788522828 20.70903345697361 119
1.0 0.0 0.0 1.0 0.0 0.0 1.0 1006.5711283264112 18.670601267521036 149
0.9455782312925171 0.05442176870748299 0.0 0.9436619718309859 0.056338028169014086 0.0 0.6408450704225352 1012.1359672392981 19.12224803402867 147
0.9929078014184397 0.0070921985815602835 0.0 0.9926470588235294 0.007352941176470588 0.0 0.9264705882352942 1072.7234213231905 20.617605054645033 141
0.9685534591194969 0.031446540880503145 0.0 0.9675324675324676 0.032467532467532464 0.0 0.6558441558441559 1087.2790821095161 18.752493728273336 159
0.9929078014184397 0.0070921985815602835 0.0 0.9926470588235294 0.007352941176470588 0.0 0.0 1022.3900323061001 18.172884934041615 141
0.85 0.15 0.0 0.8518518518518519 0.14814814814814814 0.0 0.7777777777777778 1069.2811915860414 19.039004091916585 140
0.8896551724137931 0.1103448275862069 0.0 0.8928571428571429 0.10714285714285714 0.0 0.65 1019.3990879364547 16.605077071902418 145
0.993006993006993 0.006993006993006993 0.0 0.9927536231884058 0.007246376811594203 0.0 0.5434782608695652 1049.5108404521718 17.985974371589187 143
0.9923664122137404 0.007633587786259542 0.0 0.9920634920634921 0.007936507936507936 0.0 0.6746031746031746 1086.8362589184128 19.64351934005325 131
0.9710144927536232 0.028985507246376812 0.0 0.9699248120300752 0.03007518796992481 0.0 0.8045112781954887 1067.0720850869357 19.887443004634434 138
0.956140350877193 0.043859649122807015 0.0 0.963302752293578 0.03669724770642202 0.0 0.8532110091743119 1082.4100787444008 22.117319493847518 114
0.9612903225806452 0.03870967741935484 0.0 0.96 0.04 0.0 0.7133333333333334 1038.1728484752923 19.39836314617192 155
0.9920634920634921 0.007936507936507936 0.0 0.9917355371900827 0.008264462809917356 0.0 0.7603305785123967 1083.9210635426816 19.63429975313155 126
1.0 0.0 0.0 1.0 0.0 0.0 0.8362068965517241 1087.099635994532 20.333049702756902 121
1.0 0.0 0.0 1.0 0.0 0.0 0.9074074074074074 1069.2716188990926 20.330750033373068 113
0.8805031446540881 0.11949685534591195 0.0 0.8766233766233766 0.12337662337662338 0.0 0.551948051948052 1087.2897290299966 18.257980321699517 159
0.9841269841269841 0.015873015873015872 0.0 0.9834710743801653 0.01652892561983471 0.0 0.628099173553719 1085.9374070736699 19.259722658827755 126
0.9066666666666666 0.09333333333333334 0.0 0.903448275862069 0.09655172413793103 0.0 0.0 1055.26894917025 16.745581402136292 150
0.9502762430939227 0.049723756906077346 0.0 0.9488636363636364 0.05113636363636364 0.0 0.8465909090909091 1053.2034706989998 17.864793943635636 181
1.0 0.0 0.0 1.0 0.0 0.0 0.8409090909090909 929.1488391631245 18.332461510888177 137
0.9777777777777777 0.022222222222222223 0.0 0.9771428571428571 0.022857142857142857 0.0 0.7142857142857143 1086.8568968774616 18.75064914223247 180
0.9741935483870968 0.025806451612903226 0.0 0.98 0.02 0.0 0.78 1087.2378161220581 19.496851375100714 155
1.0 0.0 0.0 1.0 0.0 0.0 0.9888888888888889 1084.8819923259343 22.500716896866948 95
0.972027972027972 0.027972027972027972 0.0 0.9710144927536232 0.028985507246376812 0.0 0.9855072463768116 1074.641487480786 19.361325753161285 143
0.9823008849557522 0.017699115044247787 0.0 0.9814814814814815 0.018518518518518517 0.0 0.8981481481481481 1076.4578633188262 20.505232214185675 113
0.9466666666666667 0.05333333333333334 0.0 0.9448275862068966 0.05517241379310345 0.0 0.8206896551724138 1049.1570722122306 19.37959918521763 150
0.9848484848484849 0.015151515151515152 0.0 0.984251968503937 0.015748031496062992 0.0 0.6535433070866141 1075.7340776396416 19.74708030931031 132
1.0 0.0 0.0 1.0 0.0 0.0 0.4962962962962963 1065.594573635806 17.73124833123365 140
0.9482758620689655 0.05172413793103448 0.0 0.954954954954955 0.04504504504504504 0.0 0.8918918918918919 1046.7995684764462 20.190840070726566 116
0.9636363636363636 0.03636363636363636 0.0 0.9619047619047619 0.0380952380952381 0.0 1.0 1065.1874331231822 21.647189482073955 110
0.9634146341463414 0.036585365853658534 0.0 0.9622641509433962 0.03773584905660377 0.0 0.8050314465408805 1065.913125064284 19.495587898741462 164
1.0 0.0 0.0 1.0 0.0 0.0 0.7267080745341615 1025.7157325494904 18.6598435080983 166
0.9669421487603306 0.03305785123966942 0.0 0.9655172413793104 0.034482758620689655 0.0 0.7155172413793104 1087.3662264588777 20.074596708711056 121
0.9655172413793104 0.027586206896551724 0.006896551724137931 0.9642857142857143 0.02857142857142857 0.007142857142857143 0.7857142857142857 1014.7985421667879 19.281990396529103 145
0.896 0.104 0.0 0.9 0.1 0.0 0.725 1082.52405736029 19.263584664061316 125
0.9906542056074766 0.009345794392523364 0.0 0.9901960784313726 0.00980392156862745 0.0 0.8235294117647058 1055.5428518053664 20.884058016033894 107
0.9878787878787879 0.012121212121212121 0.0 0.9875 0.0125 0.0 0.8375 1022.3667068359274 18.897620095285276 165
0.9875 0.0125 0.0 0.9870967741935484 0.012903225806451613 0.0 0.9290322580645162 1078.5331532756227 18.760716304189007 160
0.9252336448598131 0.07476635514018691 0.0 0.9215686274509803 0.0784313725490196 0.0 0.7058823529411765 1056.9643862106302 20.594375285699954 107
0.9913793103448276 0.008620689655172414 0.0 0.990990990990991 0.009009009009009009 0.0 0.7657657657657657 1073.7215179557209 19.583026873738483 116
1.0 0.0 0.0 1.0 0.0 0.0 0.65 989.2622612088525 19.18705233157073 145
0.8865248226950354 0.11347517730496454 0.0 0.8823529411764706 0.11764705882352941 0.0 0.47794117647058826 1045.1184756424677 18.789929054898682 141
0.9844961240310077 0.015503875968992248 0.0 0.9919354838709677 0.008064516129032258 0.0 0.8790322580645161 1076.1464134957464 19.322071875712062 129
0.9809523809523809 0.01904761904761905 0.0 0.98 0.02 0.0 0.7 1087.3193099148732 20.531040773848503 105
0.9636363636363636 0.02727272727272727 0.00909090909090909 0.9619047619047619 0.02857142857142857 0.009523809523809525 0.8571428571428571 1068.9481509519467 20.263251496781596 110
0.9658119658119658 0.03418803418803419 0.0 0.9642857142857143 0.03571428571428571 0.0 0.8035714285714286 1055.9695976788132 20.054849186191998 117
0.9553571428571429 0.044642857142857144 0.0 0.9532710280373832 0.04672897196261682 0.0 0.5327102803738317 1086.0000168267807 18.82612775189646 112
0.9338235294117647 0.0661764705882353 0.0 0.9312977099236641 0.06870229007633588 0.0 0.7633587786259542 1009.2968816709035 18.78034319162855 136
0.9913793103448276 0.008620689655172414 0.0 0.990990990990991 0.009009009009009009 0.0 0.8378378378378378 1060.2571833370885 19.33710972147749 116
0.9381443298969072 0.061855670103092786 0.0 0.9456521739130435 0.05434782608695652 0.0 0.8152173913043478 1051.6700993293582 20.306075788521127 97
1.0 0.0 0.0 1.0 0.0 0.0 0.9905660377358491 1065.7489963483004 21.29796459804284 111
1.0 0.0 0.0 1.0 0.0 0.0 0.7383177570093458 1076.4238352494322 20.90866516746996 112
0.9930555555555556 0.006944444444444444 0.0 0.9928057553956835 0.007194244604316547 0.0 0.6834532374100719 1085.3104421596793 18.689424631001813 144
0.9913793103448276 0.008620689655172414 0.0 0.990990990990991 0.009009009009009009 0.0 0.6756756756756757 1078.5051139458321 19.55593106426934 116
0.9576271186440678 0.0423728813559322 0.0 0.9557522123893806 0.04424778761061947 0.0 0.8938053097345132 1080.7583262318503 21.426726338772315 118
0.9637681159420289 0.036231884057971016 0.0 0.9624060150375939 0.03759398496240601 0.0 0.8721804511278195 1077.424950155876 19.51628416603314 138
0.95625 0.0375 0.00625 0.9548387096774194 0.03870967741935484 0.0064516129032258064 0.6774193548387096 1077.4030742157322 18.752034809200392 160
0.970873786407767 0.02912621359223301 0.0 0.9693877551020408 0.030612244897959183 0.0 0.7551020408163265 1053.106019320784 22.34305778110522 103
0.9857142857142858 0.014285714285714285 0.0 0.9851851851851852 0.014814814814814815 0.0 0.8 1083.8145651507305 19.28004007419544 140
0.9583333333333334 0.041666666666666664 0.0 0.9565217391304348 0.043478260869565216 0.0 0.7304347826086957 1059.4869309780888 19.85666059150251 120
0.9523809523809523 0.047619047619047616 0.0 0.9507042253521126 0.04929577464788732 0.0 0.6619718309859155 1051.390247545459 19.613646741581206 147
0.9304347826086956 0.06956521739130435 0.0 0.9272727272727272 0.07272727272727272 0.0 0.7727272727272727 1060.5880955582095 20.983232011934653 115
0.963855421686747 0.03614457831325301 0.0 0.9627329192546584 0.037267080745341616 0.0 0.5962732919254659 1087.3933488362952 19.17134203734297 166
0.9206349206349206 0.07936507936507936 0.0 0.9173553719008265 0.08264462809917356 0.0 0.7768595041322314 1066.5645790854776 20.448451797362676 126
0.967741935483871 0.03225806451612903 0.0 0.9663865546218487 0.03361344537815126 0.0 0.8235294117647058 1039.731324339853 19.801932675335046 124
0.9929577464788732 0.007042253521126761 0.0 0.9927007299270073 0.0072992700729927005 0.0 0.7299270072992701 1085.964730978483 18.849295723752785 142
0.9858156028368794 0.014184397163120567 0.0 0.9852941176470589 0.014705882352941176 0.0 0.9264705882352942 1084.2399779951327 19.344318297302813 141
0.9464285714285714 0.05357142857142857 0.0 0.9439252336448598 0.056074766355140186 0.0 0.7009345794392523 1087.4283870863928 18.88447915350639 112
0.9651162790697675 0.03488372093023256 0.0 0.9629629629629629 0.037037037037037035 0.0 0.8395061728395061 1082.4696991178093 21.964455203911523 86
0.9402173913043478 0.059782608695652176 0.0 0.9385474860335196 0.061452513966480445 0.0 0.5139664804469274 1053.5897768289894 16.89609025221243 184
0.9037037037037037 0.08888888888888889 0.007407407407407408 0.9 0.09230769230769231 0.007692307692307693 0.6692307692307692 1017.8316204639981 19.393849879966062 135
0.9862068965517241 0.013793103448275862 0.0 0.9857142857142858 0.014285714285714285 0.0 0.5642857142857143 1015.1046399818102 18.506099306185668 145
0.9603174603174603 0.03968253968253968 0.0 0.9586776859504132 0.04132231404958678 0.0 0.7520661157024794 1051.1106202282515 19.464524378687585 126
0.9632352941176471 0.03676470588235294 0.0 0.9618320610687023 0.03816793893129771 0.0 0.7938931297709924 1082.05491578416 20.141931024793006 136
