1.0 0.0 0.0 1.0 0.0 0.0 0.8103448275862069 1072.3433387756702 20.517945341200814 121
1.0 0.0 0.0 1.0 0.0 0.0 0.6013071895424836 1052.9502902832126 18.98298631349124 158
1.0 0.0 0.0 1.0 0.0 0.0 0.8092105263157895 1083.8243255560285 18.02754858240541 157
1.0 0.0 0.0 1.0 0.0 0.0 0.7373737373737373 1065.2766909829877 20.308961677155843 104
1.0 0.0 0.0 1.0 0.0 0.0 0.9416666666666667 1003.008578206024 19.17857513466951 125
1.0 0.0 0.0 1.0 0.0 0.0 0.7225806451612903 1047.4590165372242 18.350972022662557 160
1.0 0.0 0.0 1.0 0.0 0.0 0.7478991596638656 1064.977484551635 19.409546751436903 124
1.0 0.0 0.0 1.0 0.0 0.0 0.7413793103448276 1060.416273020074 18.510020991713343 121
1.0 0.0 0.0 1.0 0.0 0.0 0.7878787878787878 1021.6480638800738 18.590945080467947 137
1.0 0.0 0.0 1.0 0.0 0.0 0.68 1087.465917368455 18.36731263066444 155
1.0 0.0 0.0 1.0 0.0 0.0 0.6818181818181818 1087.394478189879 18.397392592807336 137
1.0 0.0 0.0 1.0 0.0 0.0 0.6126126126126126 1068.487752963153 20.284903854817333 116
1.0 0.0 0.0 1.0 0.0 0.0 0.7868852459016393 1084.7454801677789 19.625800010832272 127
1.0 0.0 0.0 1.0 0.0 0.0 0.02027027027027027 1013.7304335931154 16.763802822891666 153
1.0 0.0 0.0 1.0 0.0 0.0 0.7829457364341085 1087.154651738234 19.67245564161781 134
1.0 0.0 0.0 1.0 0.0 0.0 0.32 1068.7968252073497 17.52285446404058 180
1.0 0.0 0.0 1.0 0.0 0.0 0.768 1004.5091977121034 18.122748068425256 130
1.0 0.0 0.0 1.0 0.0 0.0 0.6756756756756757 1053.42624440648 19.96927180336455 116
1.0 0.0 0.0 1.0 0.0 0.0 0.9230769230769231 1034.6963833682294 19.922491525875344 122
1.0 0.0 0.0 1.0 0.0 0.0 0.7114093959731543 1087.200676277127 17.785247513447615 154
1.0 0.0 0.0 1.0 0.0 0.0 0.625 1087.3254436104644 18.588126121043782 133
1.0 0.0 0.0 1.0 0.0 0.0 0.34 1019.6240169299052 17.734376124164232 155
1.0 0.0 0.0 1.0 0.0 0.0 0.7758620689655172 1087.022838204056 19.54641796039237 121
1.0 0.0 0.0 1.0 0.0 0.0 0.9523809523809523 1067.3328894057627 19.052542434105998 152
1.0 0.0 0.0 1.0 0.0 0.0 0.7941176470588235 1038.649244477101 20.22396177495743 107
1.0 0.0 0.0 1.0 0.0 0.0 0.7479674796747967 1048.1663652443867 19.637907523900907 128
1.0 0.0 0.0 1.0 0.0 0.0 0.9803921568627451 1073.0560789829183 20.109183983970706 107
1.0 0.0 0.0 1.0 0.0 0.0 0.6172839506172839 1082.3644148147707 17.657859987264278 167
1.0 0.0 0.0 1.0 0.0 0.0 0.7816901408450704 1066.2871677447204 19.004094043650973 147
1.0 0.0 0.0 1.0 0.0 0.0 0.6636363636363637 1033.4551141638276 19.60673616128428 115
1.0 0.0 0.0 1.0 0.0 0.0 0.7542372881355932 1053.8664521759106 19.439628689551252 123
1.0 0.0 0.0 1.0 0.0 0.0 0.6190476190476191 1079.1725045495866 19.602841661087286 131
1.0 0.0 0.0 1.0 0.0 0.0 0.8129032258064516 1033.4493190637068 16.966621462255016 160
1.0 0.0 0.0 1.0 0.0 0.0 0.8571428571428571 1021.6332105725834 19.95906132234043 117
1.0 0.0 0.0 1.0 0.0 0.0 0.8558558558558559 1054.393158261598 20.97287981852238 116
1.0 0.0 0.0 1.0 0.0 0.0 0.6823529411764706 1084.1036531957025 19.74225673256047 90
1.0 0.0 0.0 1.0 0.0 0.0 0.6901408450704225 1062.9693855232829 19.932505014432387 147
1.0 0.0 0.0 1.0 0.0 0.0 0.38509316770186336 1085.7878575036316 17.34451042344677 166
1.0 0.0 0.0 1.0 0.0 0.0 0.6515151515151515 1086.6953170070703 19.0711491990739 137
1.0 0.0 0.0 1.0 0.0 0.0 0.8092105263157895 940.0636837449091 19.14641376262915 157
1.0 0.0 0.0 1.0 0.0 0.0 0.9680851063829787 1031.1824757537252 19.867352981766903 99
1.0 0.0 0.0 1.0 0.0 0.0 0.8541666666666666 1052.3510590959281 18.34904566525219 149
1.0 0.0 0.0 1.0 0.0 0.0 0.8264462809917356 1016.0906686127622 20.059258235787844 126
1.0 0.0 0.0 1.0 0.0 0.0 0.6771653543307087 1087.3526780808893 19.600191319302464 132
1.0 0.0 0.0 1.0 0.0 0.0 0.8968253968253969 1048.353874002735 19.206921433266636 131
1.0 0.0 0.0 1.0 0.0 0.0 0.6739130434782609 1087.4184163759714 18.546792381555225 143
1.0 0.0 0.0 1.0 0.0 0.0 0.7046979865771812 1021.4048553700001 18.463743573803598 154
1.0 0.0 0.0 1.0 0.0 0.0 0.7323943661971831 1082.4939279100404 19.18936264773167 147
1.0 0.0 0.0 1.0 0.0 0.0 0.86 1071.0581933967287 19.72085266660596 105
1.0 0.0 0.0 1.0 0.0 0.0 0.6992481203007519 1080.652635406133 18.969630797610396 138
1.0 0.0 0.0 1.0 0.0 0.0 0.6890756302521008 1086.3969572377878 19.895448916808782 124
1.0 0.0 0.0 1.0 0.0 0.0 0.6864406779661016 1050.4337596190458 20.378189743474213 123
1.0 0.0 0.0 1.0 0.0 0.0 0.8013698630136986 1065.4874464486472 19.321248307251917 151
1.0 0.0 0.0 1.0 0.0 0.0 0.9911504424778761 1057.4625320842006 20.74106501718112 118
1.0 0.0 0.0 1.0 0.0 0.0 0.5882352941176471 1085.6029263015307 20.66321122983633 107
1.0 0.0 0.0 1.0 0.0 0.0 0.7394957983193278 1073.6479802993913 18.940663947730293 124
1.0 0.0 0.0 1.0 0.0 0.0 0.8642857142857143 1060.224756466591 18.894786600932285 145
1.0 0.0 0.0 1.0 0.0 0.0 0.8495575221238938 1086.6654668125377 19.016512481302872 118
1.0 0.0 0.0 1.0 0.0 0.0 0.8813559322033898 1058.0971257955496 18.97097410264178 123
1.0 0.0 0.0 1.0 0.0 0.0 0.7821782178217822 1057.8717370240995 20.627891489602025 106
1.0 0.0 0.0 1.0 0.0 0.0 0.6311475409836066 1053.926668183792 18.70952233760531 127
1.0 0.0 0.0 1.0 0.0 0.0 0.6071428571428571 1086.3863677799034 20.378616981514718 117
1.0 0.0 0.0 1.0 0.0 0.0 0.8157894736842105 1082.725663853043 20.342149087584737 119
1.0 0.0 0.0 1.0 0.0 0.0 0.7751937984496124 1055.049424687778 19.174443181862287 134
1.0 0.0 0.0 1.0 0.0 0.0 0.8378378378378378 1045.8453399520138 19.525174824624653 116
1.0 0.0 0.0 1.0 0.0 0.0 0.35714285714285715 1016.6145522720958 17.631336818243852 131
1.0 0.0 0.0 1.0 0.0 0.0 0.5680473372781065 1080.9359348894636 18.38476615754627 174
1.0 0.0 0.0 1.0 0.0 0.0 0.6746987951807228 1086.3604817335213 18.543685078298203 171
1.0 0.0 0.0 1.0 0.0 0.0 0.6483516483516484 1087.410233490779 17.879287824333588 187
1.0 0.0 0.0 1.0 0.0 0.0 0.7755102040816326 1059.0218943618127 19.597637394995697 152
1.0 0.0 0.0 1.0 0.0 0.0 0.727810650887574 1087.1105078501746 17.812391048908772 174
1.0 0.0 0.0 1.0 0.0 0.0 0.7757009345794392 1086.7699812190135 20.48233755783527 112
1.0 0.0 0.0 1.0 0.0 0.0 0.7016129032258065 989.0051784953914 17.99536167281157 129
1.0 0.0 0.0 1.0 0.0 0.0 0.0 1044.248471895013 18.231913234180396 157
1.0 0.0 0.0 1.0 0.0 0.0 0.8636363636363636 1085.3887157578342 19.64996242663821 137
1.0 0.0 0.0 1.0 0.0 0.0 0.6504065040650406 1054.3408563775192 19.11897673508201 128
1.0 0.0 0.0 1.0 0.0 0.0 0.7142857142857143 980.2924193825475 18.879468705166136 138
1.0 0.0 0.0 1.0 0.0 0.0 0.8888888888888888 1046.3534611758369 19.24110920197036 86
1.0 0.0 0.0 1.0 0.0 0.0 0.3032258064516129 1087.254289979495 18.08861100748226 160
1.0 0.0 0.0 1.0 0.0 0.0 0.8981481481481481 1070.6340908658517 20.00585716251578 113
1.0 0.0 0.0 1.0 0.0 0.0 0.8943089430894309 1054.8878176005178 19.617076971885023 128
1.0 0.0 0.0 1.0 0.0 0.0 0.48120300751879697 1087.2161921018283 18.902443111397076 138
1.0 0.0 0.0 1.0 0.0 0.0 0.7402597402597403 1013.0058595342258 17.63244324190265 159
1.0 0.0 0.0 1.0 0.0 0.0 0.6748466257668712 1085.1943498266733 17.837579827249968 168
1.0 0.0 0.0 1.0 0.0 0.0 0.8409090909090909 1069.8678793049 20.5850019069047 137
1.0 0.0 0.0 1.0 0.0 0.0 0.6105263157894737 1072.57987105276 20.361677434781317 100
1.0 0.0 0.0 1.0 0.0 0.0 0.8421052631578947 1060.0966268389454 20.296166102207444 119
1.0 0.0 0.0 1.0 0.0 0.0 0.6766917293233082 1046.5730884702753 18.457341248825315 138
1.0 0.0 0.0 1.0 0.0 0.0 0.981651376146789 1034.2195063180302 20.244306418414787 114
1.0 0.0 0.0 1.0 0.0 0.0 0.0 1053.0933478144761 17.41909201153417 151
1.0 0.0 0.0 1.0 0.0 0.0 0.6694214876033058 1076.7287859376154 19.372449575779036 126
1.0 0.0 0.0 1.0 0.0 0.0 0.8828125 1082.6214438396648 19.021491491888764 133
1.0 0.0 0.0 1.0 0.0 0.0 0.6290322580645161 1072.5916529789297 19.15067790022636 129
1.0 0.0 0.0 1.0 0.0 0.0 0.968503937007874 1076.4125694265415 20.38435991127228 132
1.0 0.0 0.0 1.0 0.0 0.0 0.0 1046.1200202623809 16.945168710234455 190
1.0 0.0 0.0 1.0 0.0 0.0 0.7333333333333333 1031.239680788492 18.730089504586395 125
1.0 0.0 0.0 1.0 0.0 0.0 0.7349397590361446 1072.8204930715042 20.926932231815975 88
1.0 0.0 0.0 1.0 0.0 0.0 0.475177304964539 1083.7096522007532 17.839580851701193 146
1.0 0.0 0.0 1.0 0.0 0.0 0.8108108108108109 1083.8448509482005 18.882103149274407 153
1.0 0.0 0.0 1.0 0.0 0.0 0.6598639455782312 1087.2994098831202 18.415771053454474 152
1.0 0.0 0.0 1.0 0.0 0.0 0.55 1021.266390396473 20.403957580639403 105
1.0 0.0 0.0 1.0 0.0 0.0 0.6753246753246753 1072.0365836459484 17.345723681371542 159
1.0 0.0 0.0 1.0 0.0 0.0 0.5037037037037037 1067.8235482685068 18.598772012090645 140
1.0 0.0 0.0 1.0 0.0 0.0 0.7721518987341772 1081.050459638464 18.94263369450384 163
1.0 0.0 0.0 1.0 0.0 0.0 0.6808510638297872 1066.8099700675332 19.719979387834364 146
1.0 0.0 0.0 1.0 0.0 0.0 0.9069767441860465 1079.143483273678 19.556810158450343 134
1.0 0.0 0.0 1.0 0.0 0.0 0.5702479338842975 1033.9029371556046 19.236260725471105 126
1.0 0.0 0.0 1.0 0.0 0.0 0.6923076923076923 1087.4319828948512 18.310658095887693 174
1.0 0.0 0.0 1.0 0.0 0.0 0.6950354609929078 1062.7980483964357 18.213382609880842 146
1.0 0.0 0.0 1.0 0.0 0.0 0.5639097744360902 1019.607684064939 17.331779089718573 138
1.0 0.0 0.0 1.0 0.0 0.0 0.7533333333333333 1047.0037334860783 18.53006643474721 155
1.0 0.0 0.0 1.0 0.0 0.0 0.7802197802197802 1075.4447226993232 20.29675829403561 96
1.0 0.0 0.0 1.0 0.0 0.0 0.7898550724637681 1081.1885904742437 19.32607505595479 143
1.0 0.0 0.0 1.0 0.0 0.0 0.6824324324324325 1027.3529881468135 17.986529294971927 153
1.0 0.0 0.0 1.0 0.0 0.0 0.8907563025210085 1078.8009737270177 20.385654448368058 124
1.0 0.0 0.0 1.0 0.0 0.0 0.7024793388429752 1073.2782163964641 19.3738221946506 126
1.0 0.0 0.0 1.0 0.0 0.0 0.5972222222222222 1081.6349390949101 19.008252637293037 149
1.0 0.0 0.0 1.0 0.0 0.0 0.8014705882352942 1058.2827582621064 18.635143226891145 141
1.0 0.0 0.0 1.0 0.0 0.0 0.5328467153284672 1080.9855519831538 17.259271271552006 142
1.0 0.0 0.0 1.0 0.0 0.0 0.7416666666666667 1079.9018190535085 19.255157273469507 125
1.0 0.0 0.0 1.0 0.0 0.0 0.4528301886792453 1021.7243171579381 17.39720549201208 164
1.0 0.0 0.0 1.0 0.0 0.0 0.8203125 1087.4454071473951 18.682403103833618 133
1.0 0.0 0.0 1.0 0.0 0.0 0.7652173913043478 1071.9050785816996 20.431918912586603 120
1.0 0.0 0.0 1.0 0.0 0.0 0.7012987012987013 1087.4471401506396 18.43596614255675 159
1.0 0.0 0.0 1.0 0.0 0.0 0.7741935483870968 1052.8264882279127 20.47749737417928 98
1.0 0.0 0.0 1.0 0.0 0.0 0.6759259259259259 1086.438765169061 19.291777603694737 113
1.0 0.0 0.0 1.0 0.0 0.0 0.8870967741935484 1061.5261657732792 19.42526291748025 129
1.0 0.0 0.0 1.0 0.0 0.0 0.7484662576687117 1050.681122562213 18.697115489414465 168
1.0 0.0 0.0 1.0 0.0 0.0 0.6875 1058.519892797571 16.923062352843345 181
1.0 0.0 0.0 1.0 0.0 0.0 0.7362637362637363 997.4245161868174 20.833643484801765 96
1.0 0.0 0.0 1.0 0.0 0.0 0.0 1071.6583398755718 17.77770128022433 181
1.0 0.0 0.0 1.0 0.0 0.0 0.8692307692307693 986.8633177348654 18.935040353454067 135
1.0 0.0 0.0 1.0 0.0 0.0 0.7037037037037037 1023.759208677642 20.358205042025013 113
1.0 0.0 0.0 1.0 0.0 0.0 0.6690647482014388 1087.3482998740596 18.028690590528075 144
1.0 0.0 0.0 1.0 0.0 0.0 0.6324786324786325 1074.8301181187865 20.69530230947247 122
1.0 0.0 0.0 1.0 0.0 0.0 0.8785714285714286 1082.2894354420625 19.33745162272022 145
1.0 0.0 0.0 1.0 0.0 0.0 0.9247311827956989 1077.4494604170802 21.15731724068833 98
1.0 0.0 0.0 1.0 0.0 0.0 0.8125 1074.520513111034 19.70062487554303 133
1.0 0.0 0.0 1.0 0.0 0.0 0.5981308411214953 1086.4711995596674 19.588419357218726 112
1.0 0.0 0.0 1.0 0.0 0.0 0.6170212765957447 1082.1072594066775 19.542209537841902 146
1.0 0.0 0.0 1.0 0.0 0.0 0.8222222222222222 1083.084845376702 19.034922880495944 140
1.0 0.0 0.0 1.0 0.0 0.0 0.6347826086956522 1069.2236027989195 18.870002643089105 120
1.0 0.0 0.0 1.0 0.0 0.0 1.0 1049.9467213936805 19.018877405553976 116
1.0 0.0 0.0 1.0 0.0 0.0 0.30625 1066.1735228764592 17.173023239214924 165
1.0 0.0 0.0 1.0 0.0 0.0 0.8148148148148148 1085.8243277095637 21.73531010999453 86
1.0 0.0 0.0 1.0 0.0 0.0 0.958904109589041 1043.1929382141482 22.571360752982475 78
1.0 0.0 0.0 1.0 0.0 0.0 0.5928571428571429 1044.7338462924406 18.791114398070395 145
1.0 0.0 0.0 1.0 0.0 0.0 0.65 1087.4575646478527 17.282637211107783 165
1.0 0.0 0.0 1.0 0.0 0.0 0.7256637168141593 1078.1764363598058 19.71890171470136 118
1.0 0.0 0.0 1.0 0.0 0.0 0.8021978021978022 1046.7853459306239 20.992906828613513 96
1.0 0.0 0.0 1.0 0.0 0.0 0.7105263157894737 1085.2568620061984 20.03010515819139 119
1.0 0.0 0.0 1.0 0.0 0.0 0.7894736842105263 1079.7169702044666 18.56250705075185 157
1.0 0.0 0.0 1.0 0.0 0.0 0.0 986.7839884084108 17.417881280226965 169
1.0 0.0 0.0 1.0 0.0 0.0 0.4049079754601227 1050.275361942375 17.73144598910621 168
1.0 0.0 0.0 1.0 0.0 0.0 0.889763779527559 1059.2436032232727 18.905694692834402 132
1.0 0.0 0.0 1.0 0.0 0.0 0.7217391304347827 1026.3227672171902 20.137233868216192 120
1.0 0.0 0.0 1.0 0.0 0.0 0.9205298013245033 1076.4232226461045 19.17368671011724 156
0.9931972789115646 0.006802721088435374 0.0 0.9929577464788732 0.007042253521126761 0.0 0.28169014084507044 1074.4314315768754 17.19762479459584 147
1.0 0.0 0.0 1.0 0.0 0.0 0.6990291262135923 1010.5563563110991 19.38398747407002 108
1.0 0.0 0.0 1.0 0.0 0.0 0.6 1052.408368390586 18.63133922943122 150
1.0 0.0 0.0 1.0 0.0 0.0 0.4065934065934066 1087.4494837575355 18.386065484755274 96
1.0 0.0 0.0 1.0 0.0 0.0 0.8058252427184466 1067.8248904683526 20.27124434118927 108
1.0 0.0 0.0 1.0 0.0 0.0 0.7758620689655172 1086.8915175201826 19.004867553543992 121
1.0 0.0 0.0 1.0 0.0 0.0 0.8235294117647058 1027.9951542345798 20.13467051264066 107
1.0 0.0 0.0 1.0 0.0 0.0 0.8768115942028986 1080.4069208609346 18.235149301306375 143
1.0 0.0 0.0 1.0 0.0 0.0 0.673469387755102 1078.1312552070046 18.435739270463866 152
1.0 0.0 0.0 1.0 0.0 0.0 0.7894736842105263 997.8021681476272 18.624232654287542 157
1.0 0.0 0.0 1.0 0.0 0.0 0.7444444444444445 1054.8214323817044 16.53501445995883 185
1.0 0.0 0.0 1.0 0.0 0.0 0.015625 1087.1442004535722 17.730311834629344 197
1.0 0.0 0.0 1.0 0.0 0.0 0.6722689075630253 1079.802544812947 19.989052066431213 124
1.0 0.0 0.0 1.0 0.0 0.0 0.6864406779661016 1086.2373246284142 19.808566066896617 123
1.0 0.0 0.0 1.0 0.0 0.0 0.7083333333333334 1086.2784459680413 19.79580240131148 101
1.0 0.0 0.0 1.0 0.0 0.0 0.8775510204081632 1002.4466259004935 18.15227009978411 152
1.0 0.0 0.0 1.0 0.0 0.0 0.0 1038.0891632015332 17.877484490916178 159
1.0 0.0 0.0 1.0 0.0 0.0 0.5909090909090909 1087.353236932437 18.95837332931145 137
1.0 0.0 0.0 1.0 0.0 0.0 0.6633663366336634 1087.068571837604 18.578630834086827 106
1.0 0.0 0.0 1.0 0.0 0.0 0.7777777777777778 1086.9774814880889 19.18251934636167 167
1.0 0.0 0.0 1.0 0.0 0.0 0.6388888888888888 1015.7481064769722 20.339817012877052 113
1.0 0.0 0.0 1.0 0.0 0.0 0.9926470588235294 1079.4505491667971 17.862272326260147 141
1.0 0.0 0.0 1.0 0.0 0.0 0.723404255319149 1075.4536418368675 19.49152963694557 146
1.0 0.0 0.0 1.0 0.0 0.0 0.16774193548387098 1084.7882250171133 17.740433191395585 160
1.0 0.0 0.0 1.0 0.0 0.0 0.911504424778761 1085.917474630605 20.299126474036875 118
1.0 0.0 0.0 1.0 0.0 0.0 0.7818181818181819 1079.7090433221863 17.39128291315759 170
1.0 0.0 0.0 1.0 0.0 0.0 0.0 1077.447225554502 17.414317630012388 200
1.0 0.0 0.0 1.0 0.0 0.0 0.005988023952095809 1087.4223373207408 16.733773602621017 172
1.0 0.0 0.0 1.0 0.0 0.0 0.9915254237288136 1085.606271520524 18.433259189705034 123
1.0 0.0 0.0 1.0 0.0 0.0 0.7470588235294118 1065.1514840819618 17.5102132040116 175
1.0 0.0 0.0 1.0 0.0 0.0 0.5929203539823009 1060.9772710831871 19.630111097070643 118
1.0 0.0 0.0 1.0 0.0 0.0 0.7112676056338029 1058.7680623858146 18.728347640003687 147
1.0 0.0 0.0 1.0 0.0 0.0 0.6149068322981367 1029.3605139430897 18.09295870080677 166
1.0 0.0 0.0 1.0 0.0 0.0 0.43575418994413406 1087.4085563312124 17.556369955273116 184
1.0 0.0 0.0 1.0 0.0 0.0 0.9705882352941176 1049.3635196664559 20.240930133822122 107
1.0 0.0 0.0 1.0 0.0 0.0 0.0 1059.4939785265917 18.110270051748085 166
1.0 0.0 0.0 1.0 0.0 0.0 0.6727272727272727 1087.471850404519 18.691234203009323 170
1.0 0.0 0.0 1.0 0.0 0.0 0.47019867549668876 1087.412346863119 18.651421757400847 156
1.0 0.0 0.0 1.0 0.0 0.0 0.4897959183673469 1073.3644718814196 18.32818048296411 152
1.0 0.0 0.0 1.0 0.0 0.0 0.37267080745341613 967.7150074309166 16.645940175573113 166
1.0 0.0 0.0 1.0 0.0 0.0 0.5982905982905983 1042.3210285404523 18.790937491246034 122
1.0 0.0 0.0 1.0 0.0 0.0 0.8761061946902655 1085.9651466408811 19.01146196628704 118
1.0 0.0 0.0 1.0 0.0 0.0 0.0 1056.2047672812014 17.287702153124545 148
1.0 0.0 0.0 1.0 0.0 0.0 0.5254237288135594 1073.379959664481 19.199253870772992 123
1.0 0.0 0.0 1.0 0.0 0.0 0.959349593495935 1063.0946422042985 20.26206748606235 128
1.0 0.0 0.0 1.0 0.0 0.0 0.9090909090909091 1078.0290532174777 20.356537670599817 104
1.0 0.0 0.0 1.0 0.0 0.0 0.7373737373737373 1066.8416527147547 20.188037368078366 104
1.0 0.0 0.0 1.0 0.0 0.0 0.6912751677852349 1081.1271158855993 18.206484609865903 154
1.0 0.0 0.0 1.0 0.0 0.0 0.8865248226950354 1064.183920251222 19.278826475556976 146
1.0 0.0 0.0 1.0 0.0 0.0 0.7777777777777778 1044.8442349346315 18.837679587851312 158
1.0 0.0 0.0 1.0 0.0 0.0 0.7372262773722628 1087.240086828046 17.967343825429033 142
1.0 0.0 0.0 1.0 0.0 0.0 0.6808510638297872 960.6500465725852 17.264257261572542 146
1.0 0.0 0.0 1.0 0.0 0.0 0.5289855072463768 1087.1420772420072 17.975542534491204 143
1.0 0.0 0.0 1.0 0.0 0.0 0.6076923076923076 1050.7170616068277 19.32627037394429 135
1.0 0.0 0.0 1.0 0.0 0.0 0.7471264367816092 1086.644601113258 19.198422996279362 92
1.0 0.0 0.0 1.0 0.0 0.0 0.8739495798319328 1018.4864331888659 19.56182382550086 124
1.0 0.0 0.0 1.0 0.0 0.0 0.7523809523809524 1077.2490624396833 20.335982060830066 110
1.0 0.0 0.0 1.0 0.0 0.0 0.4112903225806452 1087.3362059891083 17.829177697294416 129
1.0 0.0 0.0 1.0 0.0 0.0 0.4666666666666667 1059.816028466852 18.745667545835914 170
1.0 0.0 0.0 1.0 0.0 0.0 0.8222222222222222 1086.4178399168386 18.21992686200858 140
1.0 0.0 0.0 1.0 0.0 0.0 0.7465753424657534 1087.4913042951139 19.285635101291522 151
1.0 0.0 0.0 1.0 0.0 0.0 0.6692913385826772 1086.9749123721542 19.163301296278334 132
1.0 0.0 0.0 1.0 0.0 0.0 0.6730769230769231 1087.27748996926 18.592492679816353 109
1.0 0.0 0.0 1.0 0.0 0.0 0.8135593220338984 1069.5066356938025 19.25073946704025 123
1.0 0.0 0.0 1.0 0.0 0.0 0.4153846153846154 1055.8805717222779 18.292483835836077 135
1.0 0.0 0.0 1.0 0.0 0.0 0.7074829931972789 1066.0864518307085 18.872757568367795 152
1.0 0.0 0.0 1.0 0.0 0.0 0.41025641025641024 1066.4677592541886 18.51230193079642 122
1.0 0.0 0.0 1.0 0.0 0.0 0.6594202898550725 1079.2997118220278 18.98854486249813 143
1.0 0.0 0.0 1.0 0.0 0.0 0.9135802469135802 1034.6565966941182 21.472151502428275 86
1.0 0.0 0.0 1.0 0.0 0.0 0.9385964912280702 1050.1418020696344 20.063150976318028 119
1.0 0.0 0.0 1.0 0.0 0.0 0.5533333333333333 1082.7391720064848 18.333254878403075 155
1.0 0.0 0.0 1.0 0.0 0.0 0.7933333333333333 1066.2565820205432 18.366982201960166 155
1.0 0.0 0.0 1.0 0.0 0.0 0.5957446808510638 1086.373415605737 18.327292174795826 146
1.0 0.0 0.0 1.0 0.0 0.0 0.7876106194690266 1054.2383615064944 19.496642212064486 118
1.0 0.0 0.0 1.0 0.0 0.0 0.7430555555555556 1065.979384011004 18.357177731751698 149
1.0 0.0 0.0 1.0 0.0 0.0 0.664 1087.429755511178 18.671349109003543 130
1.0 0.0 0.0 1.0 0.0 0.0 0.7379310344827587 1084.6802681081472 18.38367262610571 150
1.0 0.0 0.0 1.0 0.0 0.0 1.0 1084.5060871579815 21.63618958518166 103
1.0 0.0 0.0 1.0 0.0 0.0 0.7391304347826086 1082.5813275236455 19.684371173040795 143
1.0 0.0 0.0 1.0 0.0 0.0 0.7235772357723578 1087.1340225657518 19.28235528166183 128
1.0 0.0 0.0 1.0 0.0 0.0 0.0 1065.8925772857876 17.923768462078456 206
1.0 0.0 0.0 1.0 0.0 0.0 0.7017543859649122 1073.2131704357585 19.416193949443283 119
1.0 0.0 0.0 1.0 0.0 0.0 0.7830188679245284 1040.7003459389023 20.721503259948026 111
1.0 0.0 0.0 1.0 0.0 0.0 0.7768595041322314 1082.8698637999337 18.055410517170788 126
1.0 0.0 0.0 1.0 0.0 0.0 0.0 1048.9994558619815 18.485625222856605 160
1.0 0.0 0.0 1.0 0.0 0.0 0.7372881355932204 1042.6429959709437 19.217153700147524 123
1.0 0.0 0.0 1.0 0.0 0.0 0.46296296296296297 1086.3435258027268 18.77738390755779 113
1.0 0.0 0.0 1.0 0.0 0.0 0.45751633986928103 1083.1038360906089 18.123400460457418 158
1.0 0.0 0.0 1.0 0.0 0.0 0.7477477477477478 1082.878430469133 20.416621620120477 116
1.0 0.0 0.0 1.0 0.0 0.0 0.9622641509433962 1067.1650066648747 18.915106947877607 164
1.0 0.0 0.0 1.0 0.0 0.0 0.6530612244897959 1073.4973662744226 18.497648224631646 152
1.0 0.0 0.0 1.0 0.0 0.0 0.94 1028.8854461992053 18.383521545311485 105
1.0 0.0 0.0 1.0 0.0 0.0 0.7894736842105263 1081.0342582403782 19.38905213772209 119
1.0 0.0 0.0 1.0 0.0 0.0 0.7074829931972789 1082.146119398009 18.844879784208455 152
1.0 0.0 0.0 1.0 0.0 0.0 0.656934306569343 1005.9488102214067 18.674472540873147 142
1.0 0.0 0.0 1.0 0.0 0.0 0.8251748251748252 1079.5612841195532 18.731480901516036 148
1.0 0.0 0.0 1.0 0.0 0.0 0.7981651376146789 991.4377087909764 20.68579362005771 114
1.0 0.0 0.0 1.0 0.0 0.0 0.6153846153846154 1085.4488199845978 20.09559539453663 109
1.0 0.0 0.0 1.0 0.0 0.0 0.6643356643356644 1077.5790526709795 18.87144082189747 148
1.0 0.0 0.0 1.0 0.0 0.0 0.680672268907563 1052.6996208852722 19.651804374666668 124
1.0 0.0 0.0 1.0 0.0 0.0 0.9166666666666666 1035.2566520970363 19.208006297075812 137
1.0 0.0 0.0 1.0 0.0 0.0 0.719626168224299 1077.5420881621715 20.024125609495623 112
1.0 0.0 0.0 1.0 0.0 0.0 0.9787234042553191 1066.0787096773104 20.948723706461088 99
1.0 0.0 0.0 1.0 0.0 0.0 0.6129032258064516 1074.8564675633202 18.37285563573787 160
1.0 0.0 0.0 1.0 0.0 0.0 0.8240740740740741 1085.3387664044267 19.681380223450045 113
1.0 0.0 0.0 1.0 0.0 0.0 0.7 1039.2651873600591 18.251902059950847 125
1.0 0.0 0.0 1.0 0.0 0.0 0.8153846153846154 1075.6945911449418 18.540081638719787 135
1.0 0.0 0.0 1.0 0.0 0.0 0.8070175438596491 1083.2691501202664 19.43693673172873 119
1.0 0.0 0.0 1.0 0.0 0.0 0.6909090909090909 1018.0148178706389 19.09514360674736 115
1.0 0.0 0.0 1.0 0.0 0.0 0.6869565217391305 1083.9075983666519 20.0172710593483 120
1.0 0.0 0.0 1.0 0.0 0.0 0.36363636363636365 1053.9995232774595 18.741888132006913 148
1.0 0.0 0.0 1.0 0.0 0.0 0.7878787878787878 1072.7797680069252 20.2418306016949 104
1.0 0.0 0.0 1.0 0.0 0.0 0.8706896551724138 1055.4307827128052 18.812869785322363 121
1.0 0.0 0.0 1.0 0.0 0.0 0.46875 1044.1654125420678 18.731479000784674 101
1.0 0.0 0.0 1.0 0.0 0.0 0.9147286821705426 1077.9799416256963 19.682594673518317 134
1.0 0.0 0.0 1.0 0.0 0.0 0.9056603773584906 1079.0306965319369 20.97950619324614 111
1.0 0.0 0.0 1.0 0.0 0.0 0.532258064516129 1071.0341197436553 19.30152798298564 129
1.0 0.0 0.0 1.0 0.0 0.0 0.42857142857142855 1083.0486447262529 18.798507333413422 138
1.0 0.0 0.0 1.0 0.0 0.0 0.0 1063.4963946898533 18.069595355328957 173
1.0 0.0 0.0 1.0 0.0 0.0 0.8604651162790697 1040.3447365459276 20.432697953892124 91
1.0 0.0 0.0 1.0 0.0 0.0 0.47244094488188976 1033.90057678333 18.241562751957453 132
1.0 0.0 0.0 1.0 0.0 0.0 0.8764044943820225 1065.7111277689219 20.29113725171041 94
1.0 0.0 0.0 1.0 0.0 0.0 0.8571428571428571 968.3392160154681 18.992523656367357 145
1.0 0.0 0.0 1.0 0.0 0.0 0.5925925925925926 1074.4623291684497 17.85113858355933 140
1.0 0.0 0.0 1.0 0.0 0.0 0.0 1051.8419177286903 16.760478651845546 175
1.0 0.0 0.0 1.0 0.0 0.0 0.5963302752293578 1086.3606078088835 20.80748336655402 114
1.0 0.0 0.0 1.0 0.0 0.0 0.5056179775280899 1044.0352357671325 20.14841161526608 94
1.0 0.0 0.0 1.0 0.0 0.0 0.9152542372881356 1044.8797261862878 19.898017873161553 123
1.0 0.0 0.0 1.0 0.0 0.0 0.6511627906976745 1086.2636893504775 19.449464992474987 134
1.0 0.0 0.0 1.0 0.0 0.0 0.875 1071.8951521022273 19.544219790266542 117
1.0 0.0 0.0 1.0 0.0 0.0 0.5602836879432624 1070.7420516613781 18.845190270220606 146
1.0 0.0 0.0 1.0 0.0 0.0 1.0 1082.6335615717246 19.41664985682419 117
1.0 0.0 0.0 1.0 0.0 0.0 0.8151260504201681 1077.6571392013211 19.026842581933032 124
1.0 0.0 0.0 1.0 0.0 0.0 0.6161616161616161 1018.8180705835482 20.86200188814608 104
1.0 0.0 0.0 1.0 0.0 0.0 0.8373983739837398 1040.0634088036977 20.126575514732714 128
1.0 0.0 0.0 1.0 0.0 0.0 0.8169014084507042 1042.8111933470796 18.476149960676086 147
1.0 0.0 0.0 1.0 0.0 0.0 0.7870370370370371 1086.294576555096 19.280586702984998 113
1.0 0.0 0.0 1.0 0.0 0.0 0.6564885496183206 1086.9918053909817 18.705894539874286 136
1.0 0.0 0.0 1.0 0.0 0.0 0.8235294117647058 1083.5168277419996 20.584235620270324 107
1.0 0.0 0.0 1.0 0.0 0.0 0.5225225225225225 1048.9405116877624 19.248320028277615 116
1.0 0.0 0.0 1.0 0.0 0.0 0.7304347826086957 1062.79074865207 19.724478550941523 120
1.0 0.0 0.0 1.0 0.0 0.0 0.0 1040.3003740698975 16.83132075317136 138
1.0 0.0 0.0 1.0 0.0 0.0 0.5233644859813084 1083.0631102117616 18.920369085692307 112
1.0 0.0 0.0 1.0 0.0 0.0 0.991304347826087 1037.8424745806628 19.74507024015329 120
1.0 0.0 0.0 1.0 0.0 0.0 0.7727272727272727 1032.2563163478405 19.258705021154878 137
1.0 0.0 0.0 1.0 0.0 0.0 1.0 1081.0176822540577 21.83020987727568 103
1.0 0.0 0.0 1.0 0.0 0.0 0.6594202898550725 1067.8119004141265 18.092595996422517 143
1.0 0.0 0.0 1.0 0.0 0.0 0.719626168224299 1075.6141475379961 20.063100795251245 112
1.0 0.0 0.0 1.0 0.0 0.0 0.6927710843373494 1087.2879963192763 17.31923932080849 171
1.0 0.0 0.0 1.0 0.0 0.0 0.6742857142857143 1071.1090354975113 17.038518899497756 180
1.0 0.0 0.0 1.0 0.0 0.0 0.719626168224299 1076.2306533522942 18.488227656346545 112
1.0 0.0 0.0 1.0 0.0 0.0 0.5528455284552846 1074.6515230689217 18.55486032387698 128
1.0 0.0 0.0 1.0 0.0 0.0 0.6011560693641619 1072.6462698568487 18.240465616053744 178
1.0 0.0 0.0 1.0 0.0 0.0 0.762589928057554 1079.5671266752731 19.237179887210885 144
1.0 0.0 0.0 1.0 0.0 0.0 0.9107142857142857 1087.452167756154 20.412626313790803 117
1.0 0.0 0.0 1.0 0.0 0.0 0.68 1045.4247655355402 20.070213186401745 105
1.0 0.0 0.0 1.0 0.0 0.0 0.8130081300813008 1087.467228975719 19.505980214878306 128
1.0 0.0 0.0 1.0 0.0 0.0 0.0 1042.1122412061932 17.10540652055847 152
1.0 0.0 0.0 1.0 0.0 0.0 0.725 1037.6145099318155 18.84931274903783 125
1.0 0.0 0.0 1.0 0.0 0.0 0.6736111111111112 1069.1561760683405 19.119518128867714 149
1.0 0.0 0.0 1.0 0.0 0.0 0.5562913907284768 1024.1903069591328 18.049927211358753 156
1.0 0.0 0.0 1.0 0.0 0.0 0.9787234042553191 1019.477373275922 18.426059458619395 146
1.0 0.0 0.0 1.0 0.0 0.0 0.6724137931034483 997.235364961181 19.762319721283003 121
1.0 0.0 0.0 1.0 0.0 0.0 0.0 1086.183328682438 17.396077321013152 188
1.0 0.0 0.0 1.0 0.0 0.0 0.8454545454545455 1035.0359479449703 19.204620948466697 115
1.0 0.0 0.0 1.0 0.0 0.0 0.6039603960396039 1060.7885274739199 20.369798188614386 106
1.0 0.0 0.0 1.0 0.0 0.0 0.6907216494845361 1075.81529720042 18.945659198918943 102
1.0 0.0 0.0 1.0 0.0 0.0 0.5194805194805194 1086.873786445437 17.39524725306832 159
1.0 0.0 0.0 1.0 0.0 0.0 0.762589928057554 1077.3835742638191 19.937089074315857 144
1.0 0.0 0.0 1.0 0.0 0.0 0.0 1045.332610716297 17.556996051763317 158
1.0 0.0 0.0 1.0 0.0 0.0 0.8805970149253731 1038.363889295931 17.388114332639617 139
1.0 0.0 0.0 1.0 0.0 0.0 0.0 1050.0190846999915 18.389515177510127 159
1.0 0.0 0.0 1.0 0.0 0.0 0.625 1052.5104557180953 17.701660466954117 141
1.0 0.0 0.0 1.0 0.0 0.0 0.6428571428571429 1046.4235900447993 17.949774020959584 117
1.0 0.0 0.0 1.0 0.0 0.0 0.672 1084.9761674299662 19.61714750851628 130
1.0 0.0 0.0 1.0 0.0 0.0 0.9108910891089109 1046.1152071862227 20.1496151540703 106
1.0 0.0 0.0 1.0 0.0 0.0 0.5178571428571429 1041.957838540464 17.70124403724533 117
1.0 0.0 0.0 1.0 0.0 0.0 0.0 1056.9750873007695 18.183598996300976 152
1.0 0.0 0.0 1.0 0.0 0.0 0.7478260869565218 1028.7859179752008 19.818218911609517 120
1.0 0.0 0.0 1.0 0.0 0.0 0.4732142857142857 1082.5459638807513 18.963878776280822 117
1.0 0.0 0.0 1.0 0.0 0.0 0.782312925170068 1015.8261195780755 18.467442523212387 152
1.0 0.0 0.0 1.0 0.0 0.0 0.5467625899280576 1035.2481840667515 18.652752799974657 144
1.0 0.0 0.0 1.0 0.0 0.0 0.6666666666666666 1086.8056880543388 20.077701133522336 125
1.0 0.0 0.0 1.0 0.0 0.0 0.7983870967741935 1078.5656189617935 19.856937575485937 129
1.0 0.0 0.0 1.0 0.0 0.0 0.7583333333333333 1048.732755553821 19.995400012799323 125
1.0 0.0 0.0 1.0 0.0 0.0 0.8099173553719008 1035.9332786364353 19.8340585389644 126
1.0 0.0 0.0 1.0 0.0 0.0 0.7413793103448276 1085.6758570226523 19.922602055836833 121
1.0 0.0 0.0 1.0 0.0 0.0 0.7122302158273381 1073.1450971130173 19.008755472832522 144
1.0 0.0 0.0 1.0 0.0 0.0 0.7923076923076923 1077.9053949528422 19.195564183529836 135
1.0 0.0 0.0 1.0 0.0 0.0 0.8347107438016529 1052.5944847361284 19.228890339394013 126
1.0 0.0 0.0 1.0 0.0 0.0 0.7142857142857143 1087.3974573749867 19.431111230456576 124
1.0 0.0 0.0 1.0 0.0 0.0 0.782258064516129 1078.1837942379268 18.86824933899257 129
1.0 0.0 0.0 1.0 0.0 0.0 0.9493670886075949 1034.250270361602 20.18702866423252 84
1.0 0.0 0.0 1.0 0.0 0.0 0.7086092715231788 1053.1487551857517 18.73128696589969 156
1.0 0.0 0.0 1.0 0.0 0.0 0.6686390532544378 1061.7430786641166 17.671925455623658 174
1.0 0.0 0.0 1.0 0.0 0.0 0.7619047619047619 1087.1546430059675 18.716588829243772 131
1.0 0.0 0.0 1.0 0.0 0.0 0.9402985074626866 1055.2255795343656 19.050766648307917 139
1.0 0.0 0.0 1.0 0.0 0.0 0.7452830188679245 1024.0388415061823 21.05258228726308 111
1.0 0.0 0.0 1.0 0.0 0.0 0.6692913385826772 1079.685382796227 18.96342710664256 132
1.0 0.0 0.0 1.0 0.0 0.0 0.6461538461538462 1072.1276381002203 19.388046940283598 135
1.0 0.0 0.0 1.0 0.0 0.0 0.7017543859649122 1085.5610363798455 19.199377533901874 119
1.0 0.0 0.0 1.0 0.0 0.0 0.9323308270676691 1060.147120071259 18.364347664975877 138
1.0 0.0 0.0 1.0 0.0 0.0 0.9689922480620154 1077.1174571231213 19.59586864171491 134
1.0 0.0 0.0 1.0 0.0 0.0 0.7664233576642335 1045.655456558352 19.00659305447071 142
1.0 0.0 0.0 1.0 0.0 0.0 0.9527027027027027 1084.4397137612905 18.684747105314855 153
1.0 0.0 0.0 1.0 0.0 0.0 1.0 1064.0871159859323 20.488917887019266 128
1.0 0.0 0.0 1.0 0.0 0.0 0.8303030303030303 1073.980798389458 18.57307642937174 170
1.0 0.0 0.0 1.0 0.0 0.0 0.4717948717948718 1080.4681949040516 17.504848768198805 200
1.0 0.0 0.0 1.0 0.0 0.0 0.6875 1087.2416016544505 18.69370303239914 165
1.0 0.0 0.0 1.0 0.0 0.0 0.8766233766233766 1055.3237621999465 19.04460395171343 159
1.0 0.0 0.0 1.0 0.0 0.0 0.7055214723926381 1083.0158634848297 18.188149679817595 168
1.0 0.0 0.0 1.0 0.0 0.0 0.8617021276595744 1069.413757912198 20.337650582969317 99
1.0 0.0 0.0 1.0 0.0 0.0 0.6571428571428571 1060.1926639010035 19.64518177683407 145
1.0 0.0 0.0 1.0 0.0 0.0 0.0 1073.1878279819946 18.14110526719908 154
1.0 0.0 0.0 1.0 0.0 0.0 0.48623853211009177 1049.9893808025317 19.56378951059042 114
1.0 0.0 0.0 1.0 0.0 0.0 0.9753086419753086 1075.4578223525302 21.499626510034116 86
1.0 0.0 0.0 1.0 0.0 0.0 0.6390977443609023 1018.64147737792 18.40129438811469 138
1.0 0.0 0.0 1.0 0.0 0.0 0.006134969325153374 1084.2236749366361 16.870987035402248 168
1.0 0.0 0.0 1.0 0.0 0.0 0.8608695652173913 1043.360339749105 19.81549682115247 120
1.0 0.0 0.0 1.0 0.0 0.0 0.8288288288288288 1078.52282035485 19.308110627127608 116
1.0 0.0 0.0 1.0 0.0 0.0 0.7628865979381443 1087.1614901094893 20.493370599186328 102
1.0 0.0 0.0 1.0 0.0 0.0 0.8877551020408163 1072.2139540035039 18.790780869696942 103
1.0 0.0 0.0 1.0 0.0 0.0 0.8376068376068376 1087.2714309237092 18.79708820145409 122
1.0 0.0 0.0 1.0 0.0 0.0 0.8783783783783784 1017.5103574860451 21.884707700433953 79
1.0 0.0 0.0 1.0 0.0 0.0 0.41496598639455784 1038.8751095466941 17.727196228438846 152
1.0 0.0 0.0 1.0 0.0 0.0 0.0 1068.0564989236616 18.671846253895268 157
1.0 0.0 0.0 1.0 0.0 0.0 0.7476635514018691 1046.9034500084604 18.877543217272382 112
1.0 0.0 0.0 1.0 0.0 0.0 0.5609756097560976 1084.46582559823 17.794894111013928 128
1.0 0.0 0.0 1.0 0.0 0.0 0.7641509433962265 1054.7396349406663 19.242383899020943 111
1.0 0.0 0.0 1.0 0.0 0.0 0.7142857142857143 1085.6996024974417 19.64452010984748 138
1.0 0.0 0.0 1.0 0.0 0.0 0.6594202898550725 1029.8498792115988 18.57686435974036 143
1.0 0.0 0.0 1.0 0.0 0.0 0.8817204301075269 1076.1102638254754 20.88757437217142 98
1.0 0.0 0.0 1.0 0.0 0.0 0.87 1013.8596025960419 20.004985671021277 105
1.0 0.0 0.0 1.0 0.0 0.0 0.6968085106382979 1051.06893654039 17.908855206576344 193
1.0 0.0 0.0 1.0 0.0 0.0 0.0 1034.6416304440022 16.730189639231607 161
1.0 0.0 0.0 1.0 0.0 0.0 0.6753246753246753 1073.3525409822234 18.09634069362273 159
1.0 0.0 0.0 1.0 0.0 0.0 0.7639751552795031 1083.0994285645795 18.482040369605762 166
1.0 0.0 0.0 1.0 0.0 0.0 0.8130081300813008 1053.5967882486639 19.425080260291377 128
1.0 0.0 0.0 1.0 0.0 0.0 0.8070175438596491 1064.9984476646357 20.343195281890107 119
1.0 0.0 0.0 1.0 0.0 0.0 0.7565217391304347 1074.4048834356074 17.961534093839326 120
1.0 0.0 0.0 1.0 0.0 0.0 0.9235668789808917 1052.5249202010016 17.969973373569037 162
0.9948979591836735 0.00510204081632653 0.0 0.9947643979057592 0.005235602094240838 0.0 0.0 1032.291239436456 17.21885791639029 196
1.0 0.0 0.0 1.0 0.0 0.0 0.6115107913669064 1082.6811226874927 18.951994468768902 144
1.0 0.0 0.0 1.0 0.0 0.0 0.6938775510204082 1082.5748407680455 20.3821734118173 103
1.0 0.0 0.0 1.0 0.0 0.0 0.48872180451127817 1084.3814972297737 18.19854447165714 138
1.0 0.0 0.0 1.0 0.0 0.0 0.639344262295082 1050.2859523927668 19.771471050090327 127
1.0 0.0 0.0 1.0 0.0 0.0 0.5227272727272727 1030.5537496632967 18.421232115739627 137
1.0 0.0 0.0 1.0 0.0 0.0 0.8 1042.747789730141 20.830368722448746 90
1.0 0.0 0.0 1.0 0.0 0.0 0.8896551724137931 1087.4155722772769 19.131381773508057 150
1.0 0.0 0.0 1.0 0.0 0.0 0.7530120481927711 1086.3464390927306 17.727218882576903 171
1.0 0.0 0.0 1.0 0.0 0.0 0.7017543859649122 1062.7739344423205 19.56830099866809 119
1.0 0.0 0.0 1.0 0.0 0.0 0.6581196581196581 1062.8616383999629 17.578694975844485 122
1.0 0.0 0.0 1.0 0.0 0.0 0.0 1063.7189025858293 16.225820732494217 172
1.0 0.0 0.0 1.0 0.0 0.0 0.616 1049.3567881917893 18.592494647803058 130
1.0 0.0 0.0 1.0 0.0 0.0 0.7007874015748031 1075.3957433944897 19.457936395713585 132
1.0 0.0 0.0 1.0 0.0 0.0 0.8421052631578947 1080.4922081461334 18.93013633528109 138
1.0 0.0 0.0 1.0 0.0 0.0 1.0 1022.9642496568334 19.26847724085312 149
1.0 0.0 0.0 1.0 0.0 0.0 0.8141592920353983 1069.5119849707864 19.969984004215895 118
1.0 0.0 0.0 1.0 0.0 0.0 0.5454545454545454 1087.4211833047955 17.9789230953611 115
1.0 0.0 0.0 1.0 0.0 0.0 0.6231884057971014 1087.3613427635933 19.196492018233293 143
1.0 0.0 0.0 1.0 0.0 0.0 0.784 1032.8407910414448 19.37077662265311 130
1.0 0.0 0.0 1.0 0.0 0.0 0.85 1031.9150499449258 20.038608931173187 105
1.0 0.0 0.0 1.0 0.0 0.0 0.7481481481481481 1087.2574006452758 18.699457122638716 140
1.0 0.0 0.0 1.0 0.0 0.0 0.847457627118644 968.53113484024 19.583258439590324 123
1.0 0.0 0.0 1.0 0.0 0.0 0.5735294117647058 1087.4818482979852 17.679387593754438 141
1.0 0.0 0.0 1.0 0.0 0.0 0.7469879518072289 1063.272951270167 20.92802932584822 88
1.0 0.0 0.0 1.0 0.0 0.0 0.67 1077.9917354439438 18.919317630721206 105
1.0 0.0 0.0 1.0 0.0 0.0 0.6736111111111112 1020.5717125948275 18.3564580420219 149
1.0 0.0 0.0 1.0 0.0 0.0 0.6111111111111112 1066.0650505006836 18.800259073964682 95
1.0 0.0 0.0 1.0 0.0 0.0 0.8716216216216216 1068.549780697154 18.394823672426014 153
1.0 0.0 0.0 1.0 0.0 0.0 0.746268656716418 1005.1899469116846 18.106615074062265 139
1.0 0.0 0.0 1.0 0.0 0.0 0.6 1083.484804905892 19.331986354381662 130
1.0 0.0 0.0 1.0 0.0 0.0 0.47761194029850745 1069.0585444748758 18.227123851575648 139
1.0 0.0 0.0 1.0 0.0 0.0 0.4186046511627907 1056.0295580585532 18.952267673588015 134
1.0 0.0 0.0 1.0 0.0 0.0 0.4090909090909091 1064.9393454147607 18.502442961978144 115
1.0 0.0 0.0 1.0 0.0 0.0 0.7724137931034483 1071.7950220122768 19.174912678997185 150
1.0 0.0 0.0 1.0 0.0 0.0 0.6285714285714286 1065.291241824614 18.459746758477635 145
1.0 0.0 0.0 1.0 0.0 0.0 0.96875 1042.7395565291 20.218319417871818 101
1.0 0.0 0.0 1.0 0.0 0.0 1.0 1076.4493907639892 21.44812834128108 118
1.0 0.0 0.0 1.0 0.0 0.0 0.8468468468468469 1086.1921499596126 20.37648523629723 116
1.0 0.0 0.0 1.0 0.0 0.0 0.853448275862069 980.1585005602205 19.3524699202541 121
1.0 0.0 0.0 1.0 0.0 0.0 0.9759036144578314 1009.5887815237812 20.705503864370876 88
1.0 0.0 0.0 1.0 0.0 0.0 0.7164179104477612 1087.4527590138 18.187271446021573 139
1.0 0.0 0.0 1.0 0.0 0.0 0.9210526315789473 1036.634066822779 18.163873804172944 157
1.0 0.0 0.0 1.0 0.0 0.0 0.6585365853658537 1077.1482275336957 18.604155887568982 128
1.0 0.0 0.0 1.0 0.0 0.0 0.6762589928057554 1055.4732213498721 18.596118601700923 144
1.0 0.0 0.0 1.0 0.0 0.0 0.62 1064.3994118344635 18.613421547074076 105
1.0 0.0 0.0 1.0 0.0 0.0 0.777027027027027 1087.312116478251 19.017244097048504 153
1.0 0.0 0.0 1.0 0.0 0.0 0.7578947368421053 1047.7927097567133 21.890718243449424 100
1.0 0.0 0.0 1.0 0.0 0.0 0.7816091954022989 1081.903187627616 16.794918214348804 179
1.0 0.0 0.0 1.0 0.0 0.0 0.7027027027027027 1086.7733710884595 19.183969903446677 153
1.0 0.0 0.0 1.0 0.0 0.0 0.826530612244898 1058.935070029731 18.981343354452 103
1.0 0.0 0.0 1.0 0.0 0.0 0.0 1087.3648401906987 18.13893736371372 168
1.0 0.0 0.0 1.0 0.0 0.0 0.7727272727272727 987.3789486483214 18.158212164812944 137
1.0 0.0 0.0 1.0 0.0 0.0 0.5891472868217055 1067.485038310082 20.182087661854567 134
1.0 0.0 0.0 1.0 0.0 0.0 0.7843137254901961 1052.2227675432237 18.62958724055269 158
1.0 0.0 0.0 1.0 0.0 0.0 0.8290598290598291 1047.0186517988268 19.545893617369522 122
1.0 0.0 0.0 1.0 0.0 0.0 0.753968253968254 1087.3543103928298 18.997621336058316 131
1.0 0.0 0.0 1.0 0.0 0.0 0.7054263565891473 1087.1497506491298 18.18056469990839 134
1.0 0.0 0.0 1.0 0.0 0.0 0.4975369458128079 1082.017417526452 17.140235082804306 208
1.0 0.0 0.0 1.0 0.0 0.0 0.6829268292682927 1075.8630990471934 18.427279382291662 128
1.0 0.0 0.0 1.0 0.0 0.0 0.796875 1084.094199514284 19.804754463899254 133
1.0 0.0 0.0 1.0 0.0 0.0 0.8034188034188035 1061.7658648067927 20.20716177167566 122
1.0 0.0 0.0 1.0 0.0 0.0 0.8541666666666666 1030.069923804053 18.77519685009768 101
1.0 0.0 0.0 1.0 0.0 0.0 0.7131147540983607 1077.8101186281053 18.557979483135913 127
1.0 0.0 0.0 1.0 0.0 0.0 0.7222222222222222 1080.4161915825516 17.784399787839394 167
1.0 0.0 0.0 1.0 0.0 0.0 0.7588652482269503 1049.5284052741738 18.85998979814757 146
1.0 0.0 0.0 1.0 0.0 0.0 1.0 1057.761877440279 21.085413940373495 102
1.0 0.0 0.0 1.0 0.0 0.0 0.7666666666666667 1067.5390624103923 20.924690372217214 95
1.0 0.0 0.0 1.0 0.0 0.0 0.8709677419354839 1075.9338070882109 21.636298033208185 98
1.0 0.0 0.0 1.0 0.0 0.0 0.8787878787878788 1075.0534196259637 17.42585798747677 203
1.0 0.0 0.0 1.0 0.0 0.0 0.5957446808510638 1087.1370226652216 17.34619488127406 146
1.0 0.0 0.0 1.0 0.0 0.0 0.8349514563106796 1050.6345883386718 21.900397918841538 108
1.0 0.0 0.0 1.0 0.0 0.0 0.6900584795321637 1069.237174169285 17.874877248083518 176
1.0 0.0 0.0 1.0 0.0 0.0 0.7317073170731707 1087.0459784808177 18.872860207712467 128
1.0 0.0 0.0 1.0 0.0 0.0 0.8521739130434782 1049.237122259903 19.7155775519797 120
1.0 0.0 0.0 1.0 0.0 0.0 0.6754385964912281 1073.3829955958263 18.85575183944069 119
1.0 0.0 0.0 1.0 0.0 0.0 0.734375 1071.7301606787196 18.795667430522727 133
1.0 0.0 0.0 1.0 0.0 0.0 0.5103448275862069 1068.5263205516057 18.78235232271908 150
1.0 0.0 0.0 1.0 0.0 0.0 0.6842105263157895 1084.9113050632666 18.266759360260245 176
1.0 0.0 0.0 1.0 0.0 0.0 0.7017543859649122 1025.1758951307804 17.603100547412136 176
1.0 0.0 0.0 1.0 0.0 0.0 0.7181208053691275 1086.0953365724056 18.542568510982434 154
1.0 0.0 0.0 1.0 0.0 0.0 0.6564885496183206 1071.1577707436038 18.50636886802806 136
1.0 0.0 0.0 1.0 0.0 0.0 0.6187845303867403 1085.5317626741441 17.204508668446966 186
1.0 0.0 0.0 1.0 0.0 0.0 0.7771084337349398 1085.5740620189242 18.581541128759003 171
1.0 0.0 0.0 1.0 0.0 0.0 0.7758620689655172 1060.9144592076257 18.648920731945196 121
1.0 0.0 0.0 1.0 0.0 0.0 0.7517241379310344 1087.1990419075653 18.675237663098535 150
1.0 0.0 0.0 1.0 0.0 0.0 0.7142857142857143 1047.337299913939 18.108242303226874 145
1.0 0.0 0.0 1.0 0.0 0.0 0.6291390728476821 1027.2231754101606 17.303638387991196 156
1.0 0.0 0.0 1.0 0.0 0.0 0.8529411764705882 1077.3668280833813 19.413470460319033 141
1.0 0.0 0.0 1.0 0.0 0.0 0.6605504587155964 1081.515248742619 18.67394420216807 114
1.0 0.0 0.0 1.0 0.0 0.0 0.6554054054054054 1087.4081430997185 17.8215137878045 153
1.0 0.0 0.0 1.0 0.0 0.0 0.8878504672897196 1019.0891380713591 20.492306398334097 112
1.0 0.0 0.0 1.0 0.0 0.0 0.6864406779661016 1075.1124546466865 19.886706328668364 123
1.0 0.0 0.0 1.0 0.0 0.0 0.007518796992481203 1053.6430627186862 18.54656327988789 138
1.0 0.0 0.0 1.0 0.0 0.0 0.7111111111111111 1055.4475767115775 19.126550162785428 140
1.0 0.0 0.0 1.0 0.0 0.0 0.0 1043.930658082639 17.17184641731711 164
1.0 0.0 0.0 1.0 0.0 0.0 0.8222222222222222 1086.055170068683 19.647046830807174 140
1.0 0.0 0.0 1.0 0.0 0.0 0.0 1087.3071470461475 17.326833600092016 209
1.0 0.0 0.0 1.0 0.0 0.0 0.993006993006993 1045.7980029917733 17.931339921154382 148
1.0 0.0 0.0 1.0 0.0 0.0 0.7570093457943925 1058.0445057340585 19.322650139031037 112
1.0 0.0 0.0 1.0 0.0 0.0 0.7522123893805309 1082.5156815051344 20.08446772773968 118
1.0 0.0 0.0 1.0 0.0 0.0 0.8717948717948718 1063.5940765199134 19.53886742628197 122
