0.9194630872483222 0.08053691275167785 0.0 0.9166666666666666 0.08333333333333333 0.0 0.8472222222222222 1084.9923662717551 19.288819334752944 149
0.84375 0.1484375 0.0078125 0.8373983739837398 0.15447154471544716 0.008130081300813009 0.8130081300813008 1087.260343789918 20.930747787567245 128
0.9915966386554622 0.008403361344537815 0.0 0.9912280701754386 0.008771929824561403 0.0 0.8245614035087719 956.3635378671484 19.731652883984637 119
0.9436619718309859 0.056338028169014086 0.0 0.9416058394160584 0.058394160583941604 0.0 0.7737226277372263 1086.5350242624795 20.452717984193 142
0.8660714285714286 0.125 0.008928571428571428 0.8598130841121495 0.1308411214953271 0.009345794392523364 0.9532710280373832 1083.423462278107 21.8600168056095 112
0.8888888888888888 0.1111111111111111 0.0 0.8992805755395683 0.10071942446043165 0.0 0.7482014388489209 1087.3262478240663 19.545166086880855 144
0.92 0.08 0.0 0.9166666666666666 0.08333333333333333 0.0 0.8083333333333333 1077.1149549710512 20.10566753846032 125
0.8869565217391304 0.11304347826086956 0.0 0.8818181818181818 0.11818181818181818 0.0 0.8727272727272727 1086.496063984735 22.05029575005959 115
0.9754098360655737 0.02459016393442623 0.0 0.9743589743589743 0.02564102564102564 0.0 0.9572649572649573 1045.6379101970792 20.28317425004975 122
0.8515625 0.1484375 0.0 0.8455284552845529 0.15447154471544716 0.0 0.7642276422764228 1081.4902229967843 21.050438260158852 128
0.9473684210526315 0.05263157894736842 0.0 0.9453125 0.0546875 0.0 0.859375 985.0066945402568 20.204792955835178 133
0.9426229508196722 0.05737704918032787 0.0 0.9401709401709402 0.05982905982905983 0.0 0.8974358974358975 1077.8864838302609 21.044470780110977 122
0.9124087591240876 0.08759124087591241 0.0 0.9090909090909091 0.09090909090909091 0.0 0.7651515151515151 1078.7447909239943 20.3615983431518 137
0.9901960784313726 0.00980392156862745 0.0 0.9896907216494846 0.010309278350515464 0.0 0.9381443298969072 973.6769760834965 20.2581085127016 102
0.9464285714285714 0.05357142857142857 0.0 0.9439252336448598 0.056074766355140186 0.0 0.822429906542056 1064.4470518795179 21.81841455514433 112
0.8555555555555555 0.12222222222222222 0.022222222222222223 0.8470588235294118 0.12941176470588237 0.023529411764705882 0.9647058823529412 1043.5440161596312 24.36295266854791 90
0.9801980198019802 0.019801980198019802 0.0 0.9895833333333334 0.010416666666666666 0.0 0.6458333333333334 1068.2801409062647 21.524826534410334 101
0.8985507246376812 0.09420289855072464 0.007246376811594203 0.8947368421052632 0.09774436090225563 0.007518796992481203 0.7142857142857143 1087.32333936336 19.48374460771593 138
0.9696969696969697 0.030303030303030304 0.0 0.9680851063829787 0.031914893617021274 0.0 0.925531914893617 1056.7838831498086 20.85100316679578 99
0.8952380952380953 0.10476190476190476 0.0 0.89 0.11 0.0 0.81 1076.0046990186254 21.20943739421799 105
0.9473684210526315 0.05263157894736842 0.0 0.9453125 0.0546875 0.0 0.6953125 1087.2006320044723 18.61365905453897 133
0.9230769230769231 0.07692307692307693 0.0 0.9196428571428571 0.08035714285714286 0.0 0.8839285714285714 1064.4750523048963 21.0915056315952 117
0.9420289855072463 0.057971014492753624 0.0 0.9398496240601504 0.06015037593984962 0.0 0.8195488721804511 1082.862921808155 19.308843816211766 138
0.9320388349514563 0.06796116504854369 0.0 0.9387755102040817 0.061224489795918366 0.0 0.7653061224489796 1056.6944949371118 21.118536581777093 103
0.9245283018867925 0.07547169811320754 0.0 0.9207920792079208 0.07920792079207921 0.0 0.9405940594059405 1079.7425524720709 21.17341358232734 106
0.9316239316239316 0.06837606837606838 0.0 0.9285714285714286 0.07142857142857142 0.0 0.8660714285714286 1061.957332638622 21.909148596764698 117
0.8846153846153846 0.11538461538461539 0.0 0.8787878787878788 0.12121212121212122 0.0 1.0 1065.7531414180478 22.919092488710582 104
0.912 0.088 0.0 0.9083333333333333 0.09166666666666666 0.0 0.7 1087.4457695698463 18.516467295541425 125
0.9565217391304348 0.043478260869565216 0.0 0.9545454545454546 0.045454545454545456 0.0 0.7272727272727273 1084.330648918942 20.337354425055924 115
0.9557522123893806 0.04424778761061947 0.0 0.9537037037037037 0.046296296296296294 0.0 0.8425925925925926 1079.0270658711247 20.247362648027035 113
0.9642857142857143 0.03571428571428571 0.0 0.9626168224299065 0.037383177570093455 0.0 0.9906542056074766 1047.8727300947808 21.423782871399485 112
0.6310679611650486 0.18446601941747573 0.18446601941747573 0.6122448979591837 0.19387755102040816 0.19387755102040816 0.5816326530612245 1085.0652498092452 19.930851475881823 103
0.8979591836734694 0.09183673469387756 0.01020408163265306 0.8924731182795699 0.0967741935483871 0.010752688172043012 0.978494623655914 1031.9883126353716 23.001920410487003 98
0.8362068965517241 0.15517241379310345 0.008620689655172414 0.8288288288288288 0.16216216216216217 0.009009009009009009 0.8378378378378378 1084.798739724069 20.93205023406353 116
0.9176470588235294 0.08235294117647059 0.0 0.9151515151515152 0.08484848484848485 0.0 0.793939393939394 1086.0953948789695 19.399689822995626 170
0.9402985074626866 0.05970149253731343 0.0 0.937984496124031 0.06201550387596899 0.0 0.751937984496124 1055.489881645208 19.243466705456893 134
0.9098360655737705 0.09016393442622951 0.0 0.905982905982906 0.09401709401709402 0.0 0.7435897435897436 1086.9675867387164 19.882144600604487 122
0.7962962962962963 0.18518518518518517 0.018518518518518517 0.7898089171974523 0.1910828025477707 0.01910828025477707 0.7643312101910829 1036.2878602611988 18.850005824205212 162
0.96875 0.03125 0.0 0.967479674796748 0.032520325203252036 0.0 1.0 1070.118548005658 19.76253823825447 128
0.8983050847457628 0.1016949152542373 0.0 0.8938053097345132 0.10619469026548672 0.0 0.6106194690265486 1042.8600991619358 20.313133384659366 118
0.8059701492537313 0.1791044776119403 0.014925373134328358 0.7984496124031008 0.18604651162790697 0.015503875968992248 0.6744186046511628 1060.0840307122733 19.790166914290797 134
0.8773584905660378 0.12264150943396226 0.0 0.8712871287128713 0.12871287128712872 0.0 0.8118811881188119 1087.2214700103361 21.807134129786906 106
0.879746835443038 0.12025316455696203 0.0 0.8758169934640523 0.12418300653594772 0.0 0.9477124183006536 1062.160148430433 19.816415202647097 158
0.9296875 0.0703125 0.0 0.9349593495934959 0.06504065040650407 0.0 0.8536585365853658 1080.0242975010262 19.861909417381842 128
0.9482758620689655 0.05172413793103448 0.0 0.9459459459459459 0.05405405405405406 0.0 1.0 1029.395387303273 21.224312574678287 116
0.9470198675496688 0.052980132450331126 0.0 0.9452054794520548 0.0547945205479452 0.0 0.7397260273972602 1087.4433719203003 18.353473641449515 151
0.9647058823529412 0.03529411764705882 0.0 0.975 0.025 0.0 0.725 995.2962674713615 20.86492787548997 85
0.9621212121212122 0.03787878787878788 0.0 0.9606299212598425 0.03937007874015748 0.0 0.7716535433070866 1084.950888313402 20.53111285617301 132
0.9090909090909091 0.09090909090909091 0.0 0.905511811023622 0.09448818897637795 0.0 0.8818897637795275 1029.6008657230582 19.475270753042143 132
0.9583333333333334 0.041666666666666664 0.0 0.9560439560439561 0.04395604395604396 0.0 0.7582417582417582 1057.419150116076 21.289742102002474 96
0.9181818181818182 0.08181818181818182 0.0 0.9142857142857143 0.08571428571428572 0.0 0.9428571428571428 1075.160817079957 19.397564163649506 110
0.9347826086956522 0.06521739130434782 0.0 0.9310344827586207 0.06896551724137931 0.0 0.8850574712643678 1070.9079483427106 22.73390387010954 92
0.9235668789808917 0.07643312101910828 0.0 0.9210526315789473 0.07894736842105263 0.0 0.743421052631579 1086.0919635481378 18.46718371729346 157
0.8976377952755905 0.10236220472440945 0.0 0.8934426229508197 0.10655737704918032 0.0 0.8524590163934426 1041.809065021729 20.854993131362924 127
0.8860759493670886 0.11392405063291139 0.0 0.8823529411764706 0.11764705882352941 0.0 0.8104575163398693 1057.0924051136021 19.24945214808136 158
0.8490566037735849 0.1320754716981132 0.018867924528301886 0.8506493506493507 0.12987012987012986 0.01948051948051948 0.7337662337662337 1086.2772372973768 18.906559753239286 159
0.8484848484848485 0.15151515151515152 0.0 0.84375 0.15625 0.0 0.70625 1087.4768367060092 18.880001968240823 165
0.9426229508196722 0.05737704918032787 0.0 0.9401709401709402 0.05982905982905983 0.0 0.905982905982906 1027.9926263921068 20.719995775851583 122
0.927536231884058 0.07246376811594203 0.0 0.924812030075188 0.07518796992481203 0.0 0.8270676691729323 1025.1270345898108 19.04781514169048 138
0.95 0.05 0.0 0.9478260869565217 0.05217391304347826 0.0 0.7652173913043478 1039.6434286772947 21.15828926308816 120
0.8992248062015504 0.10077519379844961 0.0 0.9032258064516129 0.0967741935483871 0.0 0.782258064516129 1087.025439618498 20.016841474970633 129
0.9682539682539683 0.031746031746031744 0.0 0.9669421487603306 0.03305785123966942 0.0 0.8347107438016529 1071.6638872642873 20.733559176697902 126
0.9587628865979382 0.030927835051546393 0.010309278350515464 0.9565217391304348 0.03260869565217391 0.010869565217391304 1.0 1077.7520064960497 22.348256393596593 97
0.9626168224299065 0.037383177570093455 0.0 0.9607843137254902 0.0392156862745098 0.0 0.7058823529411765 1086.0428859018716 19.738737167687024 107
0.9574468085106383 0.0425531914893617 0.0 0.9550561797752809 0.0449438202247191 0.0 0.9775280898876404 905.7820781793614 22.512729229332855 94
0.926605504587156 0.07339449541284404 0.0 0.9230769230769231 0.07692307692307693 0.0 0.9134615384615384 1080.3611912363144 21.52658537048832 109
0.7814207650273224 0.17486338797814208 0.04371584699453552 0.7752808988764045 0.1797752808988764 0.0449438202247191 0.7584269662921348 1087.3440981478548 19.213890548488536 183
0.963855421686747 0.03614457831325301 0.0 0.9615384615384616 0.038461538461538464 0.0 0.7435897435897436 1087.1504214737784 22.85902874676285 83
0.9391304347826087 0.06086956521739131 0.0 0.9363636363636364 0.06363636363636363 0.0 0.7636363636363637 1087.448926921899 19.8948866621069 115
0.9193548387096774 0.08064516129032258 0.0 0.9159663865546218 0.08403361344537816 0.0 0.7899159663865546 1080.8428207278178 20.904541744167318 124
0.8867924528301887 0.10377358490566038 0.009433962264150943 0.8910891089108911 0.09900990099009901 0.009900990099009901 0.6534653465346535 1087.4651340080716 20.687103319078208 106
0.8897058823529411 0.11029411764705882 0.0 0.8854961832061069 0.11450381679389313 0.0 0.8702290076335878 1020.5024275175001 21.123002434606388 136
0.8547008547008547 0.1452991452991453 0.0 0.8571428571428571 0.14285714285714285 0.0 0.9017857142857143 1064.1033681830027 23.33094578755357 117
0.916030534351145 0.08396946564885496 0.0 0.9126984126984127 0.0873015873015873 0.0 0.6349206349206349 1082.2532199860166 20.796996750798844 131
0.9473684210526315 0.05263157894736842 0.0 0.9541284403669725 0.045871559633027525 0.0 0.7798165137614679 1087.451552324462 19.36297813412992 114
0.9384615384615385 0.06153846153846154 0.0 0.936 0.064 0.0 0.784 1047.0441236008262 21.788126317572058 130
0.9565217391304348 0.043478260869565216 0.0 0.9545454545454546 0.045454545454545456 0.0 0.6727272727272727 1087.3990156627096 20.032312187389113 115
0.9732142857142857 0.026785714285714284 0.0 0.9719626168224299 0.028037383177570093 0.0 0.9439252336448598 1053.9824074270696 20.615812473524624 112
0.9420289855072463 0.057971014492753624 0.0 0.9473684210526315 0.05263157894736842 0.0 0.849624060150376 1070.6379976415458 20.013018768973556 138
0.936 0.064 0.0 0.9333333333333333 0.06666666666666667 0.0 0.8583333333333333 1075.205993886494 20.757199921124556 125
0.9375 0.0625 0.0 0.9349593495934959 0.06504065040650407 0.0 0.6341463414634146 1086.905624840988 20.386219660912847 128
0.8717948717948718 0.1111111111111111 0.017094017094017096 0.875 0.10714285714285714 0.017857142857142856 0.7857142857142857 1048.2771813252807 21.748588229699507 117
0.9698795180722891 0.030120481927710843 0.0 0.968944099378882 0.031055900621118012 0.0 0.7888198757763976 1087.3848861288425 18.467638732046254 166
0.8660714285714286 0.11607142857142858 0.017857142857142856 0.8598130841121495 0.12149532710280374 0.018691588785046728 0.9532710280373832 1058.341522411264 20.632073478862736 112
0.9154929577464789 0.08450704225352113 0.0 0.9124087591240876 0.08759124087591241 0.0 0.927007299270073 1079.03377848552 20.15589559308919 142
0.88 0.11333333333333333 0.006666666666666667 0.8827586206896552 0.1103448275862069 0.006896551724137931 0.7724137931034483 1086.3526834024449 20.784344161346286 150
0.9452054794520548 0.0547945205479452 0.0 0.9432624113475178 0.05673758865248227 0.0 0.900709219858156 1086.3447223106496 19.75846442395974 146
0.9083969465648855 0.0916030534351145 0.0 0.9047619047619048 0.09523809523809523 0.0 0.8650793650793651 1074.700729167686 20.252799039490846 131
0.8942307692307693 0.10576923076923077 0.0 0.8916256157635468 0.10837438423645321 0.0 0.7832512315270936 1075.6029411378897 17.290777165901368 208
0.927710843373494 0.07228915662650602 0.0 0.9254658385093167 0.07453416149068323 0.0 0.8260869565217391 1068.471010782257 19.587695846330288 166
0.8034188034188035 0.1623931623931624 0.03418803418803419 0.7946428571428571 0.16964285714285715 0.03571428571428571 0.7857142857142857 1080.4850779778358 19.670280651311856 117
0.8648648648648649 0.13513513513513514 0.0 0.8584905660377359 0.14150943396226415 0.0 0.8490566037735849 1077.6435264633417 22.018456440442847 111
0.8700564971751412 0.12994350282485875 0.0 0.8662790697674418 0.13372093023255813 0.0 0.7441860465116279 1087.1896880500576 18.801404648593426 177
0.88 0.096 0.024 0.875 0.1 0.025 0.85 1072.688830657124 20.941067146568127 125
0.9457831325301205 0.05421686746987952 0.0 0.9440993788819876 0.055900621118012424 0.0 0.7639751552795031 1086.7414623275276 19.908647588537185 166
0.9393939393939394 0.06060606060606061 0.0 0.937007874015748 0.06299212598425197 0.0 0.7480314960629921 1079.3104104015001 20.31387146465482 132
0.8672566371681416 0.12389380530973451 0.008849557522123894 0.8611111111111112 0.12962962962962962 0.009259259259259259 0.7962962962962963 1072.1820942170614 21.087402646005003 113
0.9126984126984127 0.07936507936507936 0.007936507936507936 0.9090909090909091 0.08264462809917356 0.008264462809917356 0.8842975206611571 990.5045169866222 20.561305591969596 126
0.907563025210084 0.09243697478991597 0.0 0.9035087719298246 0.09649122807017543 0.0 0.956140350877193 1071.86933936852 21.297375056802593 119
0.9090909090909091 0.09090909090909091 0.0 0.9042553191489362 0.09574468085106383 0.0 0.9787234042553191 950.309738343788 19.81911337477817 99
0.9574468085106383 0.0425531914893617 0.0 0.9558823529411765 0.04411764705882353 0.0 0.7573529411764706 1086.0018656033646 20.0752907012413 141
0.898989898989899 0.10101010101010101 0.0 0.8936170212765957 0.10638297872340426 0.0 0.8829787234042553 1049.0101122906817 19.90905166104456 99
0.9 0.1 0.0 0.8941176470588236 0.10588235294117647 0.0 0.6470588235294118 1078.9999327138348 21.461480320180055 90
0.9418604651162791 0.05813953488372093 0.0 0.9461077844311377 0.05389221556886228 0.0 0.8982035928143712 1086.374462254633 19.375612543513157 172
0.9153846153846154 0.06923076923076923 0.015384615384615385 0.912 0.072 0.016 0.896 1029.485777656868 20.41719390470842 130
0.8790322580645161 0.12096774193548387 0.0 0.8739495798319328 0.12605042016806722 0.0 0.773109243697479 1087.4591260439906 19.873119943685275 124
0.9672131147540983 0.03278688524590164 0.0 0.9658119658119658 0.03418803418803419 0.0 0.8888888888888888 1021.2088285460429 20.523570072310395 122
0.9813084112149533 0.018691588785046728 0.0 0.9803921568627451 0.0196078431372549 0.0 0.9019607843137255 1071.240362097209 21.0324219708442 107
0.9826086956521739 0.017391304347826087 0.0 0.9818181818181818 0.01818181818181818 0.0 0.7545454545454545 1087.142276962241 19.6715848878811 115
0.9313725490196079 0.06862745098039216 0.0 0.9381443298969072 0.061855670103092786 0.0 0.7010309278350515 1087.3949454603317 21.743493221691235 102
0.9637681159420289 0.036231884057971016 0.0 0.9624060150375939 0.03759398496240601 0.0 0.6691729323308271 1017.6341881158867 19.625715143068003 138
0.9576271186440678 0.0423728813559322 0.0 0.9557522123893806 0.04424778761061947 0.0 0.8230088495575221 1082.1538564963753 19.938690253196892 118
0.775 0.175 0.05 0.7652173913043478 0.1826086956521739 0.05217391304347826 0.6 1077.2309250199141 19.292513532348426 120
0.8559322033898306 0.13559322033898305 0.00847457627118644 0.8495575221238938 0.1415929203539823 0.008849557522123894 0.8672566371681416 1086.3705479185717 20.851296921168085 118
0.9 0.1 0.0 0.8947368421052632 0.10526315789473684 0.0 0.9578947368421052 979.9168359583639 22.331255582184504 100
0.8839285714285714 0.11607142857142858 0.0 0.8785046728971962 0.12149532710280374 0.0 0.8130841121495327 1083.0540452563432 21.24132535899864 112
0.9387755102040817 0.061224489795918366 0.0 0.9354838709677419 0.06451612903225806 0.0 0.9247311827956989 1050.9888789222387 24.304354950156842 98
0.9375 0.0625 0.0 0.9349593495934959 0.06504065040650407 0.0 0.8292682926829268 1076.2232702002175 20.185886282502224 128
0.9186991869918699 0.08130081300813008 0.0 0.9152542372881356 0.0847457627118644 0.0 0.7542372881355932 1087.3412930240024 19.531069662141363 123
0.9453125 0.0546875 0.0 0.943089430894309 0.056910569105691054 0.0 0.8211382113821138 1047.9497363781481 20.433218547369506 128
0.9485294117647058 0.051470588235294115 0.0 0.9465648854961832 0.05343511450381679 0.0 0.8702290076335878 1087.4681632172847 19.597143292768333 136
0.9440559440559441 0.055944055944055944 0.0 0.9420289855072463 0.057971014492753624 0.0 0.9347826086956522 1080.5080335095888 19.972746206279176 143
0.8814814814814815 0.1037037037037037 0.014814814814814815 0.8769230769230769 0.1076923076923077 0.015384615384615385 0.8769230769230769 1082.8614254488118 19.856423473275203 135
0.9076923076923077 0.09230769230769231 0.0 0.904 0.096 0.0 0.76 1087.451495430495 20.611687870081802 130
0.9612403100775194 0.03875968992248062 0.0 0.9596774193548387 0.04032258064516129 0.0 0.7903225806451613 1049.5413398614576 20.52788752185391 129
0.8333333333333334 0.16666666666666666 0.0 0.8348623853211009 0.1651376146788991 0.0 0.9724770642201835 1070.1095618953045 23.609583594307995 114
0.9619047619047619 0.0380952380952381 0.0 0.96 0.04 0.0 0.96 1035.6360611423752 22.25131201274701 105
0.9230769230769231 0.07692307692307693 0.0 0.9196428571428571 0.08035714285714286 0.0 0.8928571428571429 1052.858094182476 20.780972055626957 117
0.9477124183006536 0.05228758169934641 0.0 0.9527027027027027 0.0472972972972973 0.0 0.8648648648648649 1087.2971807353292 19.7716000492589 153
0.9020979020979021 0.09090909090909091 0.006993006993006993 0.8985507246376812 0.09420289855072464 0.007246376811594203 0.7971014492753623 1010.0837207952711 19.68096845028188 143
0.9568965517241379 0.04310344827586207 0.0 0.954954954954955 0.04504504504504504 0.0 0.6486486486486487 1059.1229515644693 20.153078318316663 116
0.9565217391304348 0.043478260869565216 0.0 0.9548872180451128 0.045112781954887216 0.0 0.7819548872180451 1087.3309329439714 20.123320620109787 138
0.8309859154929577 0.16901408450704225 0.0 0.8248175182481752 0.17518248175182483 0.0 0.7883211678832117 1086.9701711711486 19.597267713047252 142
0.9032258064516129 0.0967741935483871 0.0 0.8977272727272727 0.10227272727272728 0.0 0.6704545454545454 1068.439101600978 21.80580369406359 93
0.8688524590163934 0.13114754098360656 0.0 0.8632478632478633 0.13675213675213677 0.0 0.6068376068376068 1087.4482989894304 22.201257514936014 122
0.8206896551724138 0.1724137931034483 0.006896551724137931 0.8142857142857143 0.17857142857142858 0.007142857142857143 0.9071428571428571 1036.5309286014065 20.162584056744368 145
0.9626168224299065 0.037383177570093455 0.0 0.9607843137254902 0.0392156862745098 0.0 0.7843137254901961 981.6317756980852 20.827364817048483 107
0.903448275862069 0.09655172413793103 0.0 0.9 0.1 0.0 0.8357142857142857 1087.059314576558 20.757785621502375 145
0.8666666666666667 0.1259259259259259 0.007407407407407408 0.8615384615384616 0.13076923076923078 0.007692307692307693 0.7692307692307693 1058.0014456876886 20.513312071486126 135
0.9495798319327731 0.05042016806722689 0.0 0.9473684210526315 0.05263157894736842 0.0 0.6842105263157895 1086.7516582376982 19.707102108903438 119
0.8974358974358975 0.10256410256410256 0.0 0.9017857142857143 0.09821428571428571 0.0 0.7857142857142857 1087.1272333995732 19.753963720392942 117
0.9452054794520548 0.0547945205479452 0.0 0.9432624113475178 0.05673758865248227 0.0 0.900709219858156 1030.8991163915703 20.300327545187972 146
0.8359375 0.1484375 0.015625 0.8292682926829268 0.15447154471544716 0.016260162601626018 0.991869918699187 1071.1175898613958 19.977059418422584 128
0.9495798319327731 0.05042016806722689 0.0 0.9473684210526315 0.05263157894736842 0.0 0.8859649122807017 1058.9127306210744 19.809975428207053 119
0.7241379310344828 0.15517241379310345 0.1206896551724138 0.7117117117117117 0.16216216216216217 0.12612612612612611 0.7117117117117117 1056.4803047139205 20.912901271976644 116
0.9807692307692307 0.019230769230769232 0.0 0.9797979797979798 0.020202020202020204 0.0 0.797979797979798 1049.3574553846092 19.643813050422672 104
0.9696969696969697 0.030303030303030304 0.0 0.9680851063829787 0.031914893617021274 0.0 0.7340425531914894 1086.0255155012105 20.972641666608922 99
0.9683544303797469 0.03164556962025317 0.0 0.9673202614379085 0.032679738562091505 0.0 0.6993464052287581 1087.307098235613 18.483984224530385 158
0.8775510204081632 0.11224489795918367 0.01020408163265306 0.8709677419354839 0.11827956989247312 0.010752688172043012 0.946236559139785 1021.2268910356944 22.750425031173474 98
0.9262295081967213 0.07377049180327869 0.0 0.9230769230769231 0.07692307692307693 0.0 0.8547008547008547 1056.3312738173424 20.28888014860432 122
0.9166666666666666 0.08333333333333333 0.0 0.9212598425196851 0.07874015748031496 0.0 0.7795275590551181 1086.78572941948 20.668081324188247 132
0.926829268292683 0.07317073170731707 0.0 0.923728813559322 0.07627118644067797 0.0 0.711864406779661 1087.262689781382 19.615030843442888 123
0.8716216216216216 0.12837837837837837 0.0 0.8671328671328671 0.13286713286713286 0.0 0.8041958041958042 1083.2015256405573 19.98752534537228 148
0.8620689655172413 0.1310344827586207 0.006896551724137931 0.8571428571428571 0.1357142857142857 0.007142857142857143 0.8285714285714286 1087.3765757891788 19.699528033432273 145
0.9105691056910569 0.08130081300813008 0.008130081300813009 0.9152542372881356 0.07627118644067797 0.00847457627118644 0.864406779661017 1072.6426783144157 20.314443743160172 123
0.8258064516129032 0.17419354838709677 0.0 0.82 0.18 0.0 0.66 1087.0345017410632 18.963495507606552 155
0.9183673469387755 0.08163265306122448 0.0 0.9154929577464789 0.08450704225352113 0.0 0.8028169014084507 1087.221539867691 19.350376373568594 147
0.873015873015873 0.11904761904761904 0.007936507936507936 0.8760330578512396 0.12396694214876033 0.0 0.71900826446281 1087.3971789769341 20.397060576819698 126
0.9223300970873787 0.06796116504854369 0.009708737864077669 0.9183673469387755 0.07142857142857142 0.01020408163265306 1.0 1067.0435222244528 22.470851011746987 103
0.9538461538461539 0.046153846153846156 0.0 0.952 0.048 0.0 0.728 1079.5149990010414 20.09316977607654 130
0.9868421052631579 0.013157894736842105 0.0 0.9859154929577465 0.014084507042253521 0.0 0.9154929577464789 1013.4517037760556 22.9845015070479 76
0.9230769230769231 0.06837606837606838 0.008547008547008548 0.9196428571428571 0.07142857142857142 0.008928571428571428 0.8928571428571429 1085.415191898851 22.041662808654664 117
0.9508196721311475 0.04918032786885246 0.0 0.9487179487179487 0.05128205128205128 0.0 0.7264957264957265 1061.3581375445276 19.68933293329582 122
0.8888888888888888 0.1111111111111111 0.0 0.8829787234042553 0.11702127659574468 0.0 1.0 999.2269560954895 21.882581871953334 99
0.92 0.08 0.0 0.9157894736842105 0.08421052631578947 0.0 0.7789473684210526 1081.224415916625 21.80792665742959 100
0.967032967032967 0.03296703296703297 0.0 0.9651162790697675 0.03488372093023256 0.0 0.7906976744186046 1078.4720462824266 23.371722899053058 91
0.9555555555555556 0.044444444444444446 0.0 0.9538461538461539 0.046153846153846156 0.0 0.8615384615384616 1068.929054854603 20.15066893765174 135
0.9115646258503401 0.08843537414965986 0.0 0.9084507042253521 0.09154929577464789 0.0 0.6619718309859155 1087.3298136725307 18.897703879979286 147
0.9767441860465116 0.023255813953488372 0.0 0.9758064516129032 0.024193548387096774 0.0 0.9435483870967742 1070.7645611154512 20.81103661264655 129
0.8653846153846154 0.125 0.009615384615384616 0.8585858585858586 0.13131313131313133 0.010101010101010102 0.9191919191919192 1027.745106881768 20.718065991837175 104
0.9389312977099237 0.061068702290076333 0.0 0.9365079365079365 0.06349206349206349 0.0 0.8888888888888888 1083.672168149067 20.026267535842354 131
0.8955223880597015 0.1044776119402985 0.0 0.8914728682170543 0.10852713178294573 0.0 0.8294573643410853 1087.3112415308087 19.77323441042511 134
0.900709219858156 0.09929078014184398 0.0 0.8970588235294118 0.10294117647058823 0.0 0.75 1087.4149310606695 19.633375811393186 141
0.9411764705882353 0.058823529411764705 0.0 0.9381443298969072 0.061855670103092786 0.0 0.6701030927835051 1080.356014727392 21.338165381889752 102
0.9385964912280702 0.06140350877192982 0.0 0.9357798165137615 0.06422018348623854 0.0 0.7431192660550459 1087.1318025573705 19.3366588933049 114
0.8029197080291971 0.17518248175182483 0.021897810218978103 0.7954545454545454 0.18181818181818182 0.022727272727272728 0.9924242424242424 1001.7887410181397 20.558704332957127 137
0.9358974358974359 0.0641025641025641 0.0 0.9337748344370861 0.06622516556291391 0.0 0.7350993377483444 1086.1730195246316 19.37379202312381 156
0.9150943396226415 0.08490566037735849 0.0 0.9108910891089109 0.0891089108910891 0.0 0.7128712871287128 1086.632290088684 20.348771270024255 106
0.8759124087591241 0.12408759124087591 0.0 0.8712121212121212 0.12878787878787878 0.0 0.7424242424242424 1062.6576570490492 20.547452733525606 137
0.9107142857142857 0.08928571428571429 0.0 0.9065420560747663 0.09345794392523364 0.0 0.8878504672897196 1080.8241941996034 23.580709270312408 112
0.9605263157894737 0.039473684210526314 0.0 0.9577464788732394 0.04225352112676056 0.0 0.9859154929577465 1053.7591145456854 23.394431312624715 76
0.8758620689655172 0.12413793103448276 0.0 0.8714285714285714 0.12857142857142856 0.0 0.7428571428571429 1086.2195007329847 20.85260910609384 145
0.8839285714285714 0.11607142857142858 0.0 0.8785046728971962 0.12149532710280374 0.0 0.7102803738317757 1087.4849615033886 20.44882038726521 112
0.9428571428571428 0.05714285714285714 0.0 0.9407407407407408 0.05925925925925926 0.0 0.6444444444444445 1063.7808510802884 19.76270921192171 140
0.9444444444444444 0.05555555555555555 0.0 0.9402985074626866 0.05970149253731343 0.0 0.9701492537313433 974.8142804045166 24.729434200706386 72
0.9649122807017544 0.03508771929824561 0.0 0.963302752293578 0.03669724770642202 0.0 0.8440366972477065 1070.6641623793812 20.64226760519801 114
0.8058252427184466 0.1941747572815534 0.0 0.7959183673469388 0.20408163265306123 0.0 0.9693877551020408 1051.4254061902952 23.3241957523443 103
0.9259259259259259 0.07407407407407407 0.0 0.9223300970873787 0.07766990291262135 0.0 0.8446601941747572 1087.4502560261426 20.04617521289046 108
0.9421487603305785 0.05785123966942149 0.0 0.9396551724137931 0.0603448275862069 0.0 0.8448275862068966 1082.5756331307668 21.354531090670932 121
0.9504132231404959 0.049586776859504134 0.0 0.9482758620689655 0.05172413793103448 0.0 0.7068965517241379 1087.0615586021022 20.373751557774717 121
0.9621212121212122 0.03787878787878788 0.0 0.968503937007874 0.031496062992125984 0.0 0.7716535433070866 1087.3870202130308 19.8361432760977 132
0.8608695652173913 0.13043478260869565 0.008695652173913044 0.8545454545454545 0.13636363636363635 0.00909090909090909 0.8909090909090909 1001.6982514316971 19.932595130097603 115
0.8682170542635659 0.13178294573643412 0.0 0.8629032258064516 0.13709677419354838 0.0 0.9919354838709677 1052.7523426575292 19.82950002404814 129
0.9636363636363636 0.03636363636363636 0.0 0.9619047619047619 0.0380952380952381 0.0 0.8476190476190476 1065.401205644814 21.23645481278219 110
0.9424460431654677 0.05755395683453238 0.0 0.9402985074626866 0.05970149253731343 0.0 0.8955223880597015 1087.474340708791 20.320555481773276 139
0.9583333333333334 0.041666666666666664 0.0 0.9565217391304348 0.043478260869565216 0.0 0.7739130434782608 1081.2495002825742 20.861923996542863 120
0.8656716417910447 0.13432835820895522 0.0 0.8622448979591837 0.1377551020408163 0.0 0.6785714285714286 1087.1610456092792 18.016875162104053 201
0.875 0.125 0.0 0.8707482993197279 0.1292517006802721 0.0 0.8503401360544217 1082.2976411390957 19.905292718423773 152
0.9849624060150376 0.015037593984962405 0.0 0.984375 0.015625 0.0 0.921875 1063.246766375311 19.593542962793755 133
0.9291338582677166 0.07086614173228346 0.0 0.9262295081967213 0.07377049180327869 0.0 0.7704918032786885 1087.1192631376623 20.854081112278966 127
0.9318181818181818 0.06818181818181818 0.0 0.9291338582677166 0.07086614173228346 0.0 0.968503937007874 1083.3637362311167 20.369653010770868 132
0.8955223880597015 0.09701492537313433 0.007462686567164179 0.8914728682170543 0.10077519379844961 0.007751937984496124 0.9612403100775194 1053.268949339682 21.233698000121883 134
0.9056603773584906 0.09433962264150944 0.0 0.900990099009901 0.09900990099009901 0.0 0.9108910891089109 1086.6916793803705 21.187453395902992 106
0.9663865546218487 0.03361344537815126 0.0 0.9649122807017544 0.03508771929824561 0.0 0.7719298245614035 1072.3289710391105 21.0490496143177 119
0.9174311926605505 0.08256880733944955 0.0 0.9134615384615384 0.08653846153846154 0.0 0.7980769230769231 1085.5742408002093 21.765843297475932 109
0.8476190476190476 0.14285714285714285 0.009523809523809525 0.84 0.15 0.01 1.0 1056.171328636153 20.84152491334151 105
0.92 0.05333333333333334 0.02666666666666667 0.9428571428571428 0.04285714285714286 0.014285714285714285 0.9428571428571428 1032.3712607187938 24.50276267928483 75
0.822429906542056 0.1588785046728972 0.018691588785046728 0.8137254901960784 0.16666666666666666 0.0196078431372549 0.8235294117647058 1044.1954103217781 22.216709212375385 107
0.9902912621359223 0.009708737864077669 0.0 0.9897959183673469 0.01020408163265306 0.0 0.8061224489795918 1083.4711361330121 20.47419872758082 103
0.6764705882352942 0.3235294117647059 0.0 0.6641221374045801 0.33587786259541985 0.0 0.015267175572519083 1075.345875120472 19.06234584837527 136
0.9 0.1 0.0 0.9043478260869565 0.09565217391304348 0.0 0.8521739130434782 1077.523621601125 19.889658983092268 120
0.9323308270676691 0.06015037593984962 0.007518796992481203 0.9375 0.0546875 0.0078125 0.8984375 1036.8126503770347 19.825953416012005 133
0.9724137931034482 0.027586206896551724 0.0 0.9714285714285714 0.02857142857142857 0.0 0.8285714285714286 1085.126827974087 18.995613922171106 145
0.9166666666666666 0.08333333333333333 0.0 0.9136690647482014 0.08633093525179857 0.0 0.7338129496402878 1087.489441869481 19.162348861748917 144
0.8611111111111112 0.1388888888888889 0.0 0.8561151079136691 0.14388489208633093 0.0 0.5899280575539568 1087.4269873597236 19.333268746144928 144
0.918918918918919 0.08108108108108109 0.0 0.916083916083916 0.08391608391608392 0.0 0.8321678321678322 1075.370774286072 19.669070745716077 148
0.953125 0.046875 0.0 0.9512195121951219 0.04878048780487805 0.0 0.9512195121951219 1084.1381476823847 20.444064828687342 128
0.9423076923076923 0.057692307692307696 0.0 0.9393939393939394 0.06060606060606061 0.0 1.0 1028.8184472481444 20.115783095778742 104
0.9117647058823529 0.08823529411764706 0.0 0.9175257731958762 0.08247422680412371 0.0 0.8762886597938144 1022.2545332788854 21.57397664524525 102
0.776595744680851 0.20212765957446807 0.02127659574468085 0.7640449438202247 0.21348314606741572 0.02247191011235955 1.0 1077.89905170948 22.627839908832986 94
0.9405940594059405 0.0594059405940594 0.0 0.9375 0.0625 0.0 0.8229166666666666 1037.7160610895878 20.684434172489265 101
0.972972972972973 0.02702702702702703 0.0 0.9716981132075472 0.02830188679245283 0.0 0.6981132075471698 1055.5533202233198 19.933961710957387 111
0.9375 0.0625 0.0 0.9345794392523364 0.06542056074766354 0.0 0.9532710280373832 1071.5897776970007 21.03320986951011 112
0.9243697478991597 0.07563025210084033 0.0 0.9210526315789473 0.07894736842105263 0.0 1.0 1050.6542446363874 21.836478487844662 119
0.9444444444444444 0.05555555555555555 0.0 0.941747572815534 0.05825242718446602 0.0 0.6990291262135923 1044.0621395170806 21.03649327033044 108
0.9705882352941176 0.029411764705882353 0.0 0.9690721649484536 0.030927835051546393 0.0 0.9072164948453608 1087.4863785102352 21.743530170568967 102
0.9487179487179487 0.05128205128205128 0.0 0.9470198675496688 0.052980132450331126 0.0 0.7483443708609272 1080.7511751400518 19.40766306416173 156
0.9158878504672897 0.07476635514018691 0.009345794392523364 0.9117647058823529 0.0784313725490196 0.00980392156862745 0.8725490196078431 1061.971177409327 21.281870523345855 107
0.9662921348314607 0.033707865168539325 0.0 0.9642857142857143 0.03571428571428571 0.0 0.8333333333333334 1043.2529961463165 22.15998236788147 89
0.9247311827956989 0.07526881720430108 0.0 0.9318181818181818 0.06818181818181818 0.0 0.8863636363636364 1018.8651283007271 22.78947401002815 93
0.9310344827586207 0.06896551724137931 0.0 0.9285714285714286 0.07142857142857142 0.0 0.9142857142857143 1053.0189342890858 19.707480247769276 145
0.9230769230769231 0.07692307692307693 0.0 0.9186046511627907 0.08139534883720931 0.0 0.9302325581395349 1023.0172309370514 22.17730814500741 91
0.9893617021276596 0.010638297872340425 0.0 0.9887640449438202 0.011235955056179775 0.0 0.8876404494382022 1032.9331850427332 20.408962848055626 94
0.7980769230769231 0.17307692307692307 0.028846153846153848 0.7878787878787878 0.18181818181818182 0.030303030303030304 0.6161616161616161 1075.5933199867213 21.635766147142416 104
0.905511811023622 0.09448818897637795 0.0 0.9098360655737705 0.09016393442622951 0.0 0.8442622950819673 1029.0332506662442 19.90499942751821 127
0.952 0.048 0.0 0.95 0.05 0.0 0.7083333333333334 1081.4188953853666 21.919109555730167 125
0.9763779527559056 0.023622047244094488 0.0 0.9754098360655737 0.02459016393442623 0.0 0.8770491803278688 1035.681307868927 19.985222752132476 127
0.9043478260869565 0.09565217391304348 0.0 0.9 0.1 0.0 0.6818181818181818 1087.1788045729954 19.537716441904333 115
0.952755905511811 0.047244094488188976 0.0 0.9508196721311475 0.04918032786885246 0.0 0.8852459016393442 1024.910345806943 19.968131592749423 127
0.9552238805970149 0.04477611940298507 0.0 0.9534883720930233 0.046511627906976744 0.0 0.7131782945736435 1087.0230847390712 19.389641356378252 134
0.9411764705882353 0.058823529411764705 0.0 0.9484536082474226 0.05154639175257732 0.0 0.7628865979381443 1032.638175405096 20.49403537027625 102
0.972972972972973 0.02702702702702703 0.0 0.972027972027972 0.027972027972027972 0.0 0.9090909090909091 1027.924860117921 19.590608303072315 148
0.9752066115702479 0.024793388429752067 0.0 0.9827586206896551 0.017241379310344827 0.0 0.7155172413793104 1063.8269958788737 19.54548137592921 121
0.8979591836734694 0.10204081632653061 0.0 0.8943661971830986 0.1056338028169014 0.0 0.7746478873239436 1087.4377320476403 19.99293373505757 147
0.963302752293578 0.03669724770642202 0.0 0.9615384615384616 0.038461538461538464 0.0 0.7980769230769231 1082.1846456324222 20.698220661276807 109
0.9133333333333333 0.08666666666666667 0.0 0.9103448275862069 0.0896551724137931 0.0 0.8 1060.6296959654262 19.027484390169644 150
0.9607843137254902 0.0392156862745098 0.0 0.9587628865979382 0.041237113402061855 0.0 0.8865979381443299 1065.2243599421538 20.672733744035444 102
0.9629629629629629 0.037037037037037035 0.0 0.970873786407767 0.02912621359223301 0.0 0.8737864077669902 1087.3795592056201 21.133427015927534 108
0.9014084507042254 0.09859154929577464 0.0 0.9051094890510949 0.0948905109489051 0.0 0.7591240875912408 1087.415649531986 20.209390654332594 142
0.8461538461538461 0.14685314685314685 0.006993006993006993 0.8405797101449275 0.15217391304347827 0.007246376811594203 0.7971014492753623 1087.4835747578768 19.53434378454122 143
0.9864864864864865 0.013513513513513514 0.0 0.9855072463768116 0.014492753623188406 0.0 0.7536231884057971 1087.0078253784236 20.60785222355861 74
0.9540229885057471 0.04597701149425287 0.0 0.9512195121951219 0.04878048780487805 0.0 0.7560975609756098 1083.0917407967634 20.959731284301 87
0.8289473684210527 0.14473684210526316 0.02631578947368421 0.8231292517006803 0.14965986394557823 0.027210884353741496 0.7687074829931972 1043.6093363579987 19.32894827897281 152
0.8923076923076924 0.1076923076923077 0.0 0.888 0.112 0.0 0.848 1069.5748298799792 19.288627314575066 130
0.9484536082474226 0.05154639175257732 0.0 0.9470899470899471 0.05291005291005291 0.0 0.7671957671957672 1079.0633132264443 18.073316053775674 194
0.8985507246376812 0.10144927536231885 0.0 0.9022556390977443 0.09774436090225563 0.0 0.8120300751879699 1074.6166512237571 19.672244352150898 138
0.9217391304347826 0.0782608695652174 0.0 0.9181818181818182 0.08181818181818182 0.0 0.7272727272727273 1087.4009883972242 19.631413964835346 115
0.954954954954955 0.04504504504504504 0.0 0.9528301886792453 0.04716981132075472 0.0 0.8584905660377359 1083.934779080047 21.903753246391904 111
0.9647058823529412 0.03529411764705882 0.0 0.9625 0.0375 0.0 0.85 991.9928483671724 22.64660364697619 85
0.967391304347826 0.03260869565217391 0.0 0.9655172413793104 0.034482758620689655 0.0 1.0 1085.7038694838584 21.247769000489868 92
0.9206349206349206 0.07936507936507936 0.0 0.9256198347107438 0.0743801652892562 0.0 0.7520661157024794 1052.807968461097 19.274097522492603 126
0.8846153846153846 0.11538461538461539 0.0 0.8767123287671232 0.1232876712328767 0.0 0.7534246575342466 1048.951634587808 21.623660317086383 78
0.9328358208955224 0.06716417910447761 0.0 0.9302325581395349 0.06976744186046512 0.0 0.7906976744186046 1087.3702492671198 19.28135638138257 134
0.9661016949152542 0.03389830508474576 0.0 0.9646017699115044 0.035398230088495575 0.0 0.7876106194690266 1086.9339226554466 20.327607453975872 118
0.8916666666666667 0.10833333333333334 0.0 0.8869565217391304 0.11304347826086956 0.0 0.7739130434782608 1086.4813400974024 21.045840389936153 120
0.9279279279279279 0.07207207207207207 0.0 0.9245283018867925 0.07547169811320754 0.0 0.7169811320754716 1066.0213085270298 23.03176966059843 111
0.9545454545454546 0.045454545454545456 0.0 0.9523809523809523 0.047619047619047616 0.0 0.9714285714285714 1085.322203529447 21.639881789676995 110
0.9256198347107438 0.0743801652892562 0.0 0.9224137931034483 0.07758620689655173 0.0 0.6551724137931034 1068.6179445464415 20.613319872396808 121
0.9578947368421052 0.042105263157894736 0.0 0.9555555555555556 0.044444444444444446 0.0 0.9444444444444444 1076.142425266798 20.808446172389672 95
0.9789473684210527 0.021052631578947368 0.0 0.9777777777777777 0.022222222222222223 0.0 0.8777777777777778 1075.0524909731225 22.680603976565024 95
0.9512195121951219 0.04878048780487805 0.0 0.9491525423728814 0.05084745762711865 0.0 0.8983050847457628 1056.8254729852 20.164788069819107 123
0.8773584905660378 0.09433962264150944 0.02830188679245283 0.8712871287128713 0.09900990099009901 0.0297029702970297 0.9306930693069307 1067.6215761534386 21.30609700777859 106
0.965034965034965 0.03496503496503497 0.0 0.9637681159420289 0.036231884057971016 0.0 0.6304347826086957 1086.781519714043 19.535452175925087 143
0.9296875 0.0703125 0.0 0.926829268292683 0.07317073170731707 0.0 0.8048780487804879 1087.110470511481 19.801466829932476 128
0.951048951048951 0.04895104895104895 0.0 0.9492753623188406 0.050724637681159424 0.0 0.8260869565217391 1010.7707469541942 20.051200035194707 143
0.9270833333333334 0.0625 0.010416666666666666 0.9230769230769231 0.06593406593406594 0.01098901098901099 1.0 1059.9970828786402 22.742860929410806 96
0.84251968503937 0.15748031496062992 0.0 0.8360655737704918 0.16393442622950818 0.0 0.680327868852459 1025.243262448867 20.406125998597524 127
0.912751677852349 0.087248322147651 0.0 0.9097222222222222 0.09027777777777778 0.0 0.75 1087.220662520347 19.9221115685105 149
0.9367816091954023 0.06321839080459771 0.0 0.9349112426035503 0.0650887573964497 0.0 0.2603550295857988 1033.826040247622 18.147393057376224 174
0.952 0.048 0.0 0.95 0.05 0.0 0.7083333333333334 1086.004703120275 20.633898725279614 125
0.9106145251396648 0.0893854748603352 0.0 0.9080459770114943 0.09195402298850575 0.0 0.7528735632183908 1077.396848618559 19.207022848111382 179
0.9606299212598425 0.03937007874015748 0.0 0.9590163934426229 0.040983606557377046 0.0 0.8278688524590164 1075.9450935817936 19.478491388290863 127
0.8387096774193549 0.1532258064516129 0.008064516129032258 0.8319327731092437 0.15966386554621848 0.008403361344537815 0.6890756302521008 1032.683260151056 20.67342721356277 124
0.9463087248322147 0.053691275167785234 0.0 0.9513888888888888 0.04861111111111111 0.0 0.9791666666666666 946.156853316247 18.987089299247792 149
0.9696969696969697 0.030303030303030304 0.0 0.9680851063829787 0.031914893617021274 0.0 0.8936170212765957 1082.6743101387535 21.449653543894108 99
0.9384615384615385 0.06153846153846154 0.0 0.936 0.064 0.0 0.832 1034.8001056343385 19.99069382000109 130
0.9611650485436893 0.038834951456310676 0.0 0.9591836734693877 0.04081632653061224 0.0 0.7551020408163265 1084.4997436612427 20.77653916436946 103
0.864406779661017 0.1271186440677966 0.00847457627118644 0.8584070796460177 0.13274336283185842 0.008849557522123894 0.9646017699115044 1040.4195653534773 21.651595513234536 118
0.940677966101695 0.059322033898305086 0.0 0.9380530973451328 0.061946902654867256 0.0 0.6548672566371682 1087.1183879812336 19.61552057999602 118
0.9609375 0.0390625 0.0 0.959349593495935 0.04065040650406504 0.0 0.7804878048780488 1041.6729072552178 20.308400276272696 128
0.9435483870967742 0.04838709677419355 0.008064516129032258 0.9411764705882353 0.05042016806722689 0.008403361344537815 0.9831932773109243 1049.8024719093862 21.466770554002814 124
0.9090909090909091 0.09090909090909091 0.0 0.9047619047619048 0.09523809523809523 0.0 0.8095238095238095 1086.3213677030035 21.939838712355083 110
0.9624060150375939 0.03759398496240601 0.0 0.9609375 0.0390625 0.0 0.8515625 1076.3620729171403 19.893724055335944 133
0.8838709677419355 0.11612903225806452 0.0 0.88 0.12 0.0 0.7133333333333334 1087.4121492988854 17.676117630678508 155
0.9327731092436975 0.06722689075630252 0.0 0.9298245614035088 0.07017543859649122 0.0 0.8508771929824561 1039.8171596618133 20.310157116957445 119
0.9791666666666666 0.020833333333333332 0.0 0.978021978021978 0.02197802197802198 0.0 0.7692307692307693 1054.1326316369846 21.798380934531295 96
0.9453125 0.0546875 0.0 0.943089430894309 0.056910569105691054 0.0 0.6585365853658537 1085.087092659626 19.516064468231253 128
0.9065420560747663 0.09345794392523364 0.0 0.9019607843137255 0.09803921568627451 0.0 0.7843137254901961 1068.8857167087833 22.565212138261288 107
0.9453551912568307 0.0546448087431694 0.0 0.9438202247191011 0.056179775280898875 0.0 0.8033707865168539 1087.2768706186257 18.188564674255232 183
0.9708029197080292 0.029197080291970802 0.0 0.9696969696969697 0.030303030303030304 0.0 0.8181818181818182 1080.809086142484 20.79330567509375 137
0.9423076923076923 0.057692307692307696 0.0 0.9393939393939394 0.06060606060606061 0.0 0.7575757575757576 1082.1491764573077 21.430086711834498 104
0.9186991869918699 0.08130081300813008 0.0 0.9152542372881356 0.0847457627118644 0.0 0.7796610169491526 1052.8545152055951 20.59712539223396 123
0.9636363636363636 0.03636363636363636 0.0 0.96 0.04 0.0 0.94 1021.5730822876405 27.68438673989664 55
0.9655172413793104 0.034482758620689655 0.0 0.963963963963964 0.036036036036036036 0.0 0.990990990990991 1041.0599749394346 20.522869422036656 116
0.9444444444444444 0.044444444444444446 0.011111111111111112 0.9411764705882353 0.047058823529411764 0.011764705882352941 0.9176470588235294 1018.0390376665481 21.90343325742225 90
0.9716981132075472 0.02830188679245283 0.0 0.9702970297029703 0.0297029702970297 0.0 0.9702970297029703 1063.8110890256962 23.167673279633362 106
0.9083333333333333 0.09166666666666666 0.0 0.9043478260869565 0.09565217391304348 0.0 0.8521739130434782 1069.4915297315817 21.33674790181827 120
0.9491525423728814 0.05084745762711865 0.0 0.9469026548672567 0.05309734513274336 0.0 0.8849557522123894 977.426352802598 20.663793916131862 118
0.925531914893617 0.07446808510638298 0.0 0.9213483146067416 0.07865168539325842 0.0 0.898876404494382 1086.6662052117074 22.881938549047817 94
0.9122807017543859 0.08771929824561403 0.0 0.908256880733945 0.09174311926605505 0.0 0.8348623853211009 1068.9380004550699 18.951128911205718 114
0.9438202247191011 0.0449438202247191 0.011235955056179775 0.9404761904761905 0.047619047619047616 0.011904761904761904 0.9880952380952381 1054.1668688391574 22.944606414499706 89
0.821917808219178 0.17123287671232876 0.00684931506849315 0.8156028368794326 0.1773049645390071 0.0070921985815602835 0.8723404255319149 1070.9068578306367 18.84061293374555 146
0.7839506172839507 0.21604938271604937 0.0 0.7770700636942676 0.2229299363057325 0.0 0.7834394904458599 1067.6228950574625 19.122606078640096 162
0.9393939393939394 0.06060606060606061 0.0 0.9361702127659575 0.06382978723404255 0.0 0.8297872340425532 1063.6960677095196 24.116677651819074 99
0.9090909090909091 0.09090909090909091 0.0 0.9156626506024096 0.08433734939759036 0.0 0.8192771084337349 1082.1302155008289 19.99586451954702 88
0.9197080291970803 0.072992700729927 0.0072992700729927005 0.9166666666666666 0.07575757575757576 0.007575757575757576 0.8409090909090909 1032.1582168676061 19.022771724900302 137
0.8613138686131386 0.1386861313868613 0.0 0.8560606060606061 0.14393939393939395 0.0 0.7954545454545454 1082.5949803264057 20.697968679519715 137
0.8867924528301887 0.11320754716981132 0.0 0.8811881188118812 0.1188118811881188 0.0 0.8118811881188119 1086.6947139652013 19.379657917860435 106
0.8823529411764706 0.11764705882352941 0.0 0.8771929824561403 0.12280701754385964 0.0 0.7368421052631579 1087.4272155859933 20.597057841671816 119
0.8888888888888888 0.10317460317460317 0.007936507936507936 0.8842975206611571 0.10743801652892562 0.008264462809917356 0.7603305785123967 1087.3643454334212 21.117393581798204 126
0.9142857142857143 0.08571428571428572 0.0 0.91 0.09 0.0 0.78 1086.4558720041791 21.608335803870748 105
0.9705882352941176 0.029411764705882353 0.0 0.9690721649484536 0.030927835051546393 0.0 0.7422680412371134 1084.8412565104202 19.89542222553017 102
0.963963963963964 0.036036036036036036 0.0 0.9622641509433962 0.03773584905660377 0.0 0.8773584905660378 1009.8835526200471 20.30660787851954 111
0.8978102189781022 0.10218978102189781 0.0 0.9015151515151515 0.09848484848484848 0.0 0.8409090909090909 1015.0579375918034 18.476221246417698 137
0.9315068493150684 0.0684931506849315 0.0 0.9290780141843972 0.07092198581560284 0.0 0.9361702127659575 947.2294228700594 18.807972927965658 146
0.8796992481203008 0.11278195488721804 0.007518796992481203 0.8828125 0.1171875 0.0 0.796875 1081.9555276613544 20.027078612347687 133
0.9096774193548387 0.09032258064516129 0.0 0.9066666666666666 0.09333333333333334 0.0 0.7533333333333333 1087.4806443099874 18.87179230226385 155
0.904 0.096 0.0 0.9 0.1 0.0 0.7333333333333333 1084.762261477005 20.193276417742716 125
0.9212598425196851 0.07874015748031496 0.0 0.9180327868852459 0.08196721311475409 0.0 0.8934426229508197 1087.3500146609167 21.027039291843693 127
0.9312977099236641 0.06870229007633588 0.0 0.9285714285714286 0.07142857142857142 0.0 0.6666666666666666 1087.3261582321911 19.621867099636628 131
0.9591836734693877 0.04081632653061224 0.0 0.956989247311828 0.043010752688172046 0.0 1.0 1072.10312199725 23.477796536461412 98
0.7435897435897436 0.2222222222222222 0.03418803418803419 0.7321428571428571 0.23214285714285715 0.03571428571428571 0.6875 1060.4431156250887 20.759783435738978 117
0.9223300970873787 0.07766990291262135 0.0 0.9183673469387755 0.08163265306122448 0.0 0.6632653061224489 1085.0467718250231 19.796237709554813 103
0.9365079365079365 0.06349206349206349 0.0 0.9338842975206612 0.06611570247933884 0.0 0.6942148760330579 1085.8252227570797 20.50513144839059 126
0.9702970297029703 0.0297029702970297 0.0 0.9791666666666666 0.020833333333333332 0.0 0.8125 1087.4380677185154 19.383918254689725 101
0.875 0.125 0.0 0.8691588785046729 0.1308411214953271 0.0 0.9532710280373832 1068.8427092109068 21.318800827360864 112
0.8521739130434782 0.1391304347826087 0.008695652173913044 0.8454545454545455 0.14545454545454545 0.00909090909090909 0.8454545454545455 1078.4093710684936 19.95366001113563 115
0.875 0.125 0.0 0.8691588785046729 0.1308411214953271 0.0 0.9906542056074766 1068.4411769326214 23.79239099219414 112
0.981651376146789 0.01834862385321101 0.0 0.9807692307692307 0.019230769230769232 0.0 0.9903846153846154 1077.836453324057 19.718719361576696 109
0.9050279329608939 0.0893854748603352 0.00558659217877095 0.9022988505747126 0.09195402298850575 0.005747126436781609 0.9712643678160919 1075.765858242254 19.644456405459216 179
0.865546218487395 0.12605042016806722 0.008403361344537815 0.868421052631579 0.12280701754385964 0.008771929824561403 0.7105263157894737 1070.7716134435484 19.65236177149253 119
0.9338235294117647 0.0661764705882353 0.0 0.9312977099236641 0.06870229007633588 0.0 0.7709923664122137 1087.38827758933 20.0911773653682 136
0.9281045751633987 0.0718954248366013 0.0 0.9256756756756757 0.07432432432432433 0.0 0.7364864864864865 1087.3324671705623 19.522666322870265 153
0.8629032258064516 0.12096774193548387 0.016129032258064516 0.8571428571428571 0.12605042016806722 0.01680672268907563 0.907563025210084 1052.1390320864211 20.608729466844185 124
0.90625 0.0625 0.03125 0.8983050847457628 0.06779661016949153 0.03389830508474576 0.9830508474576272 1072.7002112070709 23.931882087536103 64
0.9019607843137255 0.09803921568627451 0.0 0.8986486486486487 0.10135135135135136 0.0 0.8716216216216216 1044.1534042845997 19.04730013033632 153
0.9 0.1 0.0 0.8952380952380953 0.10476190476190476 0.0 0.6952380952380952 1087.4521690401143 19.916962784420047 110
0.926829268292683 0.07317073170731707 0.0 0.923728813559322 0.07627118644067797 0.0 0.8559322033898306 1084.789704847846 21.304165324111647 123
0.8666666666666667 0.13333333333333333 0.0 0.8608695652173913 0.1391304347826087 0.0 0.591304347826087 1082.183954503094 20.17173689154919 120
0.9396551724137931 0.0603448275862069 0.0 0.9369369369369369 0.06306306306306306 0.0 0.6936936936936937 1007.9945986203858 20.218283501853104 116
0.9479166666666666 0.052083333333333336 0.0 0.945054945054945 0.054945054945054944 0.0 0.9230769230769231 1051.6042830082315 20.763104093836294 96
0.9195402298850575 0.08045977011494253 0.0 0.9146341463414634 0.08536585365853659 0.0 1.0 1071.5540336213453 23.922495593970524 87
0.9104477611940298 0.08955223880597014 0.0 0.9069767441860465 0.09302325581395349 0.0 1.0 985.7372125993729 19.3160404887271 134
0.918918918918919 0.07207207207207207 0.009009009009009009 0.9150943396226415 0.07547169811320754 0.009433962264150943 0.5471698113207547 1085.9257376975863 21.63107315162242 111
0.9461077844311377 0.04790419161676647 0.005988023952095809 0.9444444444444444 0.04938271604938271 0.006172839506172839 0.7962962962962963 1084.121185935962 18.716711782434444 167
0.9557522123893806 0.04424778761061947 0.0 0.9537037037037037 0.046296296296296294 0.0 0.8148148148148148 1085.5969049699356 19.918637771350223 113
0.9322033898305084 0.06779661016949153 0.0 0.9292035398230089 0.07079646017699115 0.0 0.8141592920353983 1083.3824309709676 22.1121828733727 118
0.9173553719008265 0.08264462809917356 0.0 0.9224137931034483 0.07758620689655173 0.0 0.8275862068965517 1076.2886064421143 19.28989459169539 121
0.9618320610687023 0.03816793893129771 0.0 0.9682539682539683 0.031746031746031744 0.0 0.7936507936507936 1086.9265171960799 19.8737117290321 131
0.7913043478260869 0.17391304347826086 0.034782608695652174 0.7818181818181819 0.18181818181818182 0.03636363636363636 0.9636363636363636 1012.8334066429901 21.528666201879766 115
0.9125 0.0875 0.0 0.9066666666666666 0.09333333333333334 0.0 0.9866666666666667 1083.4598467069313 25.080094256526493 80
0.967741935483871 0.03225806451612903 0.0 0.9663865546218487 0.03361344537815126 0.0 0.8571428571428571 989.5055666487734 20.604172677867226 124
0.9515151515151515 0.048484848484848485 0.0 0.95 0.05 0.0 0.83125 1044.9469834531233 19.04691736671567 165
0.910828025477707 0.08917197452229299 0.0 0.9078947368421053 0.09210526315789473 0.0 0.756578947368421 1085.785519263256 19.671890389580682 157
0.9150943396226415 0.08490566037735849 0.0 0.9207920792079208 0.07920792079207921 0.0 0.7821782178217822 1084.6575738030483 22.043603164185505 106
0.9022556390977443 0.09774436090225563 0.0 0.8984375 0.1015625 0.0 0.6484375 1082.9515596117274 19.985745448881467 133
0.9649122807017544 0.03508771929824561 0.0 0.963302752293578 0.03669724770642202 0.0 0.7431192660550459 1086.6836571493275 19.91540680795447 114
0.8936170212765957 0.10638297872340426 0.0 0.8897058823529411 0.11029411764705882 0.0 0.75 1042.308737504978 19.584770315436327 141
0.9787234042553191 0.02127659574468085 0.0 0.9775280898876404 0.02247191011235955 0.0 1.0 975.4286049945263 23.577329144483855 94
0.9495798319327731 0.05042016806722689 0.0 0.9473684210526315 0.05263157894736842 0.0 0.9649122807017544 1031.2691619232514 20.552683874989164 119
0.773972602739726 0.1780821917808219 0.04794520547945205 0.7730496453900709 0.1773049645390071 0.04964539007092199 0.6879432624113475 1087.032321323455 18.96946057909473 146
0.890625 0.109375 0.0 0.8861788617886179 0.11382113821138211 0.0 0.8211382113821138 1030.6393138615526 18.671160646728374 128
0.9367088607594937 0.06329113924050633 0.0 0.9324324324324325 0.06756756756756757 0.0 0.8648648648648649 1074.8775406324955 23.287111313839883 79
0.9262295081967213 0.07377049180327869 0.0 0.9230769230769231 0.07692307692307693 0.0 0.7521367521367521 1087.393981350687 20.750663180657234 122
0.9148936170212766 0.0851063829787234 0.0 0.9101123595505618 0.0898876404494382 0.0 0.9101123595505618 1073.184630400313 21.14904120606369 94
0.9411764705882353 0.058823529411764705 0.0 0.9381443298969072 0.061855670103092786 0.0 0.845360824742268 972.8532887769209 21.467651044791396 102
0.9083969465648855 0.0916030534351145 0.0 0.9047619047619048 0.09523809523809523 0.0 0.8492063492063492 1075.0609859083497 20.817168396270702 131
0.9327731092436975 0.06722689075630252 0.0 0.9298245614035088 0.07017543859649122 0.0 0.9824561403508771 1085.6232488080962 20.576368750196018 119
0.9215686274509803 0.0784313725490196 0.0 0.9175257731958762 0.08247422680412371 0.0 1.0 1075.0635200964325 24.11900962957153 102
0.9558823529411765 0.04411764705882353 0.0 0.9541984732824428 0.04580152671755725 0.0 0.6641221374045801 1068.5508039451327 19.437693946053397 136
0.946236559139785 0.053763440860215055 0.0 0.9431818181818182 0.056818181818181816 0.0 0.8409090909090909 1043.230907548828 21.147103143009616 93
0.9624060150375939 0.03759398496240601 0.0 0.9609375 0.0390625 0.0 0.8046875 1046.8126809050652 20.05139893298334 133
0.9215686274509803 0.0784313725490196 0.0 0.9175257731958762 0.08247422680412371 0.0 0.9278350515463918 1069.8638771871583 21.216416558275814 102
0.9145299145299145 0.08547008547008547 0.0 0.9107142857142857 0.08928571428571429 0.0 0.75 1077.6671030190987 19.87883062226363 117
0.9247311827956989 0.07526881720430108 0.0 0.9204545454545454 0.07954545454545454 0.0 0.8522727272727273 1076.4107900229585 23.843246397300792 93
0.9568965517241379 0.04310344827586207 0.0 0.954954954954955 0.04504504504504504 0.0 0.7477477477477478 1073.3786573611935 19.787199915950534 116
0.9661016949152542 0.03389830508474576 0.0 0.9646017699115044 0.035398230088495575 0.0 0.8849557522123894 1011.743132607154 20.71964745078181 118
0.9252336448598131 0.07476635514018691 0.0 0.9215686274509803 0.0784313725490196 0.0 0.7156862745098039 1055.190257838279 20.40529568044736 107
0.9661016949152542 0.03389830508474576 0.0 0.9646017699115044 0.035398230088495575 0.0 0.8672566371681416 1058.7123189230015 21.787428757075784 118
0.8545454545454545 0.06363636363636363 0.08181818181818182 0.8476190476190476 0.06666666666666667 0.08571428571428572 0.8666666666666667 1009.0365095320184 21.108133097596767 110
0.9219858156028369 0.07801418439716312 0.0 0.9264705882352942 0.07352941176470588 0.0 0.8529411764705882 1080.7702534396099 20.6336893715635 141
0.9512195121951219 0.04878048780487805 0.0 0.9491525423728814 0.05084745762711865 0.0 0.8050847457627118 1038.398156365352 20.766520176780602 123
0.8970588235294118 0.10294117647058823 0.0 0.8931297709923665 0.10687022900763359 0.0 0.6412213740458015 1049.5507940637774 18.280548740751822 136
0.9316239316239316 0.06837606837606838 0.0 0.9285714285714286 0.07142857142857142 0.0 0.7053571428571429 1083.5455398353508 21.74337533974099 117
0.9425287356321839 0.05747126436781609 0.0 0.9390243902439024 0.06097560975609756 0.0 0.8536585365853658 1087.406217646616 21.32305364126675 87
0.9468085106382979 0.05319148936170213 0.0 0.9438202247191011 0.056179775280898875 0.0 0.8876404494382022 1086.803119639595 21.05127393929583 94
0.9152542372881356 0.0847457627118644 0.0 0.911504424778761 0.08849557522123894 0.0 0.9557522123893806 1078.6124959162048 21.990539625184745 118
0.9528301886792453 0.04716981132075472 0.0 0.9504950495049505 0.04950495049504951 0.0 0.7326732673267327 1087.3949929588048 21.281023099260768 106
0.912 0.088 0.0 0.9083333333333333 0.09166666666666666 0.0 0.9083333333333333 1066.345220425329 20.079493072970244 125
0.8076923076923077 0.18461538461538463 0.007692307692307693 0.8 0.192 0.008 0.808 1080.2017960401747 20.078403709074315 130
0.9173553719008265 0.08264462809917356 0.0 0.9137931034482759 0.08620689655172414 0.0 0.5862068965517241 1087.3512517670706 18.723688427260157 121
0.9333333333333333 0.06666666666666667 0.0 0.9304347826086956 0.06956521739130435 0.0 0.6956521739130435 1070.181720842204 20.535036790902993 120
0.9291338582677166 0.07086614173228346 0.0 0.9262295081967213 0.07377049180327869 0.0 0.8442622950819673 1032.855826550585 20.231606017347936 127
0.8712871287128713 0.1188118811881188 0.009900990099009901 0.8645833333333334 0.125 0.010416666666666666 0.9479166666666666 1069.4064404934377 22.035806031278174 101
0.8444444444444444 0.15555555555555556 0.0 0.8384615384615385 0.16153846153846155 0.0 0.8307692307692308 1087.4594725873558 19.863301322501755 135
0.9142857142857143 0.0761904761904762 0.009523809523809525 0.91 0.08 0.01 0.86 1081.3213476724684 23.25406814641923 105
0.9285714285714286 0.07142857142857142 0.0 0.9256198347107438 0.0743801652892562 0.0 0.7107438016528925 1061.2983641953087 21.125946746896062 126
0.813953488372093 0.16279069767441862 0.023255813953488372 0.8064516129032258 0.1693548387096774 0.024193548387096774 0.7580645161290323 1065.4856687661531 20.69020224447521 129
0.9354838709677419 0.053763440860215055 0.010752688172043012 0.9318181818181818 0.056818181818181816 0.011363636363636364 0.9772727272727273 1066.3187573415016 22.686609684638945 93
0.9532710280373832 0.04672897196261682 0.0 0.9509803921568627 0.049019607843137254 0.0 0.7156862745098039 1087.1714277382866 20.179400208326598 107
0.9344262295081968 0.06557377049180328 0.0 0.9316239316239316 0.06837606837606838 0.0 0.8376068376068376 1083.2869577964193 22.38603813344225 122
0.9407407407407408 0.05925925925925926 0.0 0.9384615384615385 0.06153846153846154 0.0 0.6615384615384615 1068.4039237604757 21.29650544081419 135
0.8940397350993378 0.10596026490066225 0.0 0.8904109589041096 0.1095890410958904 0.0 0.4657534246575342 1068.08352622527 19.000008404683218 151
0.8991596638655462 0.10084033613445378 0.0 0.9035087719298246 0.09649122807017543 0.0 0.631578947368421 1087.4797240898147 19.0345676858212 119
0.9186991869918699 0.08130081300813008 0.0 0.9152542372881356 0.0847457627118644 0.0 0.7457627118644068 1087.4552910654493 20.380521569670613 123
0.9207920792079208 0.07920792079207921 0.0 0.9166666666666666 0.08333333333333333 0.0 0.7916666666666666 1009.7441344653089 21.48773305713213 101
0.9159663865546218 0.06722689075630252 0.01680672268907563 0.9122807017543859 0.07017543859649122 0.017543859649122806 0.8157894736842105 1057.0255835437854 20.457514459670218 119
0.9649122807017544 0.03508771929824561 0.0 0.963302752293578 0.03669724770642202 0.0 0.7981651376146789 1075.5479297314164 20.896973885033173 114
0.9238095238095239 0.0761904761904762 0.0 0.9219512195121952 0.07804878048780488 0.0 0.0 1086.1627011428752 18.639692098427876 210
0.9727272727272728 0.02727272727272727 0.0 0.9714285714285714 0.02857142857142857 0.0 0.8285714285714286 1052.4686761386297 20.194325231885262 110
0.8785046728971962 0.11214953271028037 0.009345794392523364 0.8725490196078431 0.11764705882352941 0.00980392156862745 0.803921568627451 1079.0580204999242 22.045986214598493 107
0.9081632653061225 0.09183673469387756 0.0 0.9032258064516129 0.0967741935483871 0.0 0.8064516129032258 1040.9877517229504 23.6623210216245 98
0.9 0.1 0.0 0.8933333333333333 0.10666666666666667 0.0 0.7333333333333333 1086.736050342881 22.592707668561594 80
0.937984496124031 0.06201550387596899 0.0 0.9354838709677419 0.06451612903225806 0.0 0.6370967741935484 1083.424671925855 19.054112672179624 129
0.9534883720930233 0.046511627906976744 0.0 0.9506172839506173 0.04938271604938271 0.0 0.8271604938271605 1067.837033296141 23.343563383133592 86
0.8765432098765432 0.12345679012345678 0.0 0.8789808917197452 0.12101910828025478 0.0 0.8343949044585988 989.390526248149 19.3943074494604 162
0.9515151515151515 0.048484848484848485 0.0 0.95 0.05 0.0 1.0 1086.2181827398879 18.978931524716366 165
0.8938053097345132 0.10619469026548672 0.0 0.8888888888888888 0.1111111111111111 0.0 0.7685185185185185 1085.3048630884825 21.161490133051977 113
0.9454545454545454 0.05454545454545454 0.0 0.9428571428571428 0.05714285714285714 0.0 0.7238095238095238 1044.0198853881054 21.996957082808173 110
0.9193548387096774 0.08064516129032258 0.0 0.9159663865546218 0.08403361344537816 0.0 0.7310924369747899 1087.4605470357594 20.995123971597295 124
0.92 0.08 0.0 0.9166666666666666 0.08333333333333333 0.0 0.6833333333333333 1044.502168913078 20.588035042754235 125
0.6455696202531646 0.23417721518987342 0.12025316455696203 0.6339869281045751 0.24183006535947713 0.12418300653594772 0.8954248366013072 1057.0879652175472 18.038697156208965 158
0.9245283018867925 0.0660377358490566 0.009433962264150943 0.9207920792079208 0.06930693069306931 0.009900990099009901 1.0 1044.9390239442039 23.15063949695737 106
0.9230769230769231 0.07692307692307693 0.0 0.9205298013245033 0.07947019867549669 0.0 0.7814569536423841 1051.9334292110236 20.239841912832908 156
0.8252427184466019 0.11650485436893204 0.05825242718446602 0.8163265306122449 0.12244897959183673 0.061224489795918366 0.9897959183673469 1012.091096832318 20.82680645877636 103
0.9178082191780822 0.0821917808219178 0.0 0.9148936170212766 0.0851063829787234 0.0 0.851063829787234 1068.3001332262693 19.261315204336938 146
0.9530201342281879 0.04697986577181208 0.0 0.9513888888888888 0.04861111111111111 0.0 0.8194444444444444 999.5290698178829 19.685821573363523 149
0.8134328358208955 0.1791044776119403 0.007462686567164179 0.8062015503875969 0.18604651162790697 0.007751937984496124 0.7751937984496124 1043.1373830914379 20.443977363543635 134
0.9448275862068966 0.05517241379310345 0.0 0.9428571428571428 0.05714285714285714 0.0 0.7714285714285715 1058.1128129414462 19.423447643349654 145
0.9734513274336283 0.02654867256637168 0.0 0.9722222222222222 0.027777777777777776 0.0 0.7407407407407407 1042.9710914630768 21.144771174898295 113
0.9130434782608695 0.08695652173913043 0.0 0.9097744360902256 0.09022556390977443 0.0 0.7293233082706767 1087.2257596833997 20.44505522187982 138
0.9694656488549618 0.030534351145038167 0.0 0.9682539682539683 0.031746031746031744 0.0 0.8333333333333334 1079.9101454750482 19.763103090435816 131
0.9901960784313726 0.00980392156862745 0.0 0.9896907216494846 0.010309278350515464 0.0 0.8144329896907216 1071.4951830857174 21.081324105296346 102
0.8773584905660378 0.12264150943396226 0.0 0.8712871287128713 0.12871287128712872 0.0 0.693069306930693 1079.0337081351677 20.727374252742692 106
0.9595959595959596 0.04040404040404041 0.0 0.9574468085106383 0.0425531914893617 0.0 1.0 1085.545810172536 23.381462000262736 99
0.957983193277311 0.04201680672268908 0.0 0.956140350877193 0.043859649122807015 0.0 0.8421052631578947 1054.2257056674998 20.928336531092036 119
0.907563025210084 0.09243697478991597 0.0 0.9035087719298246 0.09649122807017543 0.0 0.8508771929824561 1084.7746541168126 21.134024241910122 119
0.9391304347826087 0.06086956521739131 0.0 0.9363636363636364 0.06363636363636363 0.0 0.8363636363636363 1048.5421619415072 21.989273576900114 115
0.8429752066115702 0.14049586776859505 0.01652892561983471 0.8448275862068966 0.13793103448275862 0.017241379310344827 0.7758620689655172 1086.359673113066 19.127707113799662 121
0.9459459459459459 0.05405405405405406 0.0 0.9433962264150944 0.05660377358490566 0.0 0.839622641509434 1083.9320099560694 22.626601591426063 111
0.9137931034482759 0.08620689655172414 0.0 0.918918918918919 0.08108108108108109 0.0 0.7747747747747747 1087.4357847935673 20.748375245149468 116
0.991869918699187 0.008130081300813009 0.0 0.9915254237288136 0.00847457627118644 0.0 0.6440677966101694 1074.0188449372026 19.602820708554393 123
0.9007633587786259 0.09923664122137404 0.0 0.8968253968253969 0.10317460317460317 0.0 0.7063492063492064 1087.3850589461626 20.14088806149448 131
0.9894736842105263 0.010526315789473684 0.0 0.9888888888888889 0.011111111111111112 0.0 0.9666666666666667 1078.9878197157661 23.000870071851008 95
0.9716981132075472 0.02830188679245283 0.0 0.9758454106280193 0.024154589371980676 0.0 0.8357487922705314 1087.4446105511304 17.797480565055814 212
0.9617834394904459 0.03821656050955414 0.0 0.9605263157894737 0.039473684210526314 0.0 0.8092105263157895 1027.8164801605212 18.339540838428633 157
0.9652777777777778 0.034722222222222224 0.0 0.9640287769784173 0.03597122302158273 0.0 0.6834532374100719 1086.318587278789 19.678953289126742 144
0.9008264462809917 0.09917355371900827 0.0 0.896551724137931 0.10344827586206896 0.0 0.9741379310344828 1047.6110952094195 21.930462007861273 121
0.8992248062015504 0.10077519379844961 0.0 0.8951612903225806 0.10483870967741936 0.0 0.7419354838709677 1083.8624969324396 20.72913871907906 129
0.8515625 0.1484375 0.0 0.8455284552845529 0.15447154471544716 0.0 0.7804878048780488 1070.8094473356791 20.90897256369882 128
0.9426229508196722 0.05737704918032787 0.0 0.9487179487179487 0.05128205128205128 0.0 0.905982905982906 1086.9852955679887 19.331572052340135 122
0.9338842975206612 0.05785123966942149 0.008264462809917356 0.9310344827586207 0.0603448275862069 0.008620689655172414 0.8103448275862069 1086.1895109039942 20.055901106022286 121
0.883495145631068 0.11650485436893204 0.0 0.8775510204081632 0.12244897959183673 0.0 0.9081632653061225 1072.4183304162002 22.003926105065695 103
0.9107142857142857 0.08928571428571429 0.0 0.9065420560747663 0.09345794392523364 0.0 0.822429906542056 1038.7370669960087 21.945841350085427 112
0.9739130434782609 0.02608695652173913 0.0 0.9727272727272728 0.02727272727272727 0.0 0.9454545454545454 1042.4382795656281 20.653716296403967 115
0.9888888888888889 0.011111111111111112 0.0 0.9882352941176471 0.011764705882352941 0.0 0.7647058823529411 1056.7897463925901 22.49846681729478 90
0.9596774193548387 0.04032258064516129 0.0 0.957983193277311 0.04201680672268908 0.0 0.680672268907563 1080.106594490745 19.867743269054934 124
0.9292929292929293 0.0707070707070707 0.0 0.925531914893617 0.07446808510638298 0.0 0.9148936170212766 1029.690576303794 22.364161283199355 99
0.9366197183098591 0.06338028169014084 0.0 0.9343065693430657 0.06569343065693431 0.0 0.7737226277372263 1065.616432868167 19.69603774603431 142
0.9219858156028369 0.07801418439716312 0.0 0.9191176470588235 0.08088235294117647 0.0 0.7058823529411765 1087.332507146308 18.917308923958164 141
0.82 0.17 0.01 0.8105263157894737 0.17894736842105263 0.010526315789473684 0.7789473684210526 1086.5078270999134 22.40281184876333 100
0.9481481481481482 0.05185185185185185 0.0 0.9461538461538461 0.05384615384615385 0.0 0.6461538461538462 1007.9324828741468 19.241985151623627 135
0.911504424778761 0.08849557522123894 0.0 0.9074074074074074 0.09259259259259259 0.0 1.0 1081.7829574611046 22.28573155972674 113
0.91 0.09 0.0 0.9052631578947369 0.09473684210526316 0.0 0.9263157894736842 1070.1118072053628 22.464045838358714 100
0.9236111111111112 0.0763888888888889 0.0 0.920863309352518 0.07913669064748201 0.0 0.9136690647482014 1085.2136578640925 20.397343272467012 144
0.9523809523809523 0.047619047619047616 0.0 0.9507042253521126 0.04929577464788732 0.0 0.8169014084507042 1078.5890674174796 19.855135125604647 147
0.904 0.096 0.0 0.9 0.1 0.0 0.8 1072.1173189640872 19.48059116827973 125
0.9140625 0.0859375 0.0 0.9105691056910569 0.08943089430894309 0.0 0.6016260162601627 1082.6557369074242 19.136894282950806 128
0.937984496124031 0.06201550387596899 0.0 0.9354838709677419 0.06451612903225806 0.0 0.8629032258064516 1076.0892959215707 20.10021677190899 129
0.9384615384615385 0.06153846153846154 0.0 0.936 0.064 0.0 0.752 1087.427730844336 20.708680924671086 130
0.8840579710144928 0.10869565217391304 0.007246376811594203 0.8796992481203008 0.11278195488721804 0.007518796992481203 0.8721804511278195 1084.3154044354167 20.965412674925506 138
0.9320388349514563 0.06796116504854369 0.0 0.9285714285714286 0.07142857142857142 0.0 0.7142857142857143 1079.4741186210445 20.70335164621457 103
0.8021978021978022 0.06593406593406594 0.13186813186813187 0.8023255813953488 0.06976744186046512 0.12790697674418605 0.8488372093023255 1051.0093373174097 23.716765273567443 91
0.9274193548387096 0.07258064516129033 0.0 0.9243697478991597 0.07563025210084033 0.0 0.7142857142857143 1083.4080686338357 19.952965943374934 124
0.9236111111111112 0.0763888888888889 0.0 0.920863309352518 0.07913669064748201 0.0 0.8633093525179856 1087.316834736108 19.977340922769613 144
0.8767123287671232 0.1232876712328767 0.0 0.8794326241134752 0.12056737588652482 0.0 0.8794326241134752 1076.9213309155095 18.785590450178454 146
0.7938931297709924 0.183206106870229 0.022900763358778626 0.7857142857142857 0.19047619047619047 0.023809523809523808 0.8412698412698413 1087.2729374147532 20.478788999469916 131
0.9532710280373832 0.04672897196261682 0.0 0.9509803921568627 0.049019607843137254 0.0 0.8333333333333334 1085.2052833064608 22.0121910022193 107
0.889763779527559 0.11023622047244094 0.0 0.8852459016393442 0.11475409836065574 0.0 0.7704918032786885 1087.4718767176296 19.47404086900079 127
0.8888888888888888 0.1111111111111111 0.0 0.8851351351351351 0.11486486486486487 0.0 0.8513513513513513 1082.790487990295 19.961693463486938 153
0.8958333333333334 0.10416666666666667 0.0 0.8901098901098901 0.10989010989010989 0.0 1.0 1015.401937980656 21.797886123425105 96
0.9391304347826087 0.06086956521739131 0.0 0.9363636363636364 0.06363636363636363 0.0 0.7909090909090909 1087.0939733220582 19.32086670578358 115
0.9517241379310345 0.04827586206896552 0.0 0.9571428571428572 0.04285714285714286 0.0 0.7285714285714285 1065.817629395883 19.49228275032606 145
0.9325842696629213 0.06741573033707865 0.0 0.9285714285714286 0.07142857142857142 0.0 0.7142857142857143 1074.48211023104 21.509395035558637 89
0.8225806451612904 0.1774193548387097 0.0 0.8151260504201681 0.18487394957983194 0.0 0.0 1014.8873334522891 19.609083517296895 124
0.9266666666666666 0.07333333333333333 0.0 0.9241379310344827 0.07586206896551724 0.0 0.8482758620689655 1080.1833420847709 19.631916159146368 150
0.9607843137254902 0.0392156862745098 0.0 0.9587628865979382 0.041237113402061855 0.0 0.9587628865979382 1022.8430164652402 22.00971069425653 102
0.9384615384615385 0.06153846153846154 0.0 0.936 0.064 0.0 0.648 1082.9128836882678 20.233516024259888 130
0.8861788617886179 0.0975609756097561 0.016260162601626018 0.8813559322033898 0.1016949152542373 0.01694915254237288 1.0 1061.2266846740538 22.72879828061188 123
0.9259259259259259 0.07407407407407407 0.0 0.9307692307692308 0.06923076923076923 0.0 0.7461538461538462 1086.4704472302244 19.837130927822567 135
