0.9695121951219512 0.03048780487804878 0.0 0.9685534591194969 0.031446540880503145 0.0 0.8553459119496856 1054.9176496566927 18.74181336925407 164
0.948905109489051 0.051094890510948905 0.0 0.946969696969697 0.05303030303030303 0.0 0.7575757575757576 1076.946521700194 20.266452494044056 137
0.952755905511811 0.047244094488188976 0.0 0.9508196721311475 0.04918032786885246 0.0 0.6147540983606558 1053.730222203409 20.431980685057425 127
0.9887640449438202 0.011235955056179775 0.0 0.9880952380952381 0.011904761904761904 0.0 0.8809523809523809 1075.6012818672386 24.86745867167178 89
0.9776119402985075 0.022388059701492536 0.0 0.9767441860465116 0.023255813953488372 0.0 0.8372093023255814 1069.9770469128175 20.740821251139142 134
0.9230769230769231 0.07692307692307693 0.0 0.9196428571428571 0.08035714285714286 0.0 0.7053571428571429 1083.3704427211937 19.740610455162187 117
0.6742424242424242 0.32575757575757575 0.0 0.6614173228346457 0.33858267716535434 0.0 0.8582677165354331 1007.9125691205368 16.912708102856957 132
0.9824561403508771 0.017543859649122806 0.0 0.981651376146789 0.01834862385321101 0.0 0.7981651376146789 1040.364084636936 20.359330860066386 114
0.9817073170731707 0.018292682926829267 0.0 0.9811320754716981 0.018867924528301886 0.0 0.006289308176100629 1026.7383582575312 18.863297428774956 164
0.9833333333333333 0.016666666666666666 0.0 0.9828571428571429 0.017142857142857144 0.0 0.6914285714285714 1080.17665485716 18.428938983804137 180
0.9411764705882353 0.058823529411764705 0.0 0.9484536082474226 0.05154639175257732 0.0 0.845360824742268 1046.0841339113917 21.317283511109878 102
0.9444444444444444 0.05555555555555555 0.0 0.9424460431654677 0.05755395683453238 0.0 0.7985611510791367 1087.4409015336876 17.77702436513246 144
0.7653061224489796 0.22448979591836735 0.01020408163265306 0.7526881720430108 0.23655913978494625 0.010752688172043012 0.5913978494623656 1087.3662955035848 20.03076620835289 98
0.9777777777777777 0.022222222222222223 0.0 0.9769230769230769 0.023076923076923078 0.0 0.8153846153846154 1048.1240835272656 17.717284764980338 135
0.9705882352941176 0.029411764705882353 0.0 0.9690721649484536 0.030927835051546393 0.0 0.7835051546391752 1064.0006482480228 22.677397161613992 102
0.9694656488549618 0.030534351145038167 0.0 0.9682539682539683 0.031746031746031744 0.0 0.753968253968254 1087.1512106908071 18.011645638965387 131
0.9629629629629629 0.037037037037037035 0.0 0.9615384615384616 0.038461538461538464 0.0 0.8153846153846154 1086.2179586532766 19.941043208671218 135
0.9313725490196079 0.06862745098039216 0.0 0.9278350515463918 0.07216494845360824 0.0 0.8144329896907216 1086.1762095240392 21.790018760838223 102
1.0 0.0 0.0 1.0 0.0 0.0 0.953125 1064.178235481874 18.10248258897808 133
0.9375 0.0625 0.0 0.9419354838709677 0.05806451612903226 0.0 0.6645161290322581 1087.360255117752 18.744646580011324 160
0.9430379746835443 0.056962025316455694 0.0 0.9411764705882353 0.058823529411764705 0.0 0.7973856209150327 1086.3136766865503 17.762166301882633 158
0.9047619047619048 0.08163265306122448 0.013605442176870748 0.9014084507042254 0.08450704225352113 0.014084507042253521 0.9577464788732394 1081.261188267491 18.15977001047146 147
0.9541984732824428 0.04580152671755725 0.0 0.9523809523809523 0.047619047619047616 0.0 0.753968253968254 1076.6790098055299 19.492599808015065 131
0.9873417721518988 0.012658227848101266 0.0 0.9869281045751634 0.013071895424836602 0.0 0.9934640522875817 1004.4998950015924 18.24876295433121 158
0.9180327868852459 0.08196721311475409 0.0 0.9145299145299145 0.08547008547008547 0.0 0.9743589743589743 1073.997068453972 19.01807390993393 122
0.9590163934426229 0.040983606557377046 0.0 0.9658119658119658 0.03418803418803419 0.0 0.7350427350427351 1087.4529841188446 18.75822555039054 122
0.9296875 0.0703125 0.0 0.9349593495934959 0.06504065040650407 0.0 0.7317073170731707 1087.3806712355881 19.032963478587973 128
0.9587628865979382 0.041237113402061855 0.0 0.9565217391304348 0.043478260869565216 0.0 0.8152173913043478 1087.4524865359344 20.158725164368466 97
0.9902912621359223 0.009708737864077669 0.0 0.9897959183673469 0.01020408163265306 0.0 0.8061224489795918 1077.2627952291557 21.223052597004937 103
0.9398496240601504 0.06015037593984962 0.0 0.9375 0.0625 0.0 0.7109375 1087.2585921781115 18.890586855531655 133
1.0 0.0 0.0 1.0 0.0 0.0 0.9411764705882353 1045.4826929053456 21.407878873667393 107
0.9727272727272728 0.02727272727272727 0.0 0.9714285714285714 0.02857142857142857 0.0 0.8857142857142857 1057.5215933148181 20.849956256832254 110
0.9923664122137404 0.007633587786259542 0.0 0.9920634920634921 0.007936507936507936 0.0 0.8412698412698413 1077.5360882480647 19.481073397975216 131
0.8913043478260869 0.10144927536231885 0.007246376811594203 0.8872180451127819 0.10526315789473684 0.007518796992481203 0.9022556390977443 1031.149877857772 17.65907183881171 138
1.0 0.0 0.0 1.0 0.0 0.0 0.7573529411764706 1035.1103148564077 19.17007989755388 141
0.9927536231884058 0.007246376811594203 0.0 0.9924812030075187 0.007518796992481203 0.0 0.6842105263157895 1083.272264853501 19.42887384831382 138
0.9637681159420289 0.036231884057971016 0.0 0.9624060150375939 0.03759398496240601 0.0 0.6240601503759399 1087.3407174585766 19.255898629176862 138
0.9262295081967213 0.07377049180327869 0.0 0.9230769230769231 0.07692307692307693 0.0 0.8547008547008547 1085.555072245952 19.547087252448293 122
0.9156626506024096 0.08433734939759036 0.0 0.9130434782608695 0.08695652173913043 0.0 0.5900621118012422 1083.1778421965053 18.763226584548935 166
1.0 0.0 0.0 1.0 0.0 0.0 0.9696969696969697 1047.4911527208724 20.89587380507156 104
0.9692307692307692 0.03076923076923077 0.0 0.968 0.032 0.0 0.84 1076.4265567781933 18.694715844417768 130
0.9776119402985075 0.022388059701492536 0.0 0.9767441860465116 0.023255813953488372 0.0 0.9224806201550387 1072.457021999701 19.59067331699567 134
0.9344262295081968 0.06557377049180328 0.0 0.9316239316239316 0.06837606837606838 0.0 0.9829059829059829 1083.96783355442 20.40537337991082 122
0.9054726368159204 0.0945273631840796 0.0 0.9030612244897959 0.09693877551020408 0.0 0.0 1087.432617778448 17.396604294793487 201
0.9532710280373832 0.04672897196261682 0.0 0.9509803921568627 0.049019607843137254 0.0 0.7352941176470589 1085.811381668839 21.171905673713557 107
0.9937106918238994 0.006289308176100629 0.0 0.9935064935064936 0.006493506493506494 0.0 0.3246753246753247 1056.549668152297 18.52316376112003 159
0.991869918699187 0.008130081300813009 0.0 0.9915254237288136 0.00847457627118644 0.0 0.6779661016949152 1085.106243885254 20.91540221910396 123
0.9814814814814815 0.018518518518518517 0.0 0.9902912621359223 0.009708737864077669 0.0 0.883495145631068 1050.3059685662922 20.364172113835135 108
0.9492753623188406 0.050724637681159424 0.0 0.9473684210526315 0.05263157894736842 0.0 0.6691729323308271 1087.3198507042057 19.182727214106837 138
0.9827586206896551 0.017241379310344827 0.0 0.9822485207100592 0.01775147928994083 0.0 0.09467455621301775 1076.2770867101863 18.603558368209498 174
0.9661016949152542 0.03389830508474576 0.0 0.9646017699115044 0.035398230088495575 0.0 0.7610619469026548 1079.3112236203592 20.398754002432366 118
0.9719626168224299 0.028037383177570093 0.0 0.9705882352941176 0.029411764705882353 0.0 0.9411764705882353 1084.713396252079 21.74491828886955 107
0.9921875 0.0078125 0.0 0.991869918699187 0.008130081300813009 0.0 0.8617886178861789 1085.4818204341348 19.12357094205592 128
1.0 0.0 0.0 1.0 0.0 0.0 0.8842105263157894 1076.5927041573705 21.29398354788933 100
0.9874213836477987 0.012578616352201259 0.0 0.987012987012987 0.012987012987012988 0.0 0.551948051948052 1084.916309018711 18.89739488568719 159
1.0 0.0 0.0 1.0 0.0 0.0 0.8984375 1070.015783683779 18.926716101958707 133
0.9557522123893806 0.04424778761061947 0.0 0.9537037037037037 0.046296296296296294 0.0 0.9351851851851852 1065.8377372665532 19.941672488223496 113
1.0 0.0 0.0 1.0 0.0 0.0 0.0072992700729927005 1017.6885617430091 18.642483938178714 142
0.954954954954955 0.04504504504504504 0.0 0.9622641509433962 0.03773584905660377 0.0 0.7735849056603774 1084.0116888550062 20.83982622957243 111
0.9142857142857143 0.08571428571428572 0.0 0.92 0.08 0.0 0.47 1087.3930102979878 18.216360956498544 105
1.0 0.0 0.0 1.0 0.0 0.0 0.8522727272727273 1086.334884492756 21.12626434260098 93
0.967479674796748 0.032520325203252036 0.0 0.9661016949152542 0.03389830508474576 0.0 0.7966101694915254 1086.8872544190879 20.2788401696044 123
0.9230769230769231 0.07692307692307693 0.0 0.92 0.08 0.0 0.0 1078.7462943774774 18.512771952779328 130
0.9514563106796117 0.04854368932038835 0.0 0.9489795918367347 0.05102040816326531 0.0 0.8877551020408163 1070.7521775591426 20.652526615042667 103
0.9339622641509434 0.0660377358490566 0.0 0.9306930693069307 0.06930693069306931 0.0 0.6732673267326733 999.4143494154438 19.99058620728643 106
0.95 0.03333333333333333 0.016666666666666666 0.9478260869565217 0.034782608695652174 0.017391304347826087 1.0 1031.3077393293113 19.72739208988036 120
1.0 0.0 0.0 1.0 0.0 0.0 0.9680851063829787 1063.2126538386942 20.664216744564744 99
1.0 0.0 0.0 1.0 0.0 0.0 1.0 993.4057843136088 20.77598743494742 107
0.9482758620689655 0.05172413793103448 0.0 0.9467455621301775 0.05325443786982249 0.0 0.7751479289940828 1087.377890893837 18.109420759335073 174
1.0 0.0 0.0 1.0 0.0 0.0 0.8962264150943396 957.7229660403583 19.751647355878927 111
0.9915966386554622 0.008403361344537815 0.0 0.9912280701754386 0.008771929824561403 0.0 0.9649122807017544 1035.4668371956295 19.700934533143656 119
0.9851851851851852 0.014814814814814815 0.0 0.9846153846153847 0.015384615384615385 0.0 0.9846153846153847 1068.570345248641 19.22682698517767 135
0.9886363636363636 0.011363636363636364 0.0 0.9879518072289156 0.012048192771084338 0.0 0.9156626506024096 1078.8812949643823 21.893142806219387 88
0.9622641509433962 0.03773584905660377 0.0 0.9603960396039604 0.039603960396039604 0.0 0.7524752475247525 1074.0240274840617 21.572410985861307 106
0.9931972789115646 0.006802721088435374 0.0 0.9929577464788732 0.007042253521126761 0.0 0.852112676056338 1050.566652573351 19.62841553844827 147
0.9130434782608695 0.08695652173913043 0.0 0.9097744360902256 0.09022556390977443 0.0 0.6616541353383458 1087.4185511020737 18.96340294879827 138
0.8497109826589595 0.15028901734104047 0.0 0.8452380952380952 0.15476190476190477 0.0 0.0 1079.7695231277712 17.25340592103863 173
1.0 0.0 0.0 1.0 0.0 0.0 0.7032967032967034 1059.6710356845706 21.864032268804277 96
0.9512195121951219 0.04878048780487805 0.0 0.9576271186440678 0.0423728813559322 0.0 0.7372881355932204 1084.4750504418316 18.620786105442452 123
0.9741379310344828 0.02586206896551724 0.0 0.9819819819819819 0.018018018018018018 0.0 0.8108108108108109 1071.873256801105 19.964254544840234 116
0.9759036144578314 0.024096385542168676 0.0 0.9751552795031055 0.024844720496894408 0.0 0.7701863354037267 1085.2245332088091 18.90419770397396 166
0.7761194029850746 0.20149253731343283 0.022388059701492536 0.7829457364341085 0.20155038759689922 0.015503875968992248 0.8294573643410853 1063.8290033230642 17.552453499884695 134
0.953125 0.046875 0.0 0.959349593495935 0.04065040650406504 0.0 0.8048780487804879 1086.3526595168375 19.242040810167065 128
0.9122807017543859 0.08771929824561403 0.0 0.908256880733945 0.09174311926605505 0.0 0.7155963302752294 1087.3900993760535 18.933747389565184 114
0.9821428571428571 0.017857142857142856 0.0 0.9813084112149533 0.018691588785046728 0.0 0.6915887850467289 1084.076240771089 20.656068139808177 112
0.972027972027972 0.027972027972027972 0.0 0.9710144927536232 0.028985507246376812 0.0 1.0 1082.591568487492 19.39628850574713 143
0.9754098360655737 0.02459016393442623 0.0 0.9743589743589743 0.02564102564102564 0.0 0.7692307692307693 1087.267692932676 20.0689767617374 122
0.9929078014184397 0.0070921985815602835 0.0 0.9926470588235294 0.007352941176470588 0.0 0.875 1077.1720185338274 19.586320773169167 141
0.95 0.05 0.0 0.9481481481481482 0.05185185185185185 0.0 0.8148148148148148 1086.7680039448746 20.527306551136807 140
0.9552238805970149 0.04477611940298507 0.0 0.9612403100775194 0.03875968992248062 0.0 0.813953488372093 1052.7518531482044 18.851256963518104 134
0.9777777777777777 0.022222222222222223 0.0 0.9769230769230769 0.023076923076923078 0.0 0.5692307692307692 1077.3090012278544 19.092329144713315 135
0.8983050847457628 0.1016949152542373 0.0 0.9026548672566371 0.09734513274336283 0.0 0.672566371681416 1087.4693347198852 19.792317338654474 118
0.9770992366412213 0.022900763358778626 0.0 0.9761904761904762 0.023809523809523808 0.0 0.6825396825396826 1085.1307662496988 19.621167700525994 131
0.9626865671641791 0.029850746268656716 0.007462686567164179 0.9612403100775194 0.031007751937984496 0.007751937984496124 0.9147286821705426 1080.5153395342763 18.305070615153767 134
1.0 0.0 0.0 1.0 0.0 0.0 0.8837209302325582 1086.1184540595711 18.269994598789996 134
0.9142857142857143 0.08571428571428572 0.0 0.91 0.09 0.0 0.7 1083.4845394609501 20.679829371643738 105
1.0 0.0 0.0 1.0 0.0 0.0 0.788135593220339 1013.8240665311432 19.80536340190042 123
0.9770114942528736 0.022988505747126436 0.0 0.9763313609467456 0.023668639053254437 0.0 0.8994082840236687 1080.004392510802 18.747304933162404 174
1.0 0.0 0.0 1.0 0.0 0.0 1.0 1033.9449012291557 20.861323336144387 112
0.9864864864864865 0.013513513513513514 0.0 0.9855072463768116 0.014492753623188406 0.0 1.0 916.1408381087759 21.585487186424256 74
0.9322033898305084 0.06779661016949153 0.0 0.9292035398230089 0.07079646017699115 0.0 0.6371681415929203 1087.3254658904743 20.411749440993013 118
0.9865771812080537 0.013422818791946308 0.0 0.9861111111111112 0.013888888888888888 0.0 0.0 1058.4037044389822 18.825381151233394 149
0.9473684210526315 0.05263157894736842 0.0 0.9455782312925171 0.05442176870748299 0.0 0.6190476190476191 1039.8940518268632 18.612024365255945 152
0.9459459459459459 0.05405405405405406 0.0 0.9444444444444444 0.05555555555555555 0.0 0.7166666666666667 1087.4128112037317 18.809090021338452 185
0.967948717948718 0.03205128205128205 0.0 0.9668874172185431 0.033112582781456956 0.0 0.7880794701986755 1086.4783033280364 19.360614145441755 156
0.990909090909091 0.00909090909090909 0.0 0.9904761904761905 0.009523809523809525 0.0 0.9428571428571428 1060.1261292694433 20.890271724563394 110
0.9824561403508771 0.017543859649122806 0.0 0.9908256880733946 0.009174311926605505 0.0 0.9724770642201835 1043.0383183252436 21.051098700974272 114
0.8951612903225806 0.10483870967741936 0.0 0.8907563025210085 0.1092436974789916 0.0 0.7815126050420168 1056.0293415452297 19.22531510782603 124
0.9632352941176471 0.03676470588235294 0.0 0.9618320610687023 0.03816793893129771 0.0 0.7633587786259542 1080.4677492882502 19.64448000347729 136
0.9928057553956835 0.007194244604316547 0.0 0.9925373134328358 0.007462686567164179 0.0 0.8059701492537313 1059.9164520897739 19.080911977750183 139
0.9363057324840764 0.06369426751592357 0.0 0.9342105263157895 0.06578947368421052 0.0 0.7368421052631579 1087.354474713622 19.56511250595079 157
0.9609375 0.0390625 0.0 0.959349593495935 0.04065040650406504 0.0 0.8211382113821138 1079.461321532175 19.615740899670122 128
1.0 0.0 0.0 1.0 0.0 0.0 0.9099099099099099 1006.9502690565922 19.478863710274446 116
0.9473684210526315 0.05263157894736842 0.0 0.944954128440367 0.05504587155963303 0.0 0.6788990825688074 1087.3641004610033 19.226186786399147 114
0.9339622641509434 0.0660377358490566 0.0 0.9306930693069307 0.06930693069306931 0.0 0.5841584158415841 1080.6069451267178 20.96197173559628 106
0.9368421052631579 0.06315789473684211 0.0 0.9444444444444444 0.05555555555555555 0.0 0.6777777777777778 1085.143370335121 19.665278004493263 95
0.9696969696969697 0.030303030303030304 0.0 0.968503937007874 0.031496062992125984 0.0 0.7401574803149606 1087.1597329836886 19.041917948038805 132
0.984251968503937 0.015748031496062992 0.0 0.9836065573770492 0.01639344262295082 0.0 0.9180327868852459 1065.4872069696546 20.308993791362784 127
0.991869918699187 0.008130081300813009 0.0 0.9915254237288136 0.00847457627118644 0.0 0.7203389830508474 1086.0443484147152 20.624774829393616 123
0.8783783783783784 0.12162162162162163 0.0 0.8811188811188811 0.11888111888111888 0.0 0.7692307692307693 1087.127925022635 17.462509907812482 148
0.8875 0.1125 0.0 0.8903225806451613 0.10967741935483871 0.0 0.6580645161290323 1084.4603985620315 18.717391580193784 160
1.0 0.0 0.0 1.0 0.0 0.0 0.9912280701754386 1052.2101597452306 19.684272009688083 119
0.9793103448275862 0.020689655172413793 0.0 0.9785714285714285 0.02142857142857143 0.0 0.8142857142857143 1086.3556687580806 18.641342765925305 145
0.9805194805194806 0.01948051948051948 0.0 0.9798657718120806 0.020134228187919462 0.0 0.9664429530201343 1032.1124880856225 19.21357785646156 154
0.9276315789473685 0.07236842105263158 0.0 0.9251700680272109 0.07482993197278912 0.0 0.6938775510204082 1011.3719711002776 18.811640255847436 152
0.8942307692307693 0.10576923076923077 0.0 0.8888888888888888 0.1111111111111111 0.0 0.6060606060606061 1087.1822431812263 19.392015429855736 104
0.9817073170731707 0.018292682926829267 0.0 0.9811320754716981 0.018867924528301886 0.0 0.5723270440251572 1070.4550242820242 18.625809490521867 164
0.9465648854961832 0.04580152671755725 0.007633587786259542 0.9444444444444444 0.047619047619047616 0.007936507936507936 0.7301587301587301 1062.3802338186647 19.046578915485906 131
0.9021739130434783 0.09782608695652174 0.0 0.896551724137931 0.10344827586206896 0.0 0.7586206896551724 1087.472943664632 22.18804819831467 92
0.9689922480620154 0.031007751937984496 0.0 0.967741935483871 0.03225806451612903 0.0 0.782258064516129 1087.3761703490657 19.709268217278794 129
0.7433628318584071 0.25663716814159293 0.0 0.7314814814814815 0.26851851851851855 0.0 0.37962962962962965 1076.7641744302261 18.67109697623559 113
0.8904109589041096 0.1095890410958904 0.0 0.8865248226950354 0.11347517730496454 0.0 0.7943262411347518 1048.3487568212229 18.52008645084565 146
0.9923664122137404 0.007633587786259542 0.0 0.9920634920634921 0.007936507936507936 0.0 0.7142857142857143 1075.7999061840806 20.145358833119833 131
0.9779411764705882 0.022058823529411766 0.0 0.9770992366412213 0.022900763358778626 0.0 0.9465648854961832 1039.7046586935464 19.60733796265812 136
0.93125 0.06875 0.0 0.9290322580645162 0.07096774193548387 0.0 0.7290322580645161 1087.4089076469265 17.875144215676137 160
0.9782608695652174 0.021739130434782608 0.0 0.9774436090225563 0.022556390977443608 0.0 0.9774436090225563 1086.2345187893336 18.86444434003557 138
1.0 0.0 0.0 1.0 0.0 0.0 0.7289719626168224 1083.919450062458 20.229017053127087 112
0.9928057553956835 0.007194244604316547 0.0 0.9925373134328358 0.007462686567164179 0.0 0.6940298507462687 1083.2832476592216 19.471163716594308 139
0.9421487603305785 0.05785123966942149 0.0 0.9396551724137931 0.0603448275862069 0.0 0.8448275862068966 1066.853242953805 18.893545885015474 121
0.968 0.032 0.0 0.9666666666666667 0.03333333333333333 0.0 0.6666666666666666 1086.6646431206373 19.70428342276675 125
0.9903846153846154 0.009615384615384616 0.0 0.98989898989899 0.010101010101010102 0.0 0.8383838383838383 990.8328985859074 20.34720949988463 104
0.9770992366412213 0.022900763358778626 0.0 0.9761904761904762 0.023809523809523808 0.0 0.9523809523809523 1051.725850836481 18.818813212325594 131
0.95 0.05 0.0 0.9473684210526315 0.05263157894736842 0.0 0.7263157894736842 1086.3823443921958 18.73699079001425 100
0.9699248120300752 0.03007518796992481 0.0 0.96875 0.03125 0.0 0.65625 1087.176551814729 19.59761622928704 133
0.9426229508196722 0.05737704918032787 0.0 0.9487179487179487 0.05128205128205128 0.0 0.5897435897435898 1085.479189173887 19.123858687417446 122
0.9624060150375939 0.03759398496240601 0.0 0.9609375 0.0390625 0.0 0.7265625 1086.4913558587498 18.545591676008943 133
0.8972602739726028 0.08904109589041095 0.0136986301369863 0.900709219858156 0.0851063829787234 0.014184397163120567 0.8581560283687943 1053.6961380316122 18.818331236710073 146
0.9793103448275862 0.020689655172413793 0.0 0.9785714285714285 0.02142857142857143 0.0 0.7571428571428571 1058.7949721014645 19.322272455971035 145
0.975 0.025 0.0 0.9741935483870968 0.025806451612903226 0.0 0.0 1080.5432346048078 18.340774600410626 160
0.9432624113475178 0.05673758865248227 0.0 0.9411764705882353 0.058823529411764705 0.0 0.8382352941176471 1027.8629639595636 18.903678411187613 141
0.8881118881118881 0.11188811188811189 0.0 0.8840579710144928 0.11594202898550725 0.0 0.043478260869565216 1071.9456973768436 17.80116666416998 143
0.9007633587786259 0.09923664122137404 0.0 0.8968253968253969 0.10317460317460317 0.0 0.9841269841269841 1086.3922013018698 20.017120189371585 131
0.9324324324324325 0.06756756756756757 0.0 0.9300699300699301 0.06993006993006994 0.0 0.48951048951048953 1086.992152967196 18.325191047940127 148
0.9385964912280702 0.06140350877192982 0.0 0.9357798165137615 0.06422018348623854 0.0 0.8348623853211009 1044.0830870645839 20.059212093506478 114
0.9666666666666667 0.03333333333333333 0.0 0.9652173913043478 0.034782608695652174 0.0 0.8956521739130435 1074.8703685174232 19.521027116089783 120
0.991869918699187 0.008130081300813009 0.0 0.9915254237288136 0.00847457627118644 0.0 0.8050847457627118 1084.6532724131366 20.08998050093234 123
0.9705882352941176 0.029411764705882353 0.0 0.9696969696969697 0.030303030303030304 0.0 0.0 1034.285252458939 18.237655107032985 170
0.9747899159663865 0.025210084033613446 0.0 0.9824561403508771 0.017543859649122806 0.0 0.956140350877193 1083.775644363149 19.943828141816997 119
0.7475728155339806 0.1941747572815534 0.05825242718446602 0.7346938775510204 0.20408163265306123 0.061224489795918366 0.5408163265306123 1087.4886288313198 18.349911799454638 103
0.9925925925925926 0.007407407407407408 0.0 0.9923076923076923 0.007692307692307693 0.0 0.8384615384615385 1086.5408720667042 18.051593250599662 135
1.0 0.0 0.0 1.0 0.0 0.0 0.7857142857142857 1002.0741951827214 18.544466391517275 131
0.963302752293578 0.03669724770642202 0.0 0.9615384615384616 0.038461538461538464 0.0 0.7596153846153846 1068.7792550132137 21.242568882879905 109
0.9908256880733946 0.009174311926605505 0.0 0.9903846153846154 0.009615384615384616 0.0 0.9711538461538461 1069.6495126919813 22.583463419805476 109
0.9693877551020408 0.030612244897959183 0.0 0.967741935483871 0.03225806451612903 0.0 0.7096774193548387 1087.4799187812996 18.782862171596218 98
0.956140350877193 0.043859649122807015 0.0 0.9541284403669725 0.045871559633027525 0.0 0.9541284403669725 1083.7441415914836 20.2854586813642 114
0.8873239436619719 0.08450704225352113 0.028169014084507043 0.8905109489051095 0.08029197080291971 0.029197080291970802 0.8613138686131386 1078.5054520922924 18.56346093781665 142
0.9905660377358491 0.009433962264150943 0.0 0.9900990099009901 0.009900990099009901 0.0 0.9207920792079208 1049.0416405757637 20.004260184547576 106
0.941747572815534 0.05825242718446602 0.0 0.9387755102040817 0.061224489795918366 0.0 0.8469387755102041 1068.6708062694074 21.75241079973069 103
0.9928571428571429 0.007142857142857143 0.0 0.9925925925925926 0.007407407407407408 0.0 0.8222222222222222 1074.219641333366 19.340035968405484 140
0.9868421052631579 0.013157894736842105 0.0 1.0 0.0 0.0 0.8309859154929577 1049.9501371361246 22.98601606309025 76
0.9537037037037037 0.046296296296296294 0.0 0.9514563106796117 0.04854368932038835 0.0 0.7087378640776699 1085.8010692747032 22.331609855621625 108
0.8620689655172413 0.13793103448275862 0.0 0.8571428571428571 0.14285714285714285 0.0 0.7428571428571429 1056.589338354308 19.74422197410381 145
0.9698795180722891 0.030120481927710843 0.0 0.968944099378882 0.031055900621118012 0.0 0.7453416149068323 1087.4661423835844 16.411141595495543 166
1.0 0.0 0.0 1.0 0.0 0.0 0.6714285714285714 1087.2440202046312 19.226007714490567 145
0.9757575757575757 0.024242424242424242 0.0 0.975 0.025 0.0 0.76875 1084.7128279628528 18.09629375587128 165
0.9319727891156463 0.06802721088435375 0.0 0.9295774647887324 0.07042253521126761 0.0 0.6549295774647887 1080.9441088812205 18.453765539720003 147
0.9596774193548387 0.04032258064516129 0.0 0.957983193277311 0.04201680672268908 0.0 0.8319327731092437 1086.969655141743 19.302232115069828 124
0.9910714285714286 0.008928571428571428 0.0 0.9906542056074766 0.009345794392523364 0.0 0.6542056074766355 1078.0443577461235 21.275446311417376 112
0.9868421052631579 0.013157894736842105 0.0 0.9863945578231292 0.013605442176870748 0.0 0.7687074829931972 1084.9774152080204 18.580829972266823 152
0.9583333333333334 0.041666666666666664 0.0 0.9570552147239264 0.04294478527607362 0.0 0.656441717791411 1085.932333053635 17.570590081180455 168
0.9711538461538461 0.028846153846153848 0.0 0.9696969696969697 0.030303030303030304 0.0 0.6666666666666666 1087.260143822793 19.278422399256282 104
0.6168831168831169 0.38311688311688313 0.0 0.6040268456375839 0.3959731543624161 0.0 0.0 1055.091548121366 17.11094314554529 154
1.0 0.0 0.0 1.0 0.0 0.0 0.9888888888888889 1033.6786390493853 22.92265073618613 95
0.9824561403508771 0.017543859649122806 0.0 0.9819277108433735 0.018072289156626505 0.0 0.7530120481927711 1087.3480385556068 17.463694317974106 171
0.98 0.02 0.0 0.9789473684210527 0.021052631578947368 0.0 0.8421052631578947 1018.489882080294 21.426882687612512 100
0.9178082191780822 0.0821917808219178 0.0 0.9148936170212766 0.0851063829787234 0.0 0.8936170212765957 1073.5969880560642 20.737113740185904 146
1.0 0.0 0.0 1.0 0.0 0.0 0.6419753086419753 1082.4039655680583 20.89503470106995 86
0.9858156028368794 0.014184397163120567 0.0 0.9852941176470589 0.014705882352941176 0.0 0.7720588235294118 1087.368637291464 18.318953204997936 141
1.0 0.0 0.0 1.0 0.0 0.0 0.8992248062015504 900.95765739762 18.85246779800969 134
0.9863013698630136 0.0136986301369863 0.0 0.9858156028368794 0.014184397163120567 0.0 0.75177304964539 1053.9783692193685 18.810363033383823 146
0.9646017699115044 0.035398230088495575 0.0 0.9629629629629629 0.037037037037037035 0.0 0.7870370370370371 1071.7288042361686 20.58767116212408 113
0.9645390070921985 0.03546099290780142 0.0 0.9632352941176471 0.03676470588235294 0.0 0.7205882352941176 1087.2737022469037 20.131858410693688 141
1.0 0.0 0.0 1.0 0.0 0.0 0.712 1010.3008827607839 18.816030470344582 130
0.9076923076923077 0.09230769230769231 0.0 0.904 0.096 0.0 0.68 1087.2721330111046 20.337267704222246 130
1.0 0.0 0.0 1.0 0.0 0.0 0.9699248120300752 1046.454053601807 18.908094783479257 138
0.9761904761904762 0.023809523809523808 0.0 0.9752066115702479 0.024793388429752067 0.0 0.8099173553719008 1029.0111309850113 18.589583934597517 126
0.9363636363636364 0.06363636363636363 0.0 0.9333333333333333 0.06666666666666667 0.0 0.9333333333333333 1086.3003423240107 20.968447294490133 110
0.936046511627907 0.06395348837209303 0.0 0.9341317365269461 0.0658682634730539 0.0 0.0 1086.9976046409477 17.204823999481718 172
1.0 0.0 0.0 1.0 0.0 0.0 0.782608695652174 1086.4429153808078 19.23582573740771 120
0.9657534246575342 0.03424657534246575 0.0 0.9645390070921985 0.03546099290780142 0.0 0.7801418439716312 1087.4456988499278 19.00490894838434 146
0.9609375 0.0390625 0.0 0.959349593495935 0.04065040650406504 0.0 0.8048780487804879 1074.2383165457004 20.019235061056914 128
0.9448818897637795 0.05511811023622047 0.0 0.9508196721311475 0.04918032786885246 0.0 0.7704918032786885 1081.4267399816533 19.567442230793937 127
0.9369369369369369 0.06306306306306306 0.0 0.9339622641509434 0.0660377358490566 0.0 0.7452830188679245 1050.104467809168 20.97546429611199 111
0.9090909090909091 0.09090909090909091 0.0 0.9065934065934066 0.09340659340659341 0.0 0.7802197802197802 1087.4321134008323 17.364119038287505 187
0.9824561403508771 0.017543859649122806 0.0 0.981651376146789 0.01834862385321101 0.0 0.8256880733944955 1068.8202142107834 20.01266393576583 114
0.9813084112149533 0.018691588785046728 0.0 0.9803921568627451 0.0196078431372549 0.0 1.0 1078.1357186609987 19.285450040417484 107
0.9662921348314607 0.033707865168539325 0.0 0.9642857142857143 0.03571428571428571 0.0 0.75 1051.3910292292128 19.66831307398328 89
0.9669421487603306 0.03305785123966942 0.0 0.9655172413793104 0.034482758620689655 0.0 0.7758620689655172 1086.1177061992478 18.49051893300629 121
0.9769230769230769 0.023076923076923078 0.0 0.976 0.024 0.0 0.76 1085.3045903812613 18.965104782081553 130
0.9054054054054054 0.0945945945945946 0.0 0.9020979020979021 0.0979020979020979 0.0 0.8041958041958042 1074.9196444766096 19.163260338445685 148
0.9242424242424242 0.07575757575757576 0.0 0.9291338582677166 0.07086614173228346 0.0 0.8976377952755905 1085.4352343275114 20.868608334533278 132
1.0 0.0 0.0 1.0 0.0 0.0 0.9886363636363636 1007.8270734510052 21.60053739639259 93
0.940677966101695 0.059322033898305086 0.0 0.9380530973451328 0.061946902654867256 0.0 0.7699115044247787 1022.9228822423732 21.12793965269583 118
0.9904761904761905 0.009523809523809525 0.0 0.99 0.01 0.0 1.0 1086.3199743650407 21.351215563384148 105
0.946969696969697 0.05303030303030303 0.0 0.9448818897637795 0.05511811023622047 0.0 0.7874015748031497 1062.650178385604 19.231391573743107 132
0.9270833333333334 0.07291666666666667 0.0 0.9230769230769231 0.07692307692307693 0.0 0.7252747252747253 1087.4813594538316 20.839301227997648 96
0.9790209790209791 0.02097902097902098 0.0 0.9782608695652174 0.021739130434782608 0.0 0.6666666666666666 1072.4863466537238 18.500636096891153 143
0.9856115107913669 0.014388489208633094 0.0 0.9850746268656716 0.014925373134328358 0.0 0.8805970149253731 1084.8064212280021 20.055321277982777 139
0.9819277108433735 0.018072289156626505 0.0 0.9813664596273292 0.018633540372670808 0.0 0.6024844720496895 1086.3338627551816 19.277843023688447 166
0.9811320754716981 0.018867924528301886 0.0 0.9801980198019802 0.019801980198019802 0.0 0.6138613861386139 1087.3644622828858 18.766278335716425 106
0.9824561403508771 0.017543859649122806 0.0 0.981651376146789 0.01834862385321101 0.0 0.9357798165137615 1064.2166076077629 20.419455068672107 114
0.957983193277311 0.04201680672268908 0.0 0.956140350877193 0.043859649122807015 0.0 0.9385964912280702 1087.0352717196783 21.913760056894972 119
0.9763779527559056 0.023622047244094488 0.0 0.9754098360655737 0.02459016393442623 0.0 0.860655737704918 1053.663973199086 21.19700061561866 127
0.987012987012987 0.012987012987012988 0.0 0.9865771812080537 0.013422818791946308 0.0 0.6912751677852349 1081.4808361184982 18.981423165151323 154
0.9512195121951219 0.04878048780487805 0.0 0.9491525423728814 0.05084745762711865 0.0 0.8813559322033898 1063.5169182889429 20.300229272838195 123
1.0 0.0 0.0 1.0 0.0 0.0 0.8936170212765957 1046.3324802819245 19.93975755438721 99
0.9864864864864865 0.013513513513513514 0.0 0.986013986013986 0.013986013986013986 0.0 0.8461538461538461 1086.9826075346443 18.50924394006539 148
0.974025974025974 0.025974025974025976 0.0 0.9731543624161074 0.026845637583892617 0.0 0.7651006711409396 1086.8015443449228 17.927670711214898 154
0.9635036496350365 0.0364963503649635 0.0 0.9621212121212122 0.03787878787878788 0.0 0.8333333333333334 1080.6448482123985 18.909003061649912 137
0.9681528662420382 0.03184713375796178 0.0 0.9671052631578947 0.03289473684210526 0.0 0.2236842105263158 1073.3473269855817 17.268902885001957 157
0.9202453987730062 0.07975460122699386 0.0 0.9240506329113924 0.0759493670886076 0.0 0.7088607594936709 1087.4195327956238 18.25949319313348 163
0.9701492537313433 0.029850746268656716 0.0 0.9689922480620154 0.031007751937984496 0.0 0.9069767441860465 1082.9552272638232 19.618304225153793 134
0.987012987012987 0.012987012987012988 0.0 0.9865771812080537 0.013422818791946308 0.0 0.7315436241610739 1075.2793828937993 18.522000124826043 154
0.993006993006993 0.006993006993006993 0.0 0.9927536231884058 0.007246376811594203 0.0 0.8260869565217391 1072.152078310952 18.61206780795097 143
0.9298245614035088 0.07017543859649122 0.0 0.926605504587156 0.07339449541284404 0.0 0.7339449541284404 1087.346173583148 21.032610775159128 114
0.9747899159663865 0.025210084033613446 0.0 0.9736842105263158 0.02631578947368421 0.0 0.7631578947368421 1065.2571673729294 19.62047338783404 119
0.9792746113989638 0.02072538860103627 0.0 0.9787234042553191 0.02127659574468085 0.0 0.8404255319148937 1087.336301286673 17.82578464325572 193
0.9090909090909091 0.09090909090909091 0.0 0.9057971014492754 0.09420289855072464 0.0 0.6884057971014492 1087.0052048133061 20.049211789468753 143
0.9494949494949495 0.050505050505050504 0.0 0.9468085106382979 0.05319148936170213 0.0 0.9042553191489362 1044.7045388820748 21.72719979317314 99
0.98 0.02 0.0 0.9793103448275862 0.020689655172413793 0.0 0.8758620689655172 1080.2159146233216 18.51611866733403 150
1.0 0.0 0.0 1.0 0.0 0.0 0.8243243243243243 1079.140461833248 21.5047275028651 79
1.0 0.0 0.0 1.0 0.0 0.0 0.9411764705882353 1018.6136446476082 23.686726353109833 73
0.9216867469879518 0.0783132530120482 0.0 0.9192546583850931 0.08074534161490683 0.0 0.9192546583850931 1071.7839211620771 17.072635328099064 166
0.963302752293578 0.03669724770642202 0.0 0.9615384615384616 0.038461538461538464 0.0 0.7115384615384616 1063.1065759117298 20.613586133099364 109
0.9635036496350365 0.0364963503649635 0.0 0.9621212121212122 0.03787878787878788 0.0 0.8484848484848485 1065.243288483234 19.846921876152646 137
0.9419354838709677 0.05806451612903226 0.0 0.94 0.06 0.0 0.7466666666666667 1084.5999749499697 18.59010929004351 155
1.0 0.0 0.0 1.0 0.0 0.0 0.7902097902097902 1075.2384722165432 19.63028857391859 148
0.8051948051948052 0.19480519480519481 0.0 0.7986577181208053 0.20134228187919462 0.0 0.6577181208053692 1087.322080482279 18.59438778726687 154
0.9615384615384616 0.038461538461538464 0.0 0.96 0.04 0.0 0.84 1026.0634931787843 19.818523865267593 130
0.9829059829059829 0.017094017094017096 0.0 0.9821428571428571 0.017857142857142856 0.0 0.8571428571428571 1057.0113543486257 20.311197654309275 117
0.9781021897810219 0.021897810218978103 0.0 0.9772727272727273 0.022727272727272728 0.0 0.8484848484848485 1055.0205477776365 20.653911800255166 137
0.9433962264150944 0.05660377358490566 0.0 0.9405940594059405 0.0594059405940594 0.0 0.9405940594059405 1046.2461190664699 21.58938756507252 106
0.983739837398374 0.016260162601626018 0.0 0.9830508474576272 0.01694915254237288 0.0 0.788135593220339 1068.9530621496306 18.801218329660355 123
0.8992248062015504 0.10077519379844961 0.0 0.8951612903225806 0.10483870967741936 0.0 0.7580645161290323 1087.2819532969393 19.462736793838065 129
0.9752066115702479 0.024793388429752067 0.0 0.9741379310344828 0.02586206896551724 0.0 0.5862068965517241 1073.0111667709205 19.796094671551867 121
0.9425287356321839 0.05747126436781609 0.0 0.9512195121951219 0.04878048780487805 0.0 0.6951219512195121 1051.1771231169769 20.640138980499238 87
0.864516129032258 0.13548387096774195 0.0 0.86 0.14 0.0 0.5933333333333334 1055.5671159830122 18.255398187353002 155
0.8289473684210527 0.17105263157894737 0.0 0.8169014084507042 0.18309859154929578 0.0 0.5633802816901409 1075.2868966046576 21.11102622835784 76
0.974025974025974 0.025974025974025976 0.0 0.9731543624161074 0.026845637583892617 0.0 0.8389261744966443 1087.151196580652 19.039244452963214 154
0.9716312056737588 0.028368794326241134 0.0 0.9705882352941176 0.029411764705882353 0.0 0.4264705882352941 1085.5924150637002 19.923653602718115 141
0.9824561403508771 0.017543859649122806 0.0 0.9819277108433735 0.018072289156626505 0.0 0.20481927710843373 987.8996676988219 17.698628475887887 171
0.8052631578947368 0.18947368421052632 0.005263157894736842 0.8 0.1945945945945946 0.005405405405405406 0.745945945945946 1087.4696345968387 16.744061198605085 190
0.950354609929078 0.04964539007092199 0.0 0.9485294117647058 0.051470588235294115 0.0 0.75 1059.912545151013 19.216740549249565 141
0.971830985915493 0.028169014084507043 0.0 0.9708029197080292 0.029197080291970802 0.0 0.8175182481751825 1058.147375485517 18.888742325325858 142
0.9935897435897436 0.00641025641025641 0.0 0.9933774834437086 0.006622516556291391 0.0 0.6490066225165563 1087.435381316187 18.437585566242458 156
0.9745762711864406 0.025423728813559324 0.0 0.9734513274336283 0.02654867256637168 0.0 0.8849557522123894 1083.5564130910075 20.034986325614373 118
0.9595959595959596 0.04040404040404041 0.0 0.9585492227979274 0.04145077720207254 0.0 0.23316062176165803 1081.147084367296 17.323734027137522 198
0.8522727272727273 0.14772727272727273 0.0 0.847953216374269 0.15204678362573099 0.0 0.7251461988304093 1087.4912221161596 18.365164760237153 176
0.9423076923076923 0.057692307692307696 0.0 0.9393939393939394 0.06060606060606061 0.0 0.898989898989899 1063.702036355331 21.43179331921054 104
0.8688524590163934 0.12021857923497267 0.01092896174863388 0.8707865168539326 0.11797752808988764 0.011235955056179775 0.8426966292134831 1087.243100632297 17.56152947794346 183
0.9572649572649573 0.042735042735042736 0.0 0.9553571428571429 0.044642857142857144 0.0 0.7589285714285714 1086.41526496972 18.917955062543406 117
0.9736842105263158 0.02631578947368421 0.0 0.9727891156462585 0.027210884353741496 0.0 0.891156462585034 1082.2604701012267 19.555794949752908 152
0.9043478260869565 0.09565217391304348 0.0 0.9 0.1 0.0 0.9818181818181818 1068.3856521377531 20.25018801987883 115
0.9380530973451328 0.061946902654867256 0.0 0.9444444444444444 0.05555555555555555 0.0 0.9351851851851852 1030.0090432413288 19.216542501620467 113
0.970873786407767 0.02912621359223301 0.0 0.9693877551020408 0.030612244897959183 0.0 0.7346938775510204 1070.530651663077 19.67911779198811 103
0.9928057553956835 0.007194244604316547 0.0 0.9925373134328358 0.007462686567164179 0.0 0.8805970149253731 1073.2826515242436 18.79218695211899 139
0.9791666666666666 0.020833333333333332 0.0 0.9784172661870504 0.02158273381294964 0.0 0.7410071942446043 1086.704561865855 18.399084064410832 144
0.991869918699187 0.008130081300813009 0.0 0.9915254237288136 0.00847457627118644 0.0 0.7711864406779662 1025.494326797076 19.240069225836947 123
0.946969696969697 0.05303030303030303 0.0 0.9448818897637795 0.05511811023622047 0.0 0.6771653543307087 1087.3168754929966 19.782627278221206 132
0.9534883720930233 0.046511627906976744 0.0 0.9596774193548387 0.04032258064516129 0.0 0.7338709677419355 1087.0467018007184 19.93081387183522 129
0.9929078014184397 0.0070921985815602835 0.0 0.9926470588235294 0.007352941176470588 0.0 0.8823529411764706 1054.8550483439733 20.475442168086616 141
0.9736842105263158 0.02631578947368421 0.0 0.9727891156462585 0.027210884353741496 0.0 0.7687074829931972 1086.0246796505003 17.672927529844184 152
0.93 0.07 0.0 0.9263157894736842 0.07368421052631578 0.0 0.5684210526315789 1085.196144887129 21.406983769019604 100
0.9597989949748744 0.04020100502512563 0.0 0.9587628865979382 0.041237113402061855 0.0 0.0 1086.7729983646811 18.207660848037452 199
0.9117647058823529 0.07352941176470588 0.014705882352941176 0.9083969465648855 0.07633587786259542 0.015267175572519083 0.7022900763358778 1082.5295108571663 19.287422894592865 136
0.9371069182389937 0.06289308176100629 0.0 0.935064935064935 0.06493506493506493 0.0 0.8246753246753247 1063.1263358984909 18.103067302443293 159
0.9646017699115044 0.035398230088495575 0.0 0.9629629629629629 0.037037037037037035 0.0 0.7129629629629629 1084.4540542465288 21.40594827191439 113
0.9834710743801653 0.01652892561983471 0.0 0.9827586206896551 0.017241379310344827 0.0 0.6293103448275862 1082.5839164723013 19.352089130097976 121
0.9752066115702479 0.024793388429752067 0.0 0.9741379310344828 0.02586206896551724 0.0 0.9051724137931034 1037.965678377173 18.158433676549176 121
0.9202453987730062 0.07975460122699386 0.0 0.9177215189873418 0.08227848101265822 0.0 0.689873417721519 1083.3306137632023 18.990306174905847 163
0.937007874015748 0.06299212598425197 0.0 0.9344262295081968 0.06557377049180328 0.0 0.7295081967213115 1086.6323281276273 18.97200300524193 127
0.9794520547945206 0.02054794520547945 0.0 0.9787234042553191 0.02127659574468085 0.0 0.7730496453900709 1074.1644756022342 19.45095352152762 146
0.9256198347107438 0.0743801652892562 0.0 0.9224137931034483 0.07758620689655173 0.0 0.8620689655172413 1004.817169544667 20.179605163563533 121
0.974025974025974 0.025974025974025976 0.0 0.9731543624161074 0.026845637583892617 0.0 0.8456375838926175 1084.3122418910764 18.71253576694028 154
0.9310344827586207 0.06896551724137931 0.0 0.9285714285714286 0.07142857142857142 0.0 0.7357142857142858 1087.4820771646964 19.645870636857094 145
0.9682539682539683 0.031746031746031744 0.0 0.9752066115702479 0.024793388429752067 0.0 0.7603305785123967 1087.3102053409718 18.665802928676623 126
0.968 0.032 0.0 0.9666666666666667 0.03333333333333333 0.0 0.925 1087.3639231371246 21.05079323550775 125
0.9880239520958084 0.011976047904191617 0.0 0.9938271604938271 0.006172839506172839 0.0 0.9135802469135802 1079.7763909637724 18.487923042402414 167
0.916083916083916 0.08391608391608392 0.0 0.927536231884058 0.07246376811594203 0.0 0.717391304347826 1083.2738899947067 19.54051890893157 143
0.9629629629629629 0.037037037037037035 0.0 0.9615384615384616 0.038461538461538464 0.0 0.6538461538461539 1086.9979530320336 18.991579962970654 135
0.9011627906976745 0.09302325581395349 0.005813953488372093 0.9041916167664671 0.08982035928143713 0.005988023952095809 0.7844311377245509 1087.3941498666472 17.560186982520772 172
0.9645390070921985 0.03546099290780142 0.0 0.9632352941176471 0.03676470588235294 0.0 0.8529411764705882 1087.3767908267057 19.142556654986056 141
0.993103448275862 0.006896551724137931 0.0 1.0 0.0 0.0 0.8857142857142857 1059.1798899443593 18.63916388470506 145
0.8608695652173913 0.13043478260869565 0.008695652173913044 0.8545454545454545 0.13636363636363635 0.00909090909090909 0.6909090909090909 1087.459138781962 19.39385802138214 115
0.9147727272727273 0.08522727272727272 0.0 0.9122807017543859 0.08771929824561403 0.0 0.8245614035087719 1068.3206997374277 18.21407901039171 176
0.9790209790209791 0.02097902097902098 0.0 0.9782608695652174 0.021739130434782608 0.0 0.7391304347826086 1035.3222019952946 19.205745842777635 143
1.0 0.0 0.0 1.0 0.0 0.0 1.0 1062.6665813586287 23.75013927943748 99
0.9920634920634921 0.007936507936507936 0.0 0.9917355371900827 0.008264462809917356 0.0 0.9752066115702479 1074.1784095415794 20.611521562699245 126
0.8814814814814815 0.11851851851851852 0.0 0.8769230769230769 0.12307692307692308 0.0 0.7692307692307693 1086.3615672284857 19.61152815343982 135
0.9533333333333334 0.04666666666666667 0.0 0.9517241379310345 0.04827586206896552 0.0 0.7655172413793103 1085.150618551534 19.013184013619295 150
1.0 0.0 0.0 1.0 0.0 0.0 0.9911504424778761 1077.482697613471 20.238578879520347 118
0.972027972027972 0.027972027972027972 0.0 0.9782608695652174 0.021739130434782608 0.0 0.7971014492753623 1085.865698426466 19.096990845991282 143
0.9794520547945206 0.02054794520547945 0.0 0.9787234042553191 0.02127659574468085 0.0 0.6524822695035462 1075.341759317442 18.71853389371289 146
0.9590163934426229 0.040983606557377046 0.0 0.9572649572649573 0.042735042735042736 0.0 0.6581196581196581 1087.4479385243405 19.021584894404103 122
0.9318181818181818 0.06818181818181818 0.0 0.9298245614035088 0.07017543859649122 0.0 0.7660818713450293 1087.211112039287 17.525212220328424 176
0.9902912621359223 0.009708737864077669 0.0 0.9897959183673469 0.01020408163265306 0.0 0.673469387755102 1032.066304172188 20.598935258545357 103
0.8390804597701149 0.16091954022988506 0.0 0.8292682926829268 0.17073170731707318 0.0 0.9878048780487805 1059.9348668921439 21.273414080825805 87
0.9403973509933775 0.059602649006622516 0.0 0.9383561643835616 0.06164383561643835 0.0 0.5958904109589042 1075.7835751818402 19.543384573330105 151
0.9477611940298507 0.05223880597014925 0.0 0.9457364341085271 0.05426356589147287 0.0 0.6666666666666666 1082.870629764544 19.940243964062102 134
0.984 0.016 0.0 0.9833333333333333 0.016666666666666666 0.0 0.875 1088.3848357369357 19.882093789843 125
0.959349593495935 0.04065040650406504 0.0 0.9576271186440678 0.0423728813559322 0.0 0.7966101694915254 1007.0821784079606 19.25430905930334 123
0.9245283018867925 0.07547169811320754 0.0 0.9306930693069307 0.06930693069306931 0.0 0.8613861386138614 1054.087683758717 20.078139715624683 106
0.9111111111111111 0.08888888888888889 0.0 0.9058823529411765 0.09411764705882353 0.0 0.7058823529411765 1074.8050265367297 22.869363969221972 90
0.9593023255813954 0.040697674418604654 0.0 0.9580838323353293 0.041916167664670656 0.0 0.0 1081.6780593371645 18.80521477113368 172
0.9834710743801653 0.01652892561983471 0.0 0.9827586206896551 0.017241379310344827 0.0 0.8793103448275862 1086.3974870517172 19.723296878621245 121
0.9492753623188406 0.050724637681159424 0.0 0.9473684210526315 0.05263157894736842 0.0 0.7894736842105263 1078.638876508903 20.182226252787817 138
0.9805194805194806 0.01948051948051948 0.0 0.9798657718120806 0.020134228187919462 0.0 0.7986577181208053 1068.7349700336108 19.203239308297167 154
0.9416666666666667 0.058333333333333334 0.0 0.9391304347826087 0.06086956521739131 0.0 0.7913043478260869 1057.8026231074064 20.371166355795534 120
0.9803921568627451 0.0196078431372549 0.0 0.979381443298969 0.020618556701030927 0.0 0.845360824742268 1078.119237448776 20.37449420742986 102
0.9655172413793104 0.034482758620689655 0.0 0.963963963963964 0.036036036036036036 0.0 0.9819819819819819 1085.1178513273078 20.81883098504877 116
0.9661016949152542 0.03389830508474576 0.0 0.9646017699115044 0.035398230088495575 0.0 0.6902654867256637 1085.5643944063036 19.103340604966785 118
0.9819819819819819 0.018018018018018018 0.0 0.9811320754716981 0.018867924528301886 0.0 0.8490566037735849 1066.4633075329646 19.16090445746193 111
0.9917355371900827 0.008264462809917356 0.0 0.9913793103448276 0.008620689655172414 0.0 0.9913793103448276 1041.68003738383 19.956293691151963 121
0.9473684210526315 0.05263157894736842 0.0 0.9453125 0.0546875 0.0 0.59375 1068.790677922445 19.81284364051032 133
0.9758064516129032 0.024193548387096774 0.0 0.9747899159663865 0.025210084033613446 0.0 0.8991596638655462 1076.0814875654355 19.501710073687605 124
1.0 0.0 0.0 1.0 0.0 0.0 0.9438202247191011 1025.1085892732374 20.856688278258225 94
1.0 0.0 0.0 1.0 0.0 0.0 0.7295081967213115 1029.0670376748374 18.849360141802244 127
1.0 0.0 0.0 1.0 0.0 0.0 0.8461538461538461 1007.2151040085462 19.784336849448916 96
0.9662162162162162 0.033783783783783786 0.0 0.965034965034965 0.03496503496503497 0.0 0.7132867132867133 1087.4667408405462 19.021666641331255 148
0.901840490797546 0.09815950920245399 0.0 0.8987341772151899 0.10126582278481013 0.0 0.7468354430379747 1087.0370466786483 19.554632569719832 163
0.9912280701754386 0.008771929824561403 0.0 0.9908256880733946 0.009174311926605505 0.0 1.0 1057.5561343799895 20.842133605210485 114
0.9182389937106918 0.050314465408805034 0.031446540880503145 0.922077922077922 0.045454545454545456 0.032467532467532464 0.03896103896103896 949.6771697587628 18.47187699112126 159
0.9906542056074766 0.009345794392523364 0.0 0.9901960784313726 0.00980392156862745 0.0 0.45098039215686275 1085.403058408902 18.930420118833464 107
0.9692307692307692 0.03076923076923077 0.0 0.968 0.032 0.0 0.912 1055.573762243595 18.253330495486363 130
0.9891304347826086 0.010869565217391304 0.0 0.9885057471264368 0.011494252873563218 0.0 0.9655172413793104 992.0653514580384 20.528469695054092 92
0.9156626506024096 0.08433734939759036 0.0 0.9130434782608695 0.08695652173913043 0.0 0.012422360248447204 1083.1841949847474 17.311958850774268 166
0.9658119658119658 0.03418803418803419 0.0 0.9642857142857143 0.03571428571428571 0.0 0.7857142857142857 1085.973284777577 19.4024326862798 117
0.991869918699187 0.008130081300813009 0.0 0.9915254237288136 0.00847457627118644 0.0 0.6694915254237288 1087.0233537522352 18.73242944203597 123
0.8833333333333333 0.10833333333333334 0.008333333333333333 0.8869565217391304 0.11304347826086956 0.0 0.7739130434782608 1072.2047505515102 18.11675030216391 120
0.9251700680272109 0.07482993197278912 0.0 0.9225352112676056 0.07746478873239436 0.0 0.7535211267605634 1053.74614182194 18.378331177532722 147
0.9230769230769231 0.07692307692307693 0.0 0.9186046511627907 0.08139534883720931 0.0 0.8023255813953488 1076.859282047702 22.134989264631066 91
0.9821428571428571 0.017857142857142856 0.0 0.9813084112149533 0.018691588785046728 0.0 0.8411214953271028 1029.7021024988076 19.29117490796307 112
0.9590643274853801 0.04093567251461988 0.0 0.9578313253012049 0.04216867469879518 0.0 0.463855421686747 1081.7261374986438 17.48850724059498 171
1.0 0.0 0.0 1.0 0.0 0.0 0.73 1065.7365739357533 21.329816990617754 105
0.9838709677419355 0.016129032258064516 0.0 0.9831932773109243 0.01680672268907563 0.0 0.9411764705882353 1075.6276297629047 18.9053339071512 124
0.9609375 0.0390625 0.0 0.959349593495935 0.04065040650406504 0.0 0.7073170731707317 1074.2785027910538 19.641834429623373 128
0.975 0.025 0.0 0.9739130434782609 0.02608695652173913 0.0 0.6434782608695652 1049.6948532256663 20.705157960646787 120
0.9790209790209791 0.02097902097902098 0.0 0.9782608695652174 0.021739130434782608 0.0 0.9927536231884058 1032.1784372409463 19.662808796992884 143
0.9701492537313433 0.029850746268656716 0.0 0.9689922480620154 0.031007751937984496 0.0 0.8062015503875969 1036.6219081052259 19.706142980879374 134
1.0 0.0 0.0 1.0 0.0 0.0 0.990909090909091 1072.9747296757528 19.747443839990037 115
0.9922480620155039 0.007751937984496124 0.0 0.9919354838709677 0.008064516129032258 0.0 0.8306451612903226 1082.1204627501938 18.272577415804395 129
0.92 0.08 0.0 0.9263157894736842 0.07368421052631578 0.0 0.6947368421052632 1065.6119664632583 21.413717908326607 100
0.9619565217391305 0.03804347826086957 0.0 0.9608938547486033 0.03910614525139665 0.0 0.7877094972067039 1086.290255788932 17.792925391575306 184
0.967741935483871 0.03225806451612903 0.0 0.9663865546218487 0.03361344537815126 0.0 0.8403361344537815 1042.8173250861962 20.718066993439788 124
0.96875 0.03125 0.0 0.967479674796748 0.032520325203252036 0.0 0.7642276422764228 1087.2948003774197 18.935573129936966 128
0.9787234042553191 0.02127659574468085 0.0 0.9779411764705882 0.022058823529411766 0.0 0.8970588235294118 1047.6951437456532 17.886408109811786 141
0.9647887323943662 0.035211267605633804 0.0 0.9635036496350365 0.0364963503649635 0.0 0.8540145985401459 1080.3408173018954 17.83154100987205 142
0.9682539682539683 0.031746031746031744 0.0 0.9669421487603306 0.03305785123966942 0.0 0.6776859504132231 1023.5117092937214 19.71553860397803 126
0.9921259842519685 0.007874015748031496 0.0 0.9918032786885246 0.00819672131147541 0.0 0.9180327868852459 1056.7237175426446 19.452697275555757 127
0.9692307692307692 0.03076923076923077 0.0 0.968 0.032 0.0 0.848 1087.16050650442 19.75064755505573 130
0.9555555555555556 0.044444444444444446 0.0 0.9538461538461539 0.046153846153846156 0.0 0.6153846153846154 1056.8156816908427 18.525874237350397 135
0.976 0.024 0.0 0.975 0.025 0.0 0.65 1011.1508941087726 19.296594372912818 125
0.8767123287671232 0.1232876712328767 0.0 0.8723404255319149 0.1276595744680851 0.0 0.9929078014184397 1082.3422840301616 19.632076847618706 146
0.9935483870967742 0.0064516129032258064 0.0 0.9933333333333333 0.006666666666666667 0.0 0.7066666666666667 1005.7529306410897 18.553665500514125 155
0.9752066115702479 0.024793388429752067 0.0 0.9741379310344828 0.02586206896551724 0.0 0.9137931034482759 1049.7281588838528 20.107999396637688 121
0.9534883720930233 0.046511627906976744 0.0 0.9516129032258065 0.04838709677419355 0.0 0.75 1031.6991831949438 19.368143498064352 129
0.9608938547486033 0.03910614525139665 0.0 0.9597701149425287 0.040229885057471264 0.0 0.8045977011494253 1084.4555708168182 18.963541500550736 179
0.9583333333333334 0.041666666666666664 0.0 0.9570552147239264 0.04294478527607362 0.0 0.588957055214724 1078.9234225964017 18.24445543328702 168
0.92 0.072 0.008 0.9166666666666666 0.075 0.008333333333333333 0.9166666666666666 1085.8152683567093 19.183104195635018 125
0.8394160583941606 0.1386861313868613 0.021897810218978103 0.8333333333333334 0.14393939393939395 0.022727272727272728 0.6439393939393939 1081.6444802365402 19.84797415403763 137
0.9920634920634921 0.007936507936507936 0.0 0.9917355371900827 0.008264462809917356 0.0 0.7933884297520661 1079.8912020137743 20.917300105665763 126
0.953125 0.046875 0.0 0.9512195121951219 0.04878048780487805 0.0 0.7235772357723578 1087.3798559582124 19.51506680122488 128
0.9438202247191011 0.056179775280898875 0.0 0.9404761904761905 0.05952380952380952 0.0 0.7023809523809523 1087.4427686026816 18.8822478319441 89
0.9698795180722891 0.030120481927710843 0.0 0.968944099378882 0.031055900621118012 0.0 0.9254658385093167 1067.9285473981347 18.476908981240555 166
0.9142857142857143 0.08571428571428572 0.0 0.9176470588235294 0.08235294117647059 0.0 0.8941176470588236 1048.2749673148903 18.30511116632467 175
0.8488372093023255 0.1511627906976744 0.0 0.844311377245509 0.15568862275449102 0.0 0.0 1059.5406026069284 16.917610243834634 172
0.9758064516129032 0.024193548387096774 0.0 0.9747899159663865 0.025210084033613446 0.0 0.8571428571428571 1086.4884380165008 20.361202388189923 124
0.991869918699187 0.008130081300813009 0.0 0.9915254237288136 0.00847457627118644 0.0 0.864406779661017 1072.0212073512 20.691522305950365 123
0.9523809523809523 0.047619047619047616 0.0 0.9507042253521126 0.04929577464788732 0.0 0.9014084507042254 1081.0037198097366 19.856473217360968 147
0.9099099099099099 0.09009009009009009 0.0 0.9150943396226415 0.08490566037735849 0.0 0.8867924528301887 1086.0045505418902 22.337313348840645 111
0.9389312977099237 0.061068702290076333 0.0 0.9365079365079365 0.06349206349206349 0.0 0.7222222222222222 1076.308828053528 19.839784627098418 131
0.8260869565217391 0.17391304347826086 0.0 0.8212290502793296 0.1787709497206704 0.0 0.8491620111731844 1054.1589269341976 17.547961864334276 184
0.9629629629629629 0.037037037037037035 0.0 0.9615384615384616 0.038461538461538464 0.0 0.8 1087.1568457211704 18.903155955457436 135
0.9829059829059829 0.017094017094017096 0.0 0.9821428571428571 0.017857142857142856 0.0 0.6964285714285714 1074.4886104950738 20.64821943513222 117
0.9239130434782609 0.07608695652173914 0.0 0.9195402298850575 0.08045977011494253 0.0 0.7471264367816092 1086.4232046628197 21.051022845637483 92
0.9609375 0.0390625 0.0 0.959349593495935 0.04065040650406504 0.0 0.7235772357723578 1075.3556423864193 19.501722177340397 128
0.9479166666666666 0.052083333333333336 0.0 0.945054945054945 0.054945054945054944 0.0 0.7692307692307693 1039.3474009932752 20.265131315520843 96
0.9552238805970149 0.04477611940298507 0.0 0.9612403100775194 0.03875968992248062 0.0 0.8294573643410853 1087.0162867235915 18.88184843619921 134
0.9924242424242424 0.007575757575757576 0.0 0.9921259842519685 0.007874015748031496 0.0 0.7401574803149606 1058.1234575297858 18.84757801298833 132
0.8672566371681416 0.11504424778761062 0.017699115044247787 0.8611111111111112 0.12037037037037036 0.018518518518518517 0.8148148148148148 1060.7399145055228 21.734213295606573 113
0.9927536231884058 0.007246376811594203 0.0 0.9924812030075187 0.007518796992481203 0.0 0.7218045112781954 1087.3405995603755 18.664088547571787 138
0.9825581395348837 0.01744186046511628 0.0 0.9820359281437125 0.017964071856287425 0.0 0.03592814371257485 1040.2877684963962 17.654294911056294 172
0.9689922480620154 0.031007751937984496 0.0 0.967741935483871 0.03225806451612903 0.0 0.8145161290322581 1069.189280168977 19.547988856551047 129
0.991304347826087 0.008695652173913044 0.0 0.990909090909091 0.00909090909090909 0.0 0.7636363636363637 1069.4571230416263 20.731569026680308 115
0.9298245614035088 0.07017543859649122 0.0 0.926605504587156 0.07339449541284404 0.0 0.7981651376146789 1082.066068792133 20.39799004284084 114
0.9576271186440678 0.0423728813559322 0.0 0.9646017699115044 0.035398230088495575 0.0 0.7522123893805309 1087.3799658494231 20.18455634369344 118
0.9931506849315068 0.00684931506849315 0.0 0.9929078014184397 0.0070921985815602835 0.0 0.6666666666666666 1082.0033895667298 18.864320202857293 146
0.9925373134328358 0.007462686567164179 0.0 0.9922480620155039 0.007751937984496124 0.0 0.9302325581395349 1067.875754752933 20.92447380337665 134
1.0 0.0 0.0 1.0 0.0 0.0 0.638095238095238 1086.2071110600357 20.408044733036277 110
0.9754098360655737 0.02459016393442623 0.0 0.9743589743589743 0.02564102564102564 0.0 0.8632478632478633 1074.1526098933973 19.49732063402728 122
0.9913793103448276 0.008620689655172414 0.0 0.990990990990991 0.009009009009009009 0.0 0.8468468468468469 1073.8445914815475 21.19319314169132 116
0.8333333333333334 0.16666666666666666 0.0 0.8275862068965517 0.1724137931034483 0.0 0.6344827586206897 1050.0370324079129 17.14532295679923 150
0.9568345323741008 0.04316546762589928 0.0 0.9552238805970149 0.04477611940298507 0.0 0.8507462686567164 1048.181531614496 17.63801445544164 139
1.0 0.0 0.0 1.0 0.0 0.0 0.8731343283582089 984.812619334156 19.31132869306035 139
1.0 0.0 0.0 1.0 0.0 0.0 0.7413793103448276 1039.90003998993 20.19134252262672 121
0.9047619047619048 0.09523809523809523 0.0 0.9014084507042254 0.09859154929577464 0.0 0.0 1077.0315324196322 17.50570573663024 147
0.9393939393939394 0.06060606060606061 0.0 0.937007874015748 0.06299212598425197 0.0 0.6220472440944882 1060.6597617543548 19.632113212449536 132
0.9529411764705882 0.047058823529411764 0.0 0.95 0.05 0.0 0.8 1086.2965042984376 22.111329991116566 85
0.9834254143646409 0.016574585635359115 0.0 0.9829545454545454 0.017045454545454544 0.0 0.7727272727272727 1075.6737410359497 18.36245954608903 181
1.0 0.0 0.0 1.0 0.0 0.0 0.6541353383458647 1048.1997065202625 17.82539640417572 138
0.9765625 0.0234375 0.0 0.983739837398374 0.016260162601626018 0.0 0.8455284552845529 1063.5021363959672 20.086233193277664 128
0.968 0.032 0.0 0.9666666666666667 0.03333333333333333 0.0 0.9333333333333333 1080.4189634107438 19.57197775405423 125
0.9635036496350365 0.0364963503649635 0.0 0.9696969696969697 0.030303030303030304 0.0 0.9696969696969697 1057.8938741818367 19.222552666077338 137
1.0 0.0 0.0 1.0 0.0 0.0 1.0 1052.5050746689944 21.089856677279354 102
0.96875 0.03125 0.0 0.967741935483871 0.03225806451612903 0.0 0.8387096774193549 1087.032826703449 18.071709251718474 160
0.9658119658119658 0.03418803418803419 0.0 0.9642857142857143 0.03571428571428571 0.0 0.9910714285714286 1010.8369112658525 20.598959097151493 117
1.0 0.0 0.0 1.0 0.0 0.0 0.9007633587786259 1068.8997177564913 18.802874817408963 136
0.9478260869565217 0.05217391304347826 0.0 0.9454545454545454 0.05454545454545454 0.0 0.6454545454545455 1087.322876532519 18.659585225809792 115
1.0 0.0 0.0 1.0 0.0 0.0 0.8819444444444444 1085.5904862286138 18.83767663738724 149
0.940677966101695 0.059322033898305086 0.0 0.9469026548672567 0.05309734513274336 0.0 1.0 1073.6445024899344 21.207161061552817 118
0.9931506849315068 0.00684931506849315 0.0 0.9929078014184397 0.0070921985815602835 0.0 0.75177304964539 1086.8859194501938 19.671359211929833 146
0.9782608695652174 0.021739130434782608 0.0 0.9774436090225563 0.022556390977443608 0.0 0.9774436090225563 1078.1379201943876 19.848262262577958 138
0.98 0.02 0.0 0.9793103448275862 0.020689655172413793 0.0 0.7793103448275862 1087.4284052512803 19.614415070150976 150
0.9108910891089109 0.06930693069306931 0.019801980198019802 0.90625 0.07291666666666667 0.020833333333333332 0.9270833333333334 1077.0752446321385 20.540769708587053 101
0.9230769230769231 0.06923076923076923 0.007692307692307693 0.92 0.072 0.008 0.784 1087.28508103941 19.912240093769643 130
0.9609375 0.0390625 0.0 0.967479674796748 0.032520325203252036 0.0 0.7317073170731707 1082.9091571201304 18.497062199159846 128
0.9626168224299065 0.037383177570093455 0.0 0.9607843137254902 0.0392156862745098 0.0 0.7843137254901961 1087.4652315418693 19.268145658052436 107
0.9907407407407407 0.009259259259259259 0.0 0.9902912621359223 0.009708737864077669 0.0 0.8932038834951457 1083.8316743794965 20.258209774303182 108
0.9927536231884058 0.007246376811594203 0.0 0.9924812030075187 0.007518796992481203 0.0 0.8270676691729323 1069.8689324993518 19.802416518219662 138
0.9230769230769231 0.07692307692307693 0.0 0.9207317073170732 0.07926829268292683 0.0 0.3231707317073171 1040.6027637938323 17.395653867110166 169
0.9621212121212122 0.03787878787878788 0.0 0.9606299212598425 0.03937007874015748 0.0 0.84251968503937 1058.8051042381555 19.68839402307436 132
0.9370629370629371 0.06293706293706294 0.0 0.9347826086956522 0.06521739130434782 0.0 0.927536231884058 1062.3424836360145 20.360110184529745 143
1.0 0.0 0.0 1.0 0.0 0.0 0.8207547169811321 1062.609630705644 19.11159212665039 111
0.9626168224299065 0.037383177570093455 0.0 0.9607843137254902 0.0392156862745098 0.0 0.9313725490196079 1084.5735568942919 19.074456430771637 107
0.8404907975460123 0.15950920245398773 0.0 0.8354430379746836 0.16455696202531644 0.0 0.8037974683544303 1061.9335342635743 17.42286984897756 163
1.0 0.0 0.0 1.0 0.0 0.0 0.9347826086956522 1050.9552652127895 22.873713793187864 51
0.9015151515151515 0.09848484848484848 0.0 0.8976377952755905 0.10236220472440945 0.0 0.7952755905511811 1087.14174925496 19.915554059908036 132
0.9814814814814815 0.018518518518518517 0.0 0.9808917197452229 0.01910828025477707 0.0 0.8853503184713376 1045.536651249329 18.711576113232756 162
0.9905660377358491 0.009433962264150943 0.0 0.9900990099009901 0.009900990099009901 0.0 0.7920792079207921 1030.4186036606507 20.550233912400344 106
0.9830508474576272 0.01694915254237288 0.0 0.9823008849557522 0.017699115044247787 0.0 0.5929203539823009 1081.203915475614 21.364340668017896 118
0.9754098360655737 0.02459016393442623 0.0 0.9743589743589743 0.02564102564102564 0.0 0.8461538461538461 1066.5089862731716 20.47495392471686 122
0.9703703703703703 0.02962962962962963 0.0 0.9692307692307692 0.03076923076923077 0.0 0.823076923076923 1083.2053811183061 19.93009092979819 135
0.9900990099009901 0.009900990099009901 0.0 0.9895833333333334 0.010416666666666666 0.0 0.8645833333333334 1020.3736658929943 22.190445237122937 101
0.9876543209876543 0.012345679012345678 0.0 0.9868421052631579 0.013157894736842105 0.0 0.9736842105263158 1000.7089201744717 22.486131352358957 81
0.9345794392523364 0.06542056074766354 0.0 0.9313725490196079 0.06862745098039216 0.0 0.803921568627451 1081.8638899924476 22.72439860465936 107
0.9583333333333334 0.041666666666666664 0.0 0.9568345323741008 0.04316546762589928 0.0 0.6762589928057554 1087.3679494363178 19.227304027930984 144
0.9523809523809523 0.047619047619047616 0.0 0.9504132231404959 0.049586776859504134 0.0 0.7024793388429752 959.5145244046863 19.695726056452017 126
0.9795918367346939 0.02040816326530612 0.0 0.9788732394366197 0.02112676056338028 0.0 0.8591549295774648 1077.5481027410888 19.32402052596172 147
0.9197530864197531 0.08024691358024691 0.0 0.9171974522292994 0.08280254777070063 0.0 0.7707006369426752 1068.735490360714 17.013253788841237 162
0.9423076923076923 0.057692307692307696 0.0 0.9494949494949495 0.050505050505050504 0.0 0.9393939393939394 1024.0775024643237 21.563190496512252 104
0.9819819819819819 0.018018018018018018 0.0 0.9811320754716981 0.018867924528301886 0.0 0.8301886792452831 1057.8729606899385 21.012710786364345 111
0.9680851063829787 0.031914893617021274 0.0 0.9662921348314607 0.033707865168539325 0.0 0.8764044943820225 1076.4935542102523 22.326971777130584 94
0.9172932330827067 0.08270676691729323 0.0 0.9140625 0.0859375 0.0 0.6640625 1087.307424627657 19.249199661535688 133
0.9629629629629629 0.037037037037037035 0.0 0.9611650485436893 0.038834951456310676 0.0 0.9223300970873787 1085.989790687647 20.458460028621417 108
0.9492753623188406 0.050724637681159424 0.0 0.9473684210526315 0.05263157894736842 0.0 0.8270676691729323 1087.371317955996 19.09689105465941 138
0.9722222222222222 0.027777777777777776 0.0 0.970873786407767 0.02912621359223301 0.0 0.7961165048543689 1087.4655069550613 19.609424380516526 108
0.9925925925925926 0.007407407407407408 0.0 0.9923076923076923 0.007692307692307693 0.0 0.8769230769230769 1074.2648766084562 19.20702019178001 135
0.9298245614035088 0.07017543859649122 0.0 0.926605504587156 0.07339449541284404 0.0 0.7064220183486238 1085.4829101726316 20.306630229460442 114
0.9662162162162162 0.033783783783783786 0.0 0.965034965034965 0.03496503496503497 0.0 0.7202797202797203 1087.1377715524752 17.622491078931876 148
0.9389312977099237 0.05343511450381679 0.007633587786259542 0.9365079365079365 0.05555555555555555 0.007936507936507936 0.9365079365079365 1082.3072102813833 19.035754152004486 131
0.9591836734693877 0.04081632653061224 0.0 0.9577464788732394 0.04225352112676056 0.0 0.7253521126760564 1084.3402895029953 20.287291235800645 147
0.9821428571428571 0.017857142857142856 0.0 0.9813084112149533 0.018691588785046728 0.0 0.822429906542056 1083.164729564248 19.198480937755097 112
0.988950276243094 0.011049723756906077 0.0 0.9886363636363636 0.011363636363636364 0.0 0.8125 1047.8235537204364 17.37182170897375 181
0.9632352941176471 0.03676470588235294 0.0 0.9618320610687023 0.03816793893129771 0.0 0.8015267175572519 1064.1739213178362 19.54960093835281 136
0.9711538461538461 0.028846153846153848 0.0 0.9696969696969697 0.030303030303030304 0.0 0.9090909090909091 1067.4629004266708 21.781852813802576 104
0.8914285714285715 0.10857142857142857 0.0 0.888235294117647 0.11176470588235295 0.0 0.7470588235294118 1050.733967137696 17.387109782722916 175
0.9586776859504132 0.04132231404958678 0.0 0.9655172413793104 0.034482758620689655 0.0 0.8620689655172413 1087.3226578855256 20.495639330751587 121
0.9863013698630136 0.0136986301369863 0.0 0.9858156028368794 0.014184397163120567 0.0 0.6879432624113475 1059.5461528128808 18.5580606305838 146
0.96875 0.03125 0.0 0.975609756097561 0.024390243902439025 0.0 0.8861788617886179 1051.49480476248 18.363095381466312 128
1.0 0.0 0.0 1.0 0.0 0.0 1.0 1021.4695099747398 20.15197667248712 91
0.9586776859504132 0.04132231404958678 0.0 0.9655172413793104 0.034482758620689655 0.0 0.8620689655172413 1087.26999851213 18.568790320961423 121
0.952 0.048 0.0 0.95 0.05 0.0 0.8916666666666667 1087.4816790255188 19.952075774935178 125
0.9918032786885246 0.00819672131147541 0.0 0.9914529914529915 0.008547008547008548 0.0 0.8461538461538461 1087.3719697651868 19.9643680637986 122
0.9384615384615385 0.06153846153846154 0.0 0.936 0.064 0.0 0.912 1086.5500124034209 19.595369761559702 130
0.8814814814814815 0.11851851851851852 0.0 0.8769230769230769 0.12307692307692308 0.0 0.35384615384615387 1035.0044583144245 17.704817689640603 135
1.0 0.0 0.0 1.0 0.0 0.0 1.0 1075.1414672688472 23.013471181915524 96
0.8709677419354839 0.12903225806451613 0.0 0.865546218487395 0.13445378151260504 0.0 0.7226890756302521 1083.4065025937016 20.612011862983124 124
0.9323308270676691 0.06766917293233082 0.0 0.9296875 0.0703125 0.0 0.921875 1057.6957629790713 19.0634138792413 133
0.9925925925925926 0.007407407407407408 0.0 0.9923076923076923 0.007692307692307693 0.0 0.9 1084.1417565819083 19.742267918729727 135
0.9523809523809523 0.047619047619047616 0.0 0.95 0.05 0.0 0.72 1044.1359588400933 22.147312869376574 105
0.9645390070921985 0.03546099290780142 0.0 0.9705882352941176 0.029411764705882353 0.0 0.8014705882352942 1061.946143398113 18.245953067213563 141
0.96 0.04 0.0 0.9583333333333334 0.041666666666666664 0.0 0.9666666666666667 1057.326126724206 19.60112352732943 125
0.9808917197452229 0.01910828025477707 0.0 0.9802631578947368 0.019736842105263157 0.0 0.7763157894736842 1086.3544531062719 17.83471434296787 157
0.9668874172185431 0.033112582781456956 0.0 0.9657534246575342 0.03424657534246575 0.0 0.7876712328767124 1074.831492638442 18.588252466581416 151
1.0 0.0 0.0 1.0 0.0 0.0 0.55 1065.245182179132 19.546408005000263 105
0.9921875 0.0078125 0.0 1.0 0.0 0.0 0.8048780487804879 1071.6182632574012 20.4068760079779 128
0.9714285714285714 0.02857142857142857 0.0 0.9703703703703703 0.02962962962962963 0.0 0.8074074074074075 1087.0243985910336 20.123041245781838 140
1.0 0.0 0.0 1.0 0.0 0.0 0.9878048780487805 1066.6310536633398 21.122031709525842 87
0.9826086956521739 0.017391304347826087 0.0 0.9818181818181818 0.01818181818181818 0.0 0.8727272727272727 1000.0350523376422 19.21973169402216 115
0.9809523809523809 0.01904761904761905 0.0 0.98 0.02 0.0 0.79 1079.2650104673064 19.645507038636456 105
