0.9555555555555556 0.044444444444444446 0.0 0.9529411764705882 0.047058823529411764 0.0 0.6705882352941176 1059.61436438356 20.760647931427457 90
0.9906542056074766 0.009345794392523364 0.0 0.9901960784313726 0.00980392156862745 0.0 0.7647058823529411 1084.9194399918094 20.754807498804077 107
0.8706896551724138 0.1206896551724138 0.008620689655172414 0.8648648648648649 0.12612612612612611 0.009009009009009009 0.7207207207207207 1087.1701652811985 18.627564044907466 116
0.991304347826087 0.008695652173913044 0.0 0.990909090909091 0.00909090909090909 0.0 0.9090909090909091 1084.3427904389848 20.80806303135447 115
0.8848484848484849 0.11515151515151516 0.0 0.88125 0.11875 0.0 0.9875 1046.2038943901052 17.575889487999238 165
0.9736842105263158 0.02631578947368421 0.0 0.9724770642201835 0.027522935779816515 0.0 0.9724770642201835 1083.3956295597447 20.976167553462886 114
0.9753694581280788 0.024630541871921183 0.0 0.9747474747474747 0.025252525252525252 0.0 0.7676767676767676 1071.4868300772075 17.672557471584682 203
0.9797979797979798 0.020202020202020204 0.0 0.9787234042553191 0.02127659574468085 0.0 0.8617021276595744 1040.9415611834145 20.597183253242104 99
0.9420289855072463 0.057971014492753624 0.0 0.9398496240601504 0.06015037593984962 0.0 0.7293233082706767 1087.4370572184625 19.483628905886142 138
0.9375 0.0625 0.0 0.9439252336448598 0.056074766355140186 0.0 0.7383177570093458 1086.3390627345154 21.896259071780776 112
0.9606299212598425 0.03937007874015748 0.0 0.9590163934426229 0.040983606557377046 0.0 0.9344262295081968 1076.188156025198 20.239209549466494 127
0.9805825242718447 0.019417475728155338 0.0 0.9897959183673469 0.01020408163265306 0.0 0.9693877551020408 1062.7500287880382 21.61868415332246 103
0.9777777777777777 0.022222222222222223 0.0 0.9769230769230769 0.023076923076923078 0.0 0.8307692307692308 1053.674058845808 19.43235272053623 135
0.9354838709677419 0.056451612903225805 0.008064516129032258 0.9327731092436975 0.058823529411764705 0.008403361344537815 0.8235294117647058 1082.9359542707675 19.722146721905162 124
0.9487179487179487 0.05128205128205128 0.0 0.9553571428571429 0.044642857142857144 0.0 0.7678571428571429 1087.1950121283644 18.94796522899242 117
0.9224137931034483 0.07758620689655173 0.0 0.918918918918919 0.08108108108108109 0.0 0.7837837837837838 1084.0166416760503 20.714630489277578 116
0.9560439560439561 0.04395604395604396 0.0 0.9534883720930233 0.046511627906976744 0.0 0.8023255813953488 1086.7294902421338 21.286922973002373 91
1.0 0.0 0.0 1.0 0.0 0.0 0.9759036144578314 1023.6938479590068 21.549075546040168 88
0.9829059829059829 0.017094017094017096 0.0 0.9821428571428571 0.017857142857142856 0.0 0.8303571428571429 1047.4355175945968 19.31042551010702 117
0.8835616438356164 0.1095890410958904 0.00684931506849315 0.8794326241134752 0.11347517730496454 0.0070921985815602835 0.6312056737588653 1062.3373666306168 20.405136319968573 146
0.9142857142857143 0.08571428571428572 0.0 0.91 0.09 0.0 0.8 1085.139794441392 20.524057820240806 105
0.9389312977099237 0.061068702290076333 0.0 0.9365079365079365 0.06349206349206349 0.0 0.8492063492063492 1086.0376122804262 20.4335854375345 131
0.9527027027027027 0.0472972972972973 0.0 0.951048951048951 0.04895104895104895 0.0 0.8251748251748252 1066.8313142384072 19.716688432114406 148
0.8547008547008547 0.1452991452991453 0.0 0.8482142857142857 0.15178571428571427 0.0 0.6785714285714286 1054.189471251522 20.06574737516307 117
0.9532710280373832 0.04672897196261682 0.0 0.9509803921568627 0.049019607843137254 0.0 0.8333333333333334 1083.5844484128359 21.146110747066295 107
0.9491525423728814 0.05084745762711865 0.0 0.9534883720930233 0.046511627906976744 0.0 0.6569767441860465 1085.302252492618 19.01319628664997 177
0.9936708860759493 0.006329113924050633 0.0 0.9934640522875817 0.006535947712418301 0.0 0.7843137254901961 1083.7687298089859 19.12129222030948 158
0.9264705882352942 0.07352941176470588 0.0 0.9236641221374046 0.07633587786259542 0.0 1.0 1085.0125743310557 19.53333174182869 136
0.9923076923076923 0.007692307692307693 0.0 0.992 0.008 0.0 0.832 1065.168180195426 19.849409203544727 130
0.9807692307692307 0.019230769230769232 0.0 0.9797979797979798 0.020202020202020204 0.0 0.898989898989899 1083.3769598297838 21.695459935731165 104
0.9491525423728814 0.05084745762711865 0.0 0.9557522123893806 0.04424778761061947 0.0 0.7699115044247787 1087.3189433147213 20.34393564781271 118
0.9459459459459459 0.05405405405405406 0.0 0.9433962264150944 0.05660377358490566 0.0 0.8867924528301887 1073.5976051423643 20.735691193486613 111
0.9419354838709677 0.05806451612903226 0.0 0.94 0.06 0.0 0.74 1087.4779862825308 18.67273314799604 155
0.9719626168224299 0.028037383177570093 0.0 0.9705882352941176 0.029411764705882353 0.0 0.7647058823529411 1084.900042739986 20.123109591285868 107
0.8813559322033898 0.11864406779661017 0.0 0.8761061946902655 0.12389380530973451 0.0 0.9911504424778761 1082.4635287399908 20.181195905791622 118
0.9829545454545454 0.017045454545454544 0.0 0.9824561403508771 0.017543859649122806 0.0 0.7777777777777778 1086.683708487239 17.39333431285232 176
0.937984496124031 0.06201550387596899 0.0 0.9354838709677419 0.06451612903225806 0.0 0.7983870967741935 1087.2268828686656 18.813746026835183 129
0.9606299212598425 0.03937007874015748 0.0 0.9672131147540983 0.03278688524590164 0.0 0.6967213114754098 1087.2905304295537 19.270186977452624 127
0.9767441860465116 0.023255813953488372 0.0 0.9753086419753086 0.024691358024691357 0.0 0.691358024691358 1087.3748814602448 20.93896974107925 86
0.948905109489051 0.051094890510948905 0.0 0.946969696969697 0.05303030303030303 0.0 0.5833333333333334 1087.2947239876423 19.152437229597044 137
0.9333333333333333 0.06666666666666667 0.0 0.9294117647058824 0.07058823529411765 0.0 0.7294117647058823 1087.3366438060877 20.448839835077944 90
0.9320987654320988 0.06172839506172839 0.006172839506172839 0.9299363057324841 0.06369426751592357 0.006369426751592357 0.8980891719745223 1082.2699698692197 18.389175955681168 162
0.9652173913043478 0.034782608695652174 0.0 0.9636363636363636 0.03636363636363636 0.0 0.7272727272727273 1087.3820470207265 19.584886789817784 115
0.9574468085106383 0.0425531914893617 0.0 0.9632352941176471 0.03676470588235294 0.0 0.8970588235294118 1084.441356549659 19.866537314385827 141
0.9939759036144579 0.006024096385542169 0.0 0.9937888198757764 0.006211180124223602 0.0 0.7763975155279503 1078.37455117502 18.565709157510646 166
0.991304347826087 0.008695652173913044 0.0 0.990909090909091 0.00909090909090909 0.0 0.7909090909090909 1086.345458168574 20.244443924084948 115
0.9457364341085271 0.05426356589147287 0.0 0.9435483870967742 0.056451612903225805 0.0 0.6693548387096774 1059.5716372986271 19.62472530902831 129
0.9366197183098591 0.06338028169014084 0.0 0.9343065693430657 0.06569343065693431 0.0 0.9781021897810219 1022.5013502724142 18.961788558603082 142
0.9856115107913669 0.014388489208633094 0.0 0.9850746268656716 0.014925373134328358 0.0 0.8731343283582089 1076.3146706534133 18.404499736090283 139
1.0 0.0 0.0 1.0 0.0 0.0 0.9932885906040269 1069.3768813614047 18.35911660743613 154
0.96 0.04 0.0 0.9578947368421052 0.042105263157894736 0.0 0.6947368421052632 1065.5022589463235 20.323568847812158 100
0.9230769230769231 0.07692307692307693 0.0 0.9191919191919192 0.08080808080808081 0.0 0.9191919191919192 1076.476307329094 20.867925785189463 104
0.8767123287671232 0.1232876712328767 0.0 0.8723404255319149 0.1276595744680851 0.0 0.6666666666666666 1074.8336691783736 19.59371696286665 146
0.961038961038961 0.03896103896103896 0.0 0.959731543624161 0.040268456375838924 0.0 0.9060402684563759 1071.105663856762 19.745357537666546 154
0.9351851851851852 0.06481481481481481 0.0 0.9320388349514563 0.06796116504854369 0.0 0.8737864077669902 1085.094326448031 21.198154760314633 108
0.9926470588235294 0.007352941176470588 0.0 0.9923664122137404 0.007633587786259542 0.0 0.916030534351145 1084.0968611563894 20.069468025329755 136
0.9181818181818182 0.08181818181818182 0.0 0.9142857142857143 0.08571428571428572 0.0 0.8761904761904762 1064.1407144371935 21.789859068794982 110
0.9378531073446328 0.062146892655367235 0.0 0.936046511627907 0.06395348837209303 0.0 0.8953488372093024 1087.3901428656327 18.197878232855068 177
0.9802631578947368 0.019736842105263157 0.0 0.9795918367346939 0.02040816326530612 0.0 0.7755102040816326 1086.5700491685088 18.549133228739723 152
0.91 0.09 0.0 0.9052631578947369 0.09473684210526316 0.0 0.5789473684210527 1063.8070363161448 20.577277534125464 100
0.9615384615384616 0.038461538461538464 0.0 0.96 0.04 0.0 0.88 1078.2343232538535 18.011900132236345 130
0.9944444444444445 0.005555555555555556 0.0 0.9942857142857143 0.005714285714285714 0.0 0.76 1059.7236083615057 18.268286694265214 180
0.9448275862068966 0.05517241379310345 0.0 0.9428571428571428 0.05714285714285714 0.0 0.9785714285714285 1018.262465637345 19.770793684149048 145
0.9541284403669725 0.045871559633027525 0.0 0.9519230769230769 0.04807692307692308 0.0 0.9230769230769231 1082.3400480835894 21.000064029184443 109
0.9724770642201835 0.027522935779816515 0.0 0.9807692307692307 0.019230769230769232 0.0 0.7115384615384616 1073.5496820491335 19.66074497400637 109
0.9827586206896551 0.017241379310344827 0.0 0.9819819819819819 0.018018018018018018 0.0 0.963963963963964 1051.7193292576274 22.09513340782227 116
0.967741935483871 0.03225806451612903 0.0 0.9659090909090909 0.03409090909090909 0.0 0.8636363636363636 1021.4574682475309 19.978882267220275 93
0.9245283018867925 0.07075471698113207 0.0047169811320754715 0.9227053140096618 0.07246376811594203 0.004830917874396135 0.5314009661835749 1087.492807033111 17.364349970878706 212
0.92 0.08 0.0 0.9310344827586207 0.06896551724137931 0.0 0.7103448275862069 1087.3559132898747 18.781639659172832 150
0.9590163934426229 0.040983606557377046 0.0 0.9572649572649573 0.042735042735042736 0.0 0.8376068376068376 1056.9317080876392 19.80305304339221 122
0.9779411764705882 0.022058823529411766 0.0 0.9770992366412213 0.022900763358778626 0.0 0.9770992366412213 1078.559386145593 19.00268788220991 136
1.0 0.0 0.0 1.0 0.0 0.0 0.9017857142857143 1086.3807877176612 20.97841117849295 117
0.9829059829059829 0.017094017094017096 0.0 0.9821428571428571 0.017857142857142856 0.0 0.8482142857142857 1087.3880700292123 19.92941060160621 117
0.990909090909091 0.00909090909090909 0.0 0.9904761904761905 0.009523809523809525 0.0 0.9904761904761905 1083.0477267775418 20.144201857378214 110
0.9354838709677419 0.06451612903225806 0.0 0.9411764705882353 0.058823529411764705 0.0 0.8151260504201681 1084.071894931834 21.142765325493688 124
0.9905660377358491 0.009433962264150943 0.0 0.9900990099009901 0.009900990099009901 0.0 0.8118811881188119 1075.479426746145 21.269347509281495 106
0.9727891156462585 0.027210884353741496 0.0 0.971830985915493 0.028169014084507043 0.0 0.8591549295774648 1070.171360404821 18.363217620024628 147
0.9328358208955224 0.06716417910447761 0.0 0.9302325581395349 0.06976744186046512 0.0 0.7131782945736435 1087.243877871361 19.269676027747963 134
0.8769230769230769 0.12307692307692308 0.0 0.88 0.12 0.0 1.0 1077.217520141713 19.155162462006178 130
0.8848920863309353 0.11510791366906475 0.0 0.8805970149253731 0.11940298507462686 0.0 0.746268656716418 1087.2593356332525 19.349060590439404 139
0.968503937007874 0.031496062992125984 0.0 0.9672131147540983 0.03278688524590164 0.0 0.7131147540983607 1080.718630897336 20.23272951974833 127
0.9298245614035088 0.07017543859649122 0.0 0.926605504587156 0.07339449541284404 0.0 0.7339449541284404 1062.5716091983934 19.385850158237098 114
0.9575757575757575 0.04242424242424243 0.0 0.95625 0.04375 0.0 0.73125 1087.1945474641448 17.78504519282391 165
0.9137931034482759 0.08620689655172414 0.0 0.9099099099099099 0.09009009009009009 0.0 0.7657657657657657 1087.4029438837083 19.981600768184297 116
0.9801980198019802 0.019801980198019802 0.0 0.9791666666666666 0.020833333333333332 0.0 1.0 1063.437820824457 22.27138329298396 101
0.940677966101695 0.059322033898305086 0.0 0.9469026548672567 0.05309734513274336 0.0 0.7964601769911505 1031.4253137715186 21.0024033944428 118
0.9595959595959596 0.04040404040404041 0.0 0.9574468085106383 0.0425531914893617 0.0 0.8191489361702128 1080.1970946842678 23.046998816416725 99
0.9615384615384616 0.038461538461538464 0.0 0.9595959595959596 0.04040404040404041 0.0 0.8383838383838383 1084.2858891574206 21.887612083354142 104
0.96 0.04 0.0 0.9586206896551724 0.041379310344827586 0.0 0.8 1087.2360189015383 19.268182596633142 150
0.9927007299270073 0.0072992700729927005 0.0 0.9924242424242424 0.007575757575757576 0.0 0.9924242424242424 1069.0831684724499 19.209453326391024 137
0.972972972972973 0.02702702702702703 0.0 0.9716981132075472 0.02830188679245283 0.0 0.8207547169811321 1080.2894995643921 20.99788812034453 111
0.9774436090225563 0.022556390977443608 0.0 0.9765625 0.0234375 0.0 0.875 1070.3135836550753 20.395756180064264 133
0.9705882352941176 0.029411764705882353 0.0 0.9694656488549618 0.030534351145038167 0.0 0.6106870229007634 1050.6678559408388 19.588155916834555 136
0.9512195121951219 0.04878048780487805 0.0 0.9491525423728814 0.05084745762711865 0.0 0.9067796610169492 1036.975287327403 19.81923038563583 123
0.9337349397590361 0.06626506024096386 0.0 0.937888198757764 0.062111801242236024 0.0 0.7453416149068323 1087.4077556628854 18.79621373837536 166
0.9791666666666666 0.020833333333333332 0.0 0.978021978021978 0.02197802197802198 0.0 0.7802197802197802 1014.9294221049581 20.350394347183116 96
0.9411764705882353 0.058823529411764705 0.0 0.9385964912280702 0.06140350877192982 0.0 0.8245614035087719 1073.353517624639 20.46460546851251 119
0.9216867469879518 0.0783132530120482 0.0 0.9192546583850931 0.08074534161490683 0.0 0.9254658385093167 992.5408717001759 17.44696323148046 166
0.9692307692307692 0.03076923076923077 0.0 0.968 0.032 0.0 0.648 1087.3818120817923 19.844912108474123 130
0.9238095238095239 0.0761904761904762 0.0 0.92 0.08 0.0 0.78 1087.2948418028216 18.87356563913484 105
0.9791666666666666 0.020833333333333332 0.0 0.978021978021978 0.02197802197802198 0.0 0.7362637362637363 1087.1500230474837 19.46091421331047 96
0.8828828828828829 0.11711711711711711 0.0 0.8867924528301887 0.11320754716981132 0.0 0.9811320754716981 1086.323525333242 20.59166854985212 111
0.96875 0.03125 0.0 0.967479674796748 0.032520325203252036 0.0 0.8699186991869918 1026.762865052109 18.505820707598616 128
0.9790209790209791 0.02097902097902098 0.0 0.9782608695652174 0.021739130434782608 0.0 0.9927536231884058 1016.8368496126053 17.659546829561023 143
0.9465648854961832 0.05343511450381679 0.0 0.9444444444444444 0.05555555555555555 0.0 0.7698412698412699 1085.988366029902 21.320055310303935 131
0.9452054794520548 0.0547945205479452 0.0 0.950354609929078 0.04964539007092199 0.0 0.6170212765957447 1034.4215540724601 18.564094535146634 146
0.8484848484848485 0.15151515151515152 0.0 0.8582677165354331 0.14173228346456693 0.0 0.7952755905511811 1087.271266943673 18.525872800761643 132
1.0 0.0 0.0 1.0 0.0 0.0 0.7966101694915254 1083.178503377437 20.079103080576797 123
0.954954954954955 0.04504504504504504 0.0 0.9528301886792453 0.04716981132075472 0.0 0.8207547169811321 1068.0054963986477 20.853831998100056 111
0.9714285714285714 0.02857142857142857 0.0 0.9703703703703703 0.02962962962962963 0.0 0.9555555555555556 1084.5827320280744 19.388230207881282 140
0.9545454545454546 0.045454545454545456 0.0 0.952755905511811 0.047244094488188976 0.0 0.8188976377952756 1080.9721969496227 21.216332818970702 132
0.9435483870967742 0.056451612903225805 0.0 0.9411764705882353 0.058823529411764705 0.0 0.8739495798319328 1069.9532158054417 20.5926166461982 124
0.9541984732824428 0.04580152671755725 0.0 0.9523809523809523 0.047619047619047616 0.0 0.9206349206349206 1085.0664793794283 21.100855019150234 131
0.968 0.032 0.0 0.9666666666666667 0.03333333333333333 0.0 0.8 1048.5770952572348 19.09078798057507 125
1.0 0.0 0.0 1.0 0.0 0.0 0.7525773195876289 1068.7495274519072 21.726711531147266 102
0.9852941176470589 0.014705882352941176 0.0 0.9847328244274809 0.015267175572519083 0.0 0.8244274809160306 1049.2013715668302 19.025918403413858 136
0.9854014598540146 0.014598540145985401 0.0 0.9848484848484849 0.015151515151515152 0.0 0.8106060606060606 1084.613474368325 18.899408620499415 137
0.9538461538461539 0.046153846153846156 0.0 0.952 0.048 0.0 0.736 1087.3134004411004 19.26464991557849 130
0.9624060150375939 0.03759398496240601 0.0 0.9609375 0.0390625 0.0 0.8515625 1072.6223913023748 19.719717272181967 133
1.0 0.0 0.0 1.0 0.0 0.0 0.7857142857142857 1078.3953710472558 20.302123729135182 117
0.8939393939393939 0.10606060606060606 0.0 0.889763779527559 0.11023622047244094 0.0 0.8661417322834646 1014.3633876427996 17.63709455077914 132
0.9855072463768116 0.014492753623188406 0.0 0.9849624060150376 0.015037593984962405 0.0 0.849624060150376 1087.4622565138907 18.350457164868967 138
0.99 0.01 0.0 0.9894736842105263 0.010526315789473684 0.0 0.9578947368421052 1057.403695658821 20.778059139891262 100
0.9340659340659341 0.06593406593406594 0.0 0.9302325581395349 0.06976744186046512 0.0 0.6976744186046512 1074.3355838699563 19.355316217719505 91
0.8695652173913043 0.13043478260869565 0.0 0.8636363636363636 0.13636363636363635 0.0 0.6909090909090909 1082.9764950924816 20.299577328068143 115
0.9154929577464789 0.08450704225352113 0.0 0.9124087591240876 0.08759124087591241 0.0 0.6423357664233577 1087.467902312598 17.934843168113254 142
0.96875 0.03125 0.0 0.967032967032967 0.03296703296703297 0.0 0.945054945054945 1070.2970123694943 22.02682310862357 96
0.9723756906077348 0.027624309392265192 0.0 0.9715909090909091 0.028409090909090908 0.0 0.6988636363636364 1086.4266173735987 17.995501789715085 181
0.9640287769784173 0.03597122302158273 0.0 0.9626865671641791 0.03731343283582089 0.0 0.6865671641791045 1087.2221914227684 19.551183087544445 139
0.9577464788732394 0.04225352112676056 0.0 0.9562043795620438 0.043795620437956206 0.0 0.8613138686131386 1074.5220020604106 21.222643974039862 142
0.9565217391304348 0.043478260869565216 0.0 0.9540229885057471 0.04597701149425287 0.0 0.9195402298850575 1019.7640942988442 21.483215322788965 92
1.0 0.0 0.0 1.0 0.0 0.0 1.0 1055.565567729369 22.5879518359784 81
0.8596491228070176 0.09649122807017543 0.043859649122807015 0.8623853211009175 0.09174311926605505 0.045871559633027525 0.7981651376146789 1055.9790982932718 19.196786406943016 114
0.9919354838709677 0.008064516129032258 0.0 0.9915966386554622 0.008403361344537815 0.0 0.8571428571428571 995.3875453438822 20.33574757632242 124
0.8770491803278688 0.11475409836065574 0.00819672131147541 0.8717948717948718 0.11965811965811966 0.008547008547008548 0.8547008547008547 1080.2784954609572 19.16727729378428 122
0.9523809523809523 0.047619047619047616 0.0 0.950920245398773 0.049079754601226995 0.0 0.7668711656441718 1079.3334580082494 18.07294332398092 168
0.92 0.08 0.0 0.9166666666666666 0.08333333333333333 0.0 0.7916666666666666 1083.5872576835934 19.474943072016835 125
0.9862068965517241 0.013793103448275862 0.0 0.9857142857142858 0.014285714285714285 0.0 0.0 1065.22243313237 18.21680033730794 145
0.9278350515463918 0.07216494845360824 0.0 0.9239130434782609 0.07608695652173914 0.0 0.8913043478260869 1043.5747595880807 21.617417938365893 97
0.9693251533742331 0.03067484662576687 0.0 0.9683544303797469 0.03164556962025317 0.0 0.7215189873417721 1087.4649885134784 18.859298856225625 163
0.989247311827957 0.010752688172043012 0.0 0.9886363636363636 0.011363636363636364 0.0 0.7727272727272727 1068.9214432158014 20.366111778207486 93
0.9741379310344828 0.02586206896551724 0.0 0.972972972972973 0.02702702702702703 0.0 0.8288288288288288 1068.9372163959683 20.549368339742536 116
0.9916666666666667 0.008333333333333333 0.0 0.991304347826087 0.008695652173913044 0.0 0.7913043478260869 1068.9143553224787 20.251589243995063 120
0.9797979797979798 0.020202020202020204 0.0 0.9787234042553191 0.02127659574468085 0.0 0.8617021276595744 1058.9137841595473 20.448541625310956 99
0.8677685950413223 0.1322314049586777 0.0 0.8620689655172413 0.13793103448275862 0.0 0.8275862068965517 1080.8287095308926 20.086160599364785 121
0.9736842105263158 0.02631578947368421 0.0 0.9724770642201835 0.027522935779816515 0.0 0.8715596330275229 1086.7621137867864 20.295125592004847 114
0.9621212121212122 0.03787878787878788 0.0 0.9606299212598425 0.03937007874015748 0.0 0.937007874015748 1081.6118926056786 20.511528204341584 132
0.9933774834437086 0.006622516556291391 0.0 0.9931506849315068 0.00684931506849315 0.0 0.7534246575342466 1077.0304066395722 18.98736504836552 151
0.8951612903225806 0.10483870967741936 0.0 0.8991596638655462 0.10084033613445378 0.0 0.957983193277311 1071.7865807441663 19.24015859144022 124
0.99 0.01 0.0 0.9897435897435898 0.010256410256410256 0.0 0.6717948717948717 1085.6871133955265 18.070638114748437 200
0.9736842105263158 0.02631578947368421 0.0 0.9727891156462585 0.027210884353741496 0.0 0.7891156462585034 1087.311300781374 18.579934864102793 152
0.8767123287671232 0.1232876712328767 0.0 0.8723404255319149 0.1276595744680851 0.0 0.8156028368794326 1069.093487697239 17.60924742026179 146
0.9448275862068966 0.05517241379310345 0.0 0.9428571428571428 0.05714285714285714 0.0 0.7642857142857142 1044.2355421067612 19.46192760191081 145
0.708029197080292 0.1897810218978102 0.10218978102189781 0.696969696969697 0.19696969696969696 0.10606060606060606 1.0 1080.857506322892 19.543331848746817 137
0.9453125 0.0546875 0.0 0.943089430894309 0.056910569105691054 0.0 0.8699186991869918 1045.2067266978959 18.31391321723147 128
0.9178082191780822 0.0821917808219178 0.0 0.9148936170212766 0.0851063829787234 0.0 0.0070921985815602835 939.1346270028457 18.006340739201367 146
1.0 0.0 0.0 1.0 0.0 0.0 0.900990099009901 1016.574348753857 19.48211758180696 106
0.9629629629629629 0.037037037037037035 0.0 0.9681528662420382 0.03184713375796178 0.0 0.8089171974522293 1087.4610475062798 18.530494235915146 162
0.9733333333333334 0.02666666666666667 0.0 0.9793103448275862 0.020689655172413793 0.0 0.6482758620689655 1082.196195949168 18.58837688156239 150
0.9618320610687023 0.03816793893129771 0.0 0.9603174603174603 0.03968253968253968 0.0 0.8571428571428571 1087.4300309331056 19.603084336777485 131
0.972972972972973 0.02702702702702703 0.0 0.9716981132075472 0.02830188679245283 0.0 0.8113207547169812 1068.046138579892 19.53373162479895 111
0.9622641509433962 0.03773584905660377 0.0 0.9603960396039604 0.039603960396039604 0.0 0.9306930693069307 1086.4430117803595 20.99341075533857 106
0.9895833333333334 0.010416666666666666 0.0 0.989010989010989 0.01098901098901099 0.0 0.8901098901098901 1059.2632230604324 22.207768828282138 96
0.994535519125683 0.00546448087431694 0.0 0.9943820224719101 0.0056179775280898875 0.0 0.7191011235955056 1086.9048002514996 17.30411425214915 183
0.9570552147239264 0.04294478527607362 0.0 0.9556962025316456 0.04430379746835443 0.0 0.8734177215189873 968.7790480903956 18.505478478974105 163
0.9 0.09230769230769231 0.007692307692307693 0.896 0.096 0.008 0.68 1086.3980588729835 19.967907636120223 130
0.9901960784313726 0.00980392156862745 0.0 0.9896907216494846 0.010309278350515464 0.0 0.9896907216494846 1064.4975055335099 21.97267001678808 102
0.9847328244274809 0.015267175572519083 0.0 0.9841269841269841 0.015873015873015872 0.0 0.8650793650793651 1052.6051325738827 20.451997669858653 131
0.9504950495049505 0.04950495049504951 0.0 0.9479166666666666 0.052083333333333336 0.0 0.9895833333333334 1070.7516838207384 23.06036096896257 101
0.958041958041958 0.04195804195804196 0.0 0.9565217391304348 0.043478260869565216 0.0 0.6811594202898551 1075.7760101556512 18.56074105719626 143
0.9391891891891891 0.060810810810810814 0.0 0.9370629370629371 0.06293706293706294 0.0 0.7832167832167832 1074.5167166541482 20.53817293313888 148
0.9294871794871795 0.07051282051282051 0.0 0.9271523178807947 0.0728476821192053 0.0 0.7483443708609272 1085.7705330427073 19.353154325444024 156
0.8909090909090909 0.10909090909090909 0.0 0.8857142857142857 0.11428571428571428 0.0 0.7142857142857143 1072.2847722720371 20.392304315316743 110
1.0 0.0 0.0 1.0 0.0 0.0 0.0 1036.5940475694185 18.046862308264323 157
0.9328358208955224 0.06716417910447761 0.0 0.937984496124031 0.06201550387596899 0.0 0.7441860465116279 1087.145284847974 19.347349173763327 134
0.9683544303797469 0.03164556962025317 0.0 0.9673202614379085 0.032679738562091505 0.0 0.7320261437908496 1087.3975145511135 17.995686651132193 158
0.9504950495049505 0.04950495049504951 0.0 0.9479166666666666 0.052083333333333336 0.0 0.8020833333333334 1087.2922503707675 20.408283267376355 101
0.9383561643835616 0.06164383561643835 0.0 0.9432624113475178 0.05673758865248227 0.0 0.7588652482269503 1087.4318787995196 19.236306454222838 146
0.9830508474576272 0.01694915254237288 0.0 0.9823008849557522 0.017699115044247787 0.0 0.9292035398230089 1044.829685305367 19.372022467116306 118
0.9477611940298507 0.05223880597014925 0.0 0.9457364341085271 0.05426356589147287 0.0 0.8914728682170543 988.5980845791498 18.123519094539212 134
0.9485294117647058 0.051470588235294115 0.0 0.9541984732824428 0.04580152671755725 0.0 0.6870229007633588 1087.47969649101 18.901160390648045 136
0.9798657718120806 0.020134228187919462 0.0 0.9791666666666666 0.020833333333333332 0.0 0.8402777777777778 977.6980136841689 19.5237750272174 149
0.9508196721311475 0.04918032786885246 0.0 0.9487179487179487 0.05128205128205128 0.0 0.7264957264957265 1068.640148035732 18.743986503869202 122
0.9419354838709677 0.05806451612903226 0.0 0.94 0.06 0.0 0.66 1087.4150606253088 18.760138407624144 155
0.9745762711864406 0.025423728813559324 0.0 0.9734513274336283 0.02654867256637168 0.0 0.8761061946902655 1034.6415460084072 18.7257869317888 118
1.0 0.0 0.0 1.0 0.0 0.0 0.7526881720430108 1065.3231590922828 21.784655393371317 98
0.9562043795620438 0.043795620437956206 0.0 0.9545454545454546 0.045454545454545456 0.0 0.8712121212121212 1084.123964758297 19.242014976531756 137
1.0 0.0 0.0 1.0 0.0 0.0 0.7452830188679245 1038.3692247725264 21.75075371074702 111
0.9770992366412213 0.022900763358778626 0.0 0.9761904761904762 0.023809523809523808 0.0 0.7857142857142857 1050.181513118733 19.52063851479386 131
0.9834710743801653 0.01652892561983471 0.0 0.9827586206896551 0.017241379310344827 0.0 0.75 1045.7671114086777 20.43151986410954 121
0.9174311926605505 0.08256880733944955 0.0 0.9134615384615384 0.08653846153846154 0.0 0.7307692307692307 1087.4803662356753 19.164245409202618 109
0.9526627218934911 0.047337278106508875 0.0 0.9512195121951219 0.04878048780487805 0.0 0.8414634146341463 1035.9201011277519 18.61073806175901 169
0.946969696969697 0.05303030303030303 0.0 0.9448818897637795 0.05511811023622047 0.0 0.8188976377952756 1077.6052632336955 19.369423594260233 132
0.9635036496350365 0.0364963503649635 0.0 0.9621212121212122 0.03787878787878788 0.0 0.7954545454545454 1087.4673089207945 19.59029206858909 137
0.941747572815534 0.05825242718446602 0.0 0.9387755102040817 0.061224489795918366 0.0 1.0 1080.082190374071 21.083529270020147 103
0.9150943396226415 0.08490566037735849 0.0 0.9108910891089109 0.0891089108910891 0.0 0.6633663366336634 1087.326223206794 20.128952140385515 106
0.972972972972973 0.02702702702702703 0.0 0.972027972027972 0.027972027972027972 0.0 0.6993006993006993 1017.0108697648803 18.58125730164509 148
0.9432989690721649 0.05670103092783505 0.0 0.9417989417989417 0.0582010582010582 0.0 0.6825396825396826 1079.4099361936085 18.12781000342836 194
0.9921259842519685 0.007874015748031496 0.0 0.9918032786885246 0.00819672131147541 0.0 0.8278688524590164 1087.1197759423574 19.549937762694462 127
0.8895348837209303 0.10465116279069768 0.005813953488372093 0.8862275449101796 0.10778443113772455 0.005988023952095809 0.9940119760479041 1072.5071576206637 17.950340222416386 172
0.9206349206349206 0.07936507936507936 0.0 0.9173553719008265 0.08264462809917356 0.0 0.9256198347107438 1087.3468874610464 19.81344437597496 126
0.981651376146789 0.01834862385321101 0.0 0.9807692307692307 0.019230769230769232 0.0 0.8846153846153846 1086.9534404546212 21.005283872507484 109
0.9513888888888888 0.04861111111111111 0.0 0.9568345323741008 0.04316546762589928 0.0 0.762589928057554 1086.3095163836447 19.35431589223529 144
0.9642857142857143 0.03571428571428571 0.0 0.9629629629629629 0.037037037037037035 0.0 0.8222222222222222 1075.3953545091113 19.380882137084967 140
0.9714285714285714 0.02857142857142857 0.0 0.97 0.03 0.0 0.78 1073.3988180735698 19.99551424933005 105
0.8321167883211679 0.1678832116788321 0.0 0.8333333333333334 0.16666666666666666 0.0 0.7121212121212122 1087.4579996069785 18.5326644532486 137
0.9393939393939394 0.06060606060606061 0.0 0.9361702127659575 0.06382978723404255 0.0 1.0 1027.6378992363516 22.802381285588112 99
0.8467741935483871 0.13709677419354838 0.016129032258064516 0.8487394957983193 0.13445378151260504 0.01680672268907563 0.6890756302521008 1087.2755482789412 19.271718795464853 124
0.921875 0.078125 0.0 0.926829268292683 0.07317073170731707 0.0 0.8130081300813008 1087.3772703297195 20.561564397973918 128
0.9703703703703703 0.02962962962962963 0.0 0.9692307692307692 0.03076923076923077 0.0 0.8538461538461538 1070.7977796533728 19.717823430811837 135
0.9734513274336283 0.02654867256637168 0.0 0.9722222222222222 0.027777777777777776 0.0 0.7222222222222222 1080.0567010298566 19.702507548299955 113
0.9591836734693877 0.04081632653061224 0.0 0.9577464788732394 0.04225352112676056 0.0 0.8169014084507042 1087.4306832904144 17.761371691057978 147
0.9702970297029703 0.0297029702970297 0.0 0.96875 0.03125 0.0 0.6770833333333334 1082.9727521883303 20.79658170098461 101
0.9794520547945206 0.02054794520547945 0.0 0.9787234042553191 0.02127659574468085 0.0 0.7304964539007093 1072.2843693410614 20.07548440343825 146
0.9411764705882353 0.058823529411764705 0.0 0.9473684210526315 0.05263157894736842 0.0 0.7105263157894737 1087.2965351703772 20.05739089945345 119
0.8455882352941176 0.1323529411764706 0.022058823529411766 0.8396946564885496 0.13740458015267176 0.022900763358778626 0.6870229007633588 1087.3507868161462 19.427716436599997 136
0.9708029197080292 0.029197080291970802 0.0 0.9696969696969697 0.030303030303030304 0.0 0.8181818181818182 1086.935201104553 19.557415999756557 137
0.8970588235294118 0.10294117647058823 0.0 0.8931297709923665 0.10687022900763359 0.0 0.9541984732824428 1002.3382099238139 18.806590928509483 136
0.9637681159420289 0.036231884057971016 0.0 0.9624060150375939 0.03759398496240601 0.0 0.706766917293233 1086.4786381836889 19.29545790335445 138
0.9596774193548387 0.04032258064516129 0.0 0.957983193277311 0.04201680672268908 0.0 0.8571428571428571 1087.4292670724233 19.33057654198949 124
0.9407407407407408 0.05925925925925926 0.0 0.9384615384615385 0.06153846153846154 0.0 0.9769230769230769 1078.8900765621488 20.30530225798483 135
0.9484536082474226 0.05154639175257732 0.0 0.9456521739130435 0.05434782608695652 0.0 0.9565217391304348 1085.4048315211728 21.15810100782133 97
0.9158878504672897 0.08411214953271028 0.0 0.9117647058823529 0.08823529411764706 0.0 0.7843137254901961 1055.5124344473902 20.367918203114577 107
0.9896907216494846 0.010309278350515464 0.0 0.9891304347826086 0.010869565217391304 0.0 0.9891304347826086 1067.5891300083474 20.469329099214413 97
0.961038961038961 0.03896103896103896 0.0 0.959731543624161 0.040268456375838924 0.0 0.738255033557047 1066.3768448250528 19.074128829799765 154
0.9054054054054054 0.0945945945945946 0.0 0.9020979020979021 0.0979020979020979 0.0 0.8531468531468531 1085.1126199137834 18.133557892954368 148
0.9519230769230769 0.04807692307692308 0.0 0.9494949494949495 0.050505050505050504 0.0 0.8787878787878788 1047.559494174964 21.265745666726442 104
0.9646017699115044 0.035398230088495575 0.0 0.9629629629629629 0.037037037037037035 0.0 0.46296296296296297 1047.3674311734892 19.89381580535289 113
0.971830985915493 0.028169014084507043 0.0 0.9708029197080292 0.029197080291970802 0.0 0.8686131386861314 1033.9649348411833 19.19343189537437 142
0.9478260869565217 0.05217391304347826 0.0 0.9454545454545454 0.05454545454545454 0.0 0.7 1085.8295513513094 20.925694689231033 115
0.9739130434782609 0.02608695652173913 0.0 0.9727272727272728 0.02727272727272727 0.0 0.7 1056.1246836594037 19.74378246931647 115
0.9787234042553191 0.02127659574468085 0.0 0.9779411764705882 0.022058823529411766 0.0 0.8161764705882353 1012.3227101501953 18.58485704462305 141
0.9349593495934959 0.06504065040650407 0.0 0.9322033898305084 0.06779661016949153 0.0 0.711864406779661 1087.4183076635263 19.85383719728476 123
0.9490445859872612 0.050955414012738856 0.0 0.9473684210526315 0.05263157894736842 0.0 0.7368421052631579 1087.4495105991125 18.205828974589764 157
0.9741379310344828 0.02586206896551724 0.0 0.972972972972973 0.02702702702702703 0.0 0.5225225225225225 1080.4619701348104 19.60919563402797 116
0.9758064516129032 0.024193548387096774 0.0 0.9747899159663865 0.025210084033613446 0.0 0.9747899159663865 1063.0105453241877 20.895402011073106 124
0.9532710280373832 0.04672897196261682 0.0 0.9509803921568627 0.049019607843137254 0.0 0.7745098039215687 1043.8680812219302 20.18466261961051 107
0.9787234042553191 0.02127659574468085 0.0 0.9775280898876404 0.02247191011235955 0.0 0.8651685393258427 1068.6384545623039 20.531302919630644 94
0.9343065693430657 0.06569343065693431 0.0 0.9318181818181818 0.06818181818181818 0.0 0.7196969696969697 1087.368711189692 20.016803645547977 137
0.9280575539568345 0.06474820143884892 0.007194244604316547 0.9328358208955224 0.05970149253731343 0.007462686567164179 0.9701492537313433 1070.8538997267417 19.892614660010466 139
0.9734513274336283 0.02654867256637168 0.0 0.9722222222222222 0.027777777777777776 0.0 0.9259259259259259 1065.530996000306 21.410254216243864 113
0.9689922480620154 0.031007751937984496 0.0 0.967741935483871 0.03225806451612903 0.0 0.7903225806451613 1087.3193910298796 18.754988676790337 129
0.9636363636363636 0.03636363636363636 0.0 0.9619047619047619 0.0380952380952381 0.0 0.8380952380952381 1058.5363169419666 20.78216405525392 110
0.9496402877697842 0.050359712230215826 0.0 0.9477611940298507 0.05223880597014925 0.0 0.7835820895522388 1087.3452819289357 19.610380864427377 139
0.9537037037037037 0.046296296296296294 0.0 0.9514563106796117 0.04854368932038835 0.0 0.8640776699029126 1081.7873670300298 20.75532964536753 108
0.9741379310344828 0.02586206896551724 0.0 0.972972972972973 0.02702702702702703 0.0 0.7117117117117117 1086.4448339647713 19.34629981523579 116
0.991304347826087 0.008695652173913044 0.0 0.990909090909091 0.00909090909090909 0.0 0.6818181818181818 971.6723203038134 18.74077903760362 115
1.0 0.0 0.0 1.0 0.0 0.0 1.0 1022.5197313763828 23.859333052010363 75
0.9854014598540146 0.014598540145985401 0.0 0.9848484848484849 0.015151515151515152 0.0 0.8787878787878788 1082.806837426512 20.046144211770777 137
0.940677966101695 0.059322033898305086 0.0 0.9380530973451328 0.061946902654867256 0.0 0.8584070796460177 1052.6366958276326 19.732101447611516 118
0.936 0.064 0.0 0.9333333333333333 0.06666666666666667 0.0 0.825 1082.4843009857777 20.15172643271548 125
0.9657534246575342 0.03424657534246575 0.0 0.9645390070921985 0.03546099290780142 0.0 0.8297872340425532 1087.424586002778 18.633946489061994 146
0.9453125 0.0546875 0.0 0.943089430894309 0.056910569105691054 0.0 0.9024390243902439 1078.890798484748 20.468003137918032 128
0.971830985915493 0.028169014084507043 0.0 0.9708029197080292 0.029197080291970802 0.0 0.8248175182481752 1086.706102911321 19.547145071465934 142
0.9726027397260274 0.0273972602739726 0.0 0.9716312056737588 0.028368794326241134 0.0 0.8581560283687943 1071.9844011929536 18.25619524037803 146
0.925 0.075 0.0 0.9217391304347826 0.0782608695652174 0.0 0.782608695652174 978.8326371426338 19.929802166446606 120
0.943089430894309 0.056910569105691054 0.0 0.9491525423728814 0.05084745762711865 0.0 0.8135593220338984 1077.5517716611062 19.125811192687678 123
1.0 0.0 0.0 1.0 0.0 0.0 0.8860759493670886 1054.3970007575963 21.904122376255877 84
0.958904109589041 0.0410958904109589 0.0 0.9574468085106383 0.0425531914893617 0.0 0.8156028368794326 1087.2442656899395 18.915585729880682 146
0.9291338582677166 0.07086614173228346 0.0 0.9262295081967213 0.07377049180327869 0.0 0.7295081967213115 1055.9366447272039 20.17123175794085 127
0.847457627118644 0.15254237288135594 0.0 0.8488372093023255 0.1511627906976744 0.0 0.6976744186046512 1061.9892560387204 18.933762273916965 177
0.9785714285714285 0.02142857142857143 0.0 0.9777777777777777 0.022222222222222223 0.0 0.6370370370370371 1054.6202359431818 19.85727331053751 140
1.0 0.0 0.0 1.0 0.0 0.0 0.8 1057.5296575442915 21.456617820066693 85
0.8908045977011494 0.10344827586206896 0.005747126436781609 0.893491124260355 0.10059171597633136 0.005917159763313609 0.8816568047337278 1087.3692783827996 18.17110116572497 174
0.9939393939393939 0.006060606060606061 0.0 0.99375 0.00625 0.0 0.0875 1007.834759550514 18.449888141546758 165
0.9711538461538461 0.028846153846153848 0.0 0.9696969696969697 0.030303030303030304 0.0 0.797979797979798 1062.3932722683146 20.46000807290971 104
0.9818181818181818 0.01818181818181818 0.0 0.9809523809523809 0.01904761904761905 0.0 0.7619047619047619 1065.0789423879287 21.30318792564925 110
0.937007874015748 0.06299212598425197 0.0 0.9344262295081968 0.06557377049180328 0.0 0.9180327868852459 1061.7488847559277 19.619945721325383 127
0.9090909090909091 0.08181818181818182 0.00909090909090909 0.9142857142857143 0.0761904761904762 0.009523809523809525 0.8 1087.3496098807723 21.645821142669725 110
0.9545454545454546 0.045454545454545456 0.0 0.9533678756476683 0.046632124352331605 0.0 0.7357512953367875 1086.9049007730805 17.231943765966406 198
0.9516129032258065 0.04838709677419355 0.0 0.9495798319327731 0.05042016806722689 0.0 0.8067226890756303 1083.310028205176 19.712421457246652 124
0.9747899159663865 0.025210084033613446 0.0 0.9736842105263158 0.02631578947368421 0.0 0.8596491228070176 1068.2998726282608 19.756771490953877 119
0.8556701030927835 0.14432989690721648 0.0 0.8518518518518519 0.14814814814814814 0.0 0.5502645502645502 1087.154385788701 16.79196401753203 194
0.981651376146789 0.01834862385321101 0.0 0.9807692307692307 0.019230769230769232 0.0 0.8173076923076923 1023.7516572004447 20.06652670430846 109
1.0 0.0 0.0 1.0 0.0 0.0 0.7698412698412699 1035.1479361679792 19.439111122671886 131
0.9112903225806451 0.08870967741935484 0.0 0.907563025210084 0.09243697478991597 0.0 0.7226890756302521 1087.3221849795984 20.725924340260853 124
0.9772727272727273 0.022727272727272728 0.0 0.984251968503937 0.015748031496062992 0.0 0.6771653543307087 1086.7566502843827 19.497060466154096 132
1.0 0.0 0.0 1.0 0.0 0.0 1.0 1003.8313011580727 24.814252905143892 86
0.926829268292683 0.07317073170731707 0.0 0.923728813559322 0.07627118644067797 0.0 0.7033898305084746 1071.750040014716 18.633751766498307 123
1.0 0.0 0.0 1.0 0.0 0.0 0.7872340425531915 1051.835079417037 20.79616121229558 99
0.9629629629629629 0.037037037037037035 0.0 0.9617834394904459 0.03821656050955414 0.0 0.910828025477707 1086.7911632224316 19.399937714350425 162
0.9863013698630136 0.0136986301369863 0.0 0.9852941176470589 0.014705882352941176 0.0 1.0 1042.2421836617589 21.59598937193055 73
0.9681528662420382 0.03184713375796178 0.0 0.9671052631578947 0.03289473684210526 0.0 0.7763157894736842 1082.4954098108853 18.57479635048902 157
0.9487179487179487 0.038461538461538464 0.01282051282051282 0.9470198675496688 0.039735099337748346 0.013245033112582781 0.8874172185430463 1060.3358840832354 18.63267453822011 156
0.9387755102040817 0.061224489795918366 0.0 0.9354838709677419 0.06451612903225806 0.0 0.8172043010752689 1069.4073567388264 21.68494321417008 98
0.9076923076923077 0.09230769230769231 0.0 0.904 0.096 0.0 0.648 1033.0811055503912 20.00958991773227 130
0.9365079365079365 0.06349206349206349 0.0 0.9338842975206612 0.06611570247933884 0.0 0.6694214876033058 1076.0482062362464 20.61422422344642 126
0.972027972027972 0.027972027972027972 0.0 0.9710144927536232 0.028985507246376812 0.0 0.8260869565217391 1086.7748451992722 18.10307257819288 143
0.9596774193548387 0.04032258064516129 0.0 0.957983193277311 0.04201680672268908 0.0 0.7226890756302521 1069.3245958568518 19.929748118294892 124
0.8888888888888888 0.1111111111111111 0.0 0.8839285714285714 0.11607142857142858 0.0 0.9642857142857143 1074.4834361971357 18.601307139483794 117
0.9583333333333334 0.041666666666666664 0.0 0.9570552147239264 0.04294478527607362 0.0 0.7300613496932515 1084.9134759409958 17.423223531456248 168
0.9115646258503401 0.08843537414965986 0.0 0.9084507042253521 0.09154929577464789 0.0 0.8309859154929577 1062.953686139642 17.46371620822388 147
0.925 0.075 0.0 0.9217391304347826 0.0782608695652174 0.0 0.7565217391304347 1085.9127948561595 21.82858156171076 120
0.95 0.05 0.0 0.9481481481481482 0.05185185185185185 0.0 0.6148148148148148 1087.208898180901 19.513224295001862 140
0.9754098360655737 0.02459016393442623 0.0 0.9743589743589743 0.02564102564102564 0.0 0.7948717948717948 998.471775386657 18.857198006660962 122
0.9596774193548387 0.04032258064516129 0.0 0.957983193277311 0.04201680672268908 0.0 0.7478991596638656 1087.3145745904633 20.93389854702839 124
0.9671052631578947 0.03289473684210526 0.0 0.9659863945578231 0.034013605442176874 0.0 0.8639455782312925 1060.0335926835842 18.93198897628451 152
0.9296875 0.0703125 0.0 0.926829268292683 0.07317073170731707 0.0 0.975609756097561 1079.0622009947233 20.12888554876698 128
0.9456521739130435 0.05434782608695652 0.0 0.9425287356321839 0.05747126436781609 0.0 0.9655172413793104 1081.8114842809832 22.762288067075787 92
0.9782608695652174 0.021739130434782608 0.0 0.9774436090225563 0.022556390977443608 0.0 0.9473684210526315 1080.8285918803115 19.709999670874534 138
0.9509803921568627 0.049019607843137254 0.0 0.9484536082474226 0.05154639175257732 0.0 0.8556701030927835 1047.0814904179106 20.701700912712344 102
0.917910447761194 0.08208955223880597 0.0 0.9147286821705426 0.08527131782945736 0.0 0.007751937984496124 1022.9261411010177 18.530851705166267 134
0.9739130434782609 0.02608695652173913 0.0 0.9818181818181818 0.01818181818181818 0.0 0.7545454545454545 1087.3620809296378 17.95998026741412 115
0.9787234042553191 0.02127659574468085 0.0 0.9775280898876404 0.02247191011235955 0.0 0.7640449438202247 1087.0579617593985 21.387631873891973 94
0.9490445859872612 0.050955414012738856 0.0 0.9473684210526315 0.05263157894736842 0.0 0.006578947368421052 1084.9279156542937 18.75797278813227 157
0.990990990990991 0.009009009009009009 0.0 0.9905660377358491 0.009433962264150943 0.0 0.8962264150943396 1058.9547990103888 20.607024240192136 111
0.943089430894309 0.056910569105691054 0.0 0.940677966101695 0.059322033898305086 0.0 0.8050847457627118 1056.5574365916068 19.2004262323268 123
0.9528301886792453 0.04716981132075472 0.0 0.9504950495049505 0.04950495049504951 0.0 0.8514851485148515 1072.8325626707797 21.483765731228782 106
0.8273809523809523 0.17261904761904762 0.0 0.8220858895705522 0.17791411042944785 0.0 0.006134969325153374 1086.995894665181 17.245008475317128 168
0.975 0.025 0.0 0.9739130434782609 0.02608695652173913 0.0 0.991304347826087 1063.2203444250472 21.060543495394267 120
0.9533333333333334 0.04666666666666667 0.0 0.9586206896551724 0.041379310344827586 0.0 0.8689655172413793 1071.537400451103 17.390457368580435 150
0.9411764705882353 0.058823529411764705 0.0 0.9385964912280702 0.06140350877192982 0.0 0.8157894736842105 1081.3373705072174 19.997875502176374 119
0.8983050847457628 0.1016949152542373 0.0 0.8953488372093024 0.10465116279069768 0.0 0.0 1051.154792360718 17.6138901352043 177
0.937888198757764 0.062111801242236024 0.0 0.9358974358974359 0.0641025641025641 0.0 0.8269230769230769 1036.6954575673458 18.849098962893446 161
0.9147286821705426 0.08527131782945736 0.0 0.9112903225806451 0.08870967741935484 0.0 0.782258064516129 1087.4610395138434 20.16055550685833 129
0.9833333333333333 0.016666666666666666 0.0 0.9826086956521739 0.017391304347826087 0.0 0.8173913043478261 1053.637901059331 20.80055258919472 120
0.952054794520548 0.04794520547945205 0.0 0.950354609929078 0.04964539007092199 0.0 0.7801418439716312 1081.510705634875 19.205039941229213 146
0.968 0.032 0.0 0.9666666666666667 0.03333333333333333 0.0 0.85 1078.995681135209 19.448764495487428 125
0.9379310344827586 0.06206896551724138 0.0 0.9428571428571428 0.05714285714285714 0.0 0.7357142857142858 1086.470871911986 19.3791329847653 145
0.9863945578231292 0.013605442176870748 0.0 0.9859154929577465 0.014084507042253521 0.0 0.7535211267605634 1079.7973099097348 19.0954063334637 147
0.940677966101695 0.059322033898305086 0.0 0.9380530973451328 0.061946902654867256 0.0 0.8495575221238938 1074.1575816774819 19.59206202814809 118
1.0 0.0 0.0 1.0 0.0 0.0 0.9900990099009901 1045.0953400888043 19.797733864650642 106
0.8902439024390244 0.10975609756097561 0.0 0.8867924528301887 0.11320754716981132 0.0 0.7610062893081762 1081.5485069570138 17.04954020423163 164
0.9375 0.0625 0.0 0.9345794392523364 0.06542056074766354 0.0 0.822429906542056 1039.0515193501446 21.030339533089613 112
0.976 0.024 0.0 0.975 0.025 0.0 0.75 1038.9583039975255 19.568904423640937 125
0.93125 0.06875 0.0 0.9290322580645162 0.07096774193548387 0.0 0.8 1087.321877376958 18.688214514836545 160
0.9866666666666667 0.013333333333333334 0.0 0.9862068965517241 0.013793103448275862 0.0 0.8206896551724138 1083.930077008494 19.473896077660417 150
0.9496402877697842 0.050359712230215826 0.0 0.9477611940298507 0.05223880597014925 0.0 0.8432835820895522 1072.1698959708726 20.81835666367432 139
0.96 0.04 0.0 0.9583333333333334 0.041666666666666664 0.0 0.9 1050.9968185114976 19.867285773195395 125
0.9166666666666666 0.08333333333333333 0.0 0.9120879120879121 0.08791208791208792 0.0 0.9230769230769231 1038.9947944719968 20.57135874444233 96
0.943089430894309 0.056910569105691054 0.0 0.940677966101695 0.059322033898305086 0.0 0.847457627118644 1086.271716470987 19.51100722460212 123
0.9754098360655737 0.02459016393442623 0.0 0.9743589743589743 0.02564102564102564 0.0 0.6324786324786325 1007.6020559274423 19.118078431803795 122
0.9902912621359223 0.009708737864077669 0.0 0.9897959183673469 0.01020408163265306 0.0 0.8367346938775511 1077.4417368685563 21.56603314659122 103
0.9421487603305785 0.05785123966942149 0.0 0.9396551724137931 0.0603448275862069 0.0 0.853448275862069 1080.8631007608678 20.053459663481842 121
0.9619047619047619 0.0380952380952381 0.0 0.96 0.04 0.0 0.82 1086.405521047771 20.31460627324128 105
0.9324324324324325 0.06756756756756757 0.0 0.9300699300699301 0.06993006993006994 0.0 0.6153846153846154 1087.2744575292195 18.594974032664357 148
0.963302752293578 0.03669724770642202 0.0 0.9615384615384616 0.038461538461538464 0.0 0.9519230769230769 1050.9512429441115 20.9776909868824 109
0.9333333333333333 0.06666666666666667 0.0 0.93 0.07 0.0 0.82 1080.2191828251252 20.547015136756862 105
1.0 0.0 0.0 1.0 0.0 0.0 1.0 1052.1581521583414 23.77983259646516 92
0.9444444444444444 0.05555555555555555 0.0 0.9421487603305785 0.05785123966942149 0.0 0.768595041322314 1080.685902105471 19.64886438831977 126
0.9519230769230769 0.04807692307692308 0.0 0.9494949494949495 0.050505050505050504 0.0 0.898989898989899 1087.2329034522616 20.908262171521777 104
0.9072847682119205 0.09271523178807947 0.0 0.9041095890410958 0.0958904109589041 0.0 0.8287671232876712 1087.4039375082896 19.781818425049536 151
0.8258426966292135 0.17415730337078653 0.0 0.8208092485549133 0.1791907514450867 0.0 0.7572254335260116 1076.4817249742803 17.216758007880454 178
0.9690721649484536 0.030927835051546393 0.0 0.967391304347826 0.03260869565217391 0.0 0.7934782608695652 1053.1461164050475 23.098773215478907 97
0.8852459016393442 0.11475409836065574 0.0 0.8803418803418803 0.11965811965811966 0.0 0.7008547008547008 1087.4806184438771 18.4364855057876 122
0.9927536231884058 0.007246376811594203 0.0 0.9924812030075187 0.007518796992481203 0.0 0.8045112781954887 1087.2841016525215 20.016403728593982 138
0.9420289855072463 0.057971014492753624 0.0 0.9398496240601504 0.06015037593984962 0.0 0.8571428571428571 1083.4954580019946 19.03332916159554 138
0.9411764705882353 0.058823529411764705 0.0 0.9381443298969072 0.061855670103092786 0.0 0.8762886597938144 1044.0720371929747 21.252924378555527 102
0.9714285714285714 0.02857142857142857 0.0 0.9703703703703703 0.02962962962962963 0.0 0.8592592592592593 1079.7885407480042 18.06360255488401 140
0.9805825242718447 0.019417475728155338 0.0 0.9795918367346939 0.02040816326530612 0.0 0.8163265306122449 1029.198482424187 19.77157949178632 103
0.9609375 0.0390625 0.0 0.959349593495935 0.04065040650406504 0.0 0.7235772357723578 1086.517558125048 20.51946788908654 128
0.8859060402684564 0.11409395973154363 0.0 0.8819444444444444 0.11805555555555555 0.0 0.0 1050.248206872407 18.297491257257505 149
0.9264705882352942 0.07352941176470588 0.0 0.9312977099236641 0.06870229007633588 0.0 0.816793893129771 1023.9997544073963 18.74222864347076 136
0.967741935483871 0.03225806451612903 0.0 0.9666666666666667 0.03333333333333333 0.0 0.8733333333333333 1014.6030517748908 19.030137565318395 155
0.9699248120300752 0.03007518796992481 0.0 0.96875 0.03125 0.0 0.5546875 1087.4495038779785 19.136137558758506 133
0.8831168831168831 0.11038961038961038 0.006493506493506494 0.8791946308724832 0.11409395973154363 0.006711409395973154 0.738255033557047 1087.381521815119 18.541251470331694 154
0.96875 0.03125 0.0 0.975609756097561 0.024390243902439025 0.0 0.8617886178861789 1079.8885872163885 19.93305748392865 128
0.8613861386138614 0.12871287128712872 0.009900990099009901 0.8541666666666666 0.13541666666666666 0.010416666666666666 0.84375 1087.3298858085452 22.42490518963133 101
0.9230769230769231 0.07692307692307693 0.0 0.9196428571428571 0.08035714285714286 0.0 0.5714285714285714 1087.3610321466615 18.817572124999522 117
0.9752066115702479 0.024793388429752067 0.0 0.9741379310344828 0.02586206896551724 0.0 0.7672413793103449 1086.9633424559884 19.440759821645464 121
0.8367346938775511 0.1326530612244898 0.030612244897959183 0.8279569892473119 0.13978494623655913 0.03225806451612903 1.0 1043.9214406876972 23.33768028248161 98
0.9663865546218487 0.03361344537815126 0.0 0.9649122807017544 0.03508771929824561 0.0 0.8070175438596491 1078.4472770127115 20.14257613733116 119
0.9926470588235294 0.007352941176470588 0.0 0.9923664122137404 0.007633587786259542 0.0 0.7938931297709924 1084.4270957905696 19.378962792264346 136
0.96 0.04 0.0 0.9583333333333334 0.041666666666666664 0.0 0.8916666666666667 1085.6960540822286 20.701968625092622 125
0.9611650485436893 0.038834951456310676 0.0 0.9693877551020408 0.030612244897959183 0.0 0.9387755102040817 1035.206200032718 20.420223599709097 103
0.9175257731958762 0.08247422680412371 0.0 0.9130434782608695 0.08695652173913043 0.0 0.7065217391304348 1087.2630739527451 22.076188085782725 97
0.9803921568627451 0.0196078431372549 0.0 0.979381443298969 0.020618556701030927 0.0 0.8041237113402062 1058.7532186520818 19.89378664260783 102
0.9099099099099099 0.09009009009009009 0.0 0.9056603773584906 0.09433962264150944 0.0 0.839622641509434 1087.026571234654 22.05258427313335 111
1.0 0.0 0.0 1.0 0.0 0.0 0.8187919463087249 1083.2562565244293 18.048382707246823 154
0.9555555555555556 0.044444444444444446 0.0 0.9538461538461539 0.046153846153846156 0.0 0.9461538461538461 1038.0730136529896 19.999973819698226 135
0.959349593495935 0.04065040650406504 0.0 0.9576271186440678 0.0423728813559322 0.0 0.8050847457627118 1087.1259571165833 20.370000437834364 123
0.7972027972027972 0.15384615384615385 0.04895104895104895 0.7898550724637681 0.15942028985507245 0.050724637681159424 0.5072463768115942 1087.4675844902602 19.528331421554462 143
0.904 0.096 0.0 0.9 0.1 0.0 0.6583333333333333 1086.438681957396 19.859617526317273 125
0.9911504424778761 0.008849557522123894 0.0 0.9907407407407407 0.009259259259259259 0.0 0.9537037037037037 1027.3899146161143 20.01791905155575 113
0.9557522123893806 0.04424778761061947 0.0 0.9537037037037037 0.046296296296296294 0.0 0.7870370370370371 1079.0191985764966 22.24638396622759 113
0.9363636363636364 0.06363636363636363 0.0 0.9333333333333333 0.06666666666666667 0.0 0.8380952380952381 1069.9256804590573 23.419546846346794 110
0.9797297297297297 0.02027027027027027 0.0 0.9790209790209791 0.02097902097902098 0.0 0.7062937062937062 1078.8288678158813 19.550659584933253 148
0.968 0.032 0.0 0.975 0.025 0.0 0.8333333333333334 1076.3792220297466 19.513867562764737 125
0.9655172413793104 0.017241379310344827 0.017241379310344827 0.963963963963964 0.018018018018018018 0.018018018018018018 0.9459459459459459 1048.5791647532267 21.387332071520017 116
0.96 0.04 0.0 0.9578947368421052 0.042105263157894736 0.0 1.0 1056.5576875661538 21.53203996613177 100
0.8636363636363636 0.13636363636363635 0.0 0.8590604026845637 0.14093959731543623 0.0 0.8187919463087249 1051.2026787706325 17.928952637925782 154
0.961038961038961 0.03896103896103896 0.0 0.959731543624161 0.040268456375838924 0.0 0.006711409395973154 990.7287126620311 17.733775024165507 154
0.9553571428571429 0.044642857142857144 0.0 0.9532710280373832 0.04672897196261682 0.0 0.822429906542056 1075.7613024480202 20.36640898666091 112
0.9459459459459459 0.05405405405405406 0.0 0.951048951048951 0.04895104895104895 0.0 0.7272727272727273 1075.1596782424972 18.820971975081648 148
0.96 0.04 0.0 0.9578947368421052 0.042105263157894736 0.0 0.6631578947368421 1087.1566138102573 20.624355033628362 100
0.952 0.048 0.0 0.95 0.05 0.0 0.7666666666666667 1076.1947966344828 20.439124795431276 125
0.8803418803418803 0.11965811965811966 0.0 0.875 0.125 0.0 0.6607142857142857 1087.3766427723415 19.660379813818608 117
0.968 0.032 0.0 0.9666666666666667 0.03333333333333333 0.0 0.7416666666666667 1087.3806686820328 19.96934077907004 125
0.9060402684563759 0.087248322147651 0.006711409395973154 0.9027777777777778 0.09027777777777778 0.006944444444444444 0.75 1087.4338812238482 18.433967065441106 149
0.9246575342465754 0.0684931506849315 0.00684931506849315 0.9219858156028369 0.07092198581560284 0.0070921985815602835 0.7659574468085106 1087.4551314197358 18.673687563975346 146
0.9928057553956835 0.007194244604316547 0.0 0.9925373134328358 0.007462686567164179 0.0 0.8507462686567164 1059.9886748250008 19.380262535798728 139
0.9782608695652174 0.021739130434782608 0.0 0.9774436090225563 0.022556390977443608 0.0 0.7819548872180451 1087.3266710586374 19.551085616800002 138
0.9015151515151515 0.09848484848484848 0.0 0.8976377952755905 0.10236220472440945 0.0 0.8188976377952756 1074.574772596777 21.05575422421634 132
0.9322033898305084 0.06779661016949153 0.0 0.9292035398230089 0.07079646017699115 0.0 0.9734513274336283 1076.0047782243741 20.820539575442897 118
0.9205298013245033 0.07947019867549669 0.0 0.9178082191780822 0.0821917808219178 0.0 0.8082191780821918 1083.3600731423774 18.578398677385184 151
1.0 0.0 0.0 1.0 0.0 0.0 0.8404255319148937 1086.713361425555 20.761015859446626 99
0.9626168224299065 0.037383177570093455 0.0 0.9607843137254902 0.0392156862745098 0.0 0.8333333333333334 1079.1807365137086 21.478816717479315 107
0.990990990990991 0.009009009009009009 0.0 0.9905660377358491 0.009433962264150943 0.0 0.9245283018867925 1075.3994113210888 21.19919468254487 111
0.9655172413793104 0.034482758620689655 0.0 0.963963963963964 0.036036036036036036 0.0 0.8288288288288288 1081.5470434596325 21.194135430370004 116
0.968421052631579 0.031578947368421054 0.0 0.9666666666666667 0.03333333333333333 0.0 0.6777777777777778 1083.9792018458413 21.347696090198426 95
0.9619047619047619 0.0380952380952381 0.0 0.96 0.04 0.0 0.86 1021.4069849892657 21.706571348106063 105
0.9380530973451328 0.061946902654867256 0.0 0.9351851851851852 0.06481481481481481 0.0 0.5277777777777778 1087.3695325893875 21.38842841807128 113
0.9025974025974026 0.09740259740259741 0.0 0.8993288590604027 0.10067114093959731 0.0 0.8053691275167785 1081.757867937913 17.916299489561528 154
0.9572649572649573 0.042735042735042736 0.0 0.9553571428571429 0.044642857142857144 0.0 0.7410714285714286 1073.9450604134906 19.556495704671338 117
0.9182389937106918 0.08176100628930817 0.0 0.9155844155844156 0.08441558441558442 0.0 0.5844155844155844 1087.1701606812742 19.185327281759356 159
0.9534883720930233 0.046511627906976744 0.0 0.9516129032258065 0.04838709677419355 0.0 0.8951612903225806 1073.1505904819069 20.42839573588312 129
0.912568306010929 0.08743169398907104 0.0 0.9157303370786517 0.08426966292134831 0.0 0.8089887640449438 1087.351673884815 19.03898338406326 183
0.946969696969697 0.05303030303030303 0.0 0.9448818897637795 0.05511811023622047 0.0 0.5905511811023622 1087.2865444200836 18.489753068999033 132
0.975 0.025 0.0 0.9739130434782609 0.02608695652173913 0.0 0.9304347826086956 1080.5048022371252 19.418112400014614 120
0.937984496124031 0.06201550387596899 0.0 0.9435483870967742 0.056451612903225805 0.0 0.7580645161290323 1087.3672704345206 18.36785668664936 129
0.7480314960629921 0.25196850393700787 0.0 0.7459016393442623 0.2540983606557377 0.0 0.7622950819672131 1077.6117800534842 20.3304877781182 127
0.9333333333333333 0.058333333333333334 0.008333333333333333 0.9391304347826087 0.05217391304347826 0.008695652173913044 0.9652173913043478 1044.5262597369626 20.45479741135527 120
0.9112903225806451 0.08870967741935484 0.0 0.907563025210084 0.09243697478991597 0.0 0.773109243697479 1080.4902892083737 20.102137781700502 124
0.9689922480620154 0.031007751937984496 0.0 0.967741935483871 0.03225806451612903 0.0 0.6693548387096774 1086.4181487183373 18.77205602965482 129
0.952 0.048 0.0 0.95 0.05 0.0 0.8083333333333333 1021.669330079129 19.879809623237712 125
0.9411764705882353 0.058823529411764705 0.0 0.9389312977099237 0.061068702290076333 0.0 0.7099236641221374 1087.4380097476167 19.865576095228132 136
0.9682539682539683 0.031746031746031744 0.0 0.9752066115702479 0.024793388429752067 0.0 0.859504132231405 1086.9783898363196 19.41602863402928 126
0.9726027397260274 0.0273972602739726 0.0 0.9716312056737588 0.028368794326241134 0.0 0.75177304964539 1087.1409173788236 18.33278863134655 146
0.9354838709677419 0.06451612903225806 0.0 0.9327731092436975 0.06722689075630252 0.0 0.7310924369747899 1086.2098000904057 19.371656228731823 124
0.8660714285714286 0.13392857142857142 0.0 0.8598130841121495 0.14018691588785046 0.0 0.9719626168224299 1083.5529332262497 22.596624350270215 112
0.9532710280373832 0.04672897196261682 0.0 0.9509803921568627 0.049019607843137254 0.0 0.8529411764705882 1085.5555514518421 19.606181473742474 107
0.9739130434782609 0.02608695652173913 0.0 0.9727272727272728 0.02727272727272727 0.0 0.9181818181818182 1084.9319160180578 21.610847178936172 115
0.951048951048951 0.04895104895104895 0.0 0.9492753623188406 0.050724637681159424 0.0 0.9637681159420289 1066.002135335406 20.155821447033453 143
0.970873786407767 0.02912621359223301 0.0 0.9693877551020408 0.030612244897959183 0.0 0.7653061224489796 1085.4967555942565 19.369918895911884 103
0.9408284023668639 0.05917159763313609 0.0 0.9390243902439024 0.06097560975609756 0.0 0.75 1087.421585114054 18.63770688131884 169
0.9259259259259259 0.07407407407407407 0.0 0.9223300970873787 0.07766990291262135 0.0 0.7864077669902912 1063.2970158755902 21.014027534417938 108
0.8857142857142857 0.1 0.014285714285714285 0.8814814814814815 0.1037037037037037 0.014814814814814815 0.7111111111111111 1050.746460241555 20.07024530971526 140
0.9823008849557522 0.017699115044247787 0.0 0.9814814814814815 0.018518518518518517 0.0 0.8703703703703703 1086.9465222185374 20.25962738237234 113
0.9333333333333333 0.06666666666666667 0.0 0.9304347826086956 0.06956521739130435 0.0 0.6521739130434783 1077.4325015031989 20.06635473775068 120
0.8837209302325582 0.11627906976744186 0.0 0.8870967741935484 0.11290322580645161 0.0 0.7419354838709677 1086.7432307981035 19.99013061602723 129
1.0 0.0 0.0 1.0 0.0 0.0 1.0 1054.4290917340122 19.524588910554726 133
0.8805970149253731 0.11940298507462686 0.0 0.8837209302325582 0.11627906976744186 0.0 0.6201550387596899 1087.3240601430748 18.353329777309483 134
0.903448275862069 0.09655172413793103 0.0 0.9 0.1 0.0 0.7928571428571428 1087.3478877481962 19.00845960025143 145
1.0 0.0 0.0 1.0 0.0 0.0 0.8857142857142857 1068.0928303027265 21.488307953618236 110
0.9575757575757575 0.04242424242424243 0.0 0.95625 0.04375 0.0 0.80625 1081.4562853116001 18.23233071892485 165
0.9694656488549618 0.030534351145038167 0.0 0.9682539682539683 0.031746031746031744 0.0 0.6349206349206349 1054.1494511009384 19.071478547529207 131
0.9551282051282052 0.04487179487179487 0.0 0.9536423841059603 0.046357615894039736 0.0 0.7350993377483444 1087.2954963059908 18.852302222083583 156
0.9454545454545454 0.05454545454545454 0.0 0.9428571428571428 0.05714285714285714 0.0 0.9809523809523809 1072.437629756844 21.52834335581277 110
0.9491525423728814 0.05084745762711865 0.0 0.9469026548672567 0.05309734513274336 0.0 0.8672566371681416 1080.3128302860853 20.004490878352577 118
0.9150943396226415 0.08490566037735849 0.0 0.9207920792079208 0.07920792079207921 0.0 0.7029702970297029 1087.3441481716611 19.289807608805155 106
0.9705882352941176 0.029411764705882353 0.0 0.9694656488549618 0.030534351145038167 0.0 0.9618320610687023 976.1645691880144 18.879491221475906 136
1.0 0.0 0.0 1.0 0.0 0.0 0.9285714285714286 1004.4953224952332 19.81511505158325 89
0.9076923076923077 0.07692307692307693 0.015384615384615385 0.904 0.08 0.016 0.704 1087.0928136354757 20.430512520276732 130
0.9444444444444444 0.05555555555555555 0.0 0.9424460431654677 0.05755395683453238 0.0 0.7553956834532374 1087.3473376287561 19.274556331988798 144
0.9431818181818182 0.056818181818181816 0.0 0.9415204678362573 0.05847953216374269 0.0 0.783625730994152 1087.4263423446916 18.957391796952923 176
0.9735099337748344 0.026490066225165563 0.0 0.9726027397260274 0.0273972602739726 0.0 0.7945205479452054 1087.367254108393 18.727526285308713 151
0.9752066115702479 0.024793388429752067 0.0 0.9741379310344828 0.02586206896551724 0.0 0.7068965517241379 1078.1239501049765 20.252080900401378 121
0.9491525423728814 0.05084745762711865 0.0 0.9469026548672567 0.05309734513274336 0.0 0.8672566371681416 1085.029265173605 20.29606736000463 118
0.9827586206896551 0.017241379310344827 0.0 0.9819819819819819 0.018018018018018018 0.0 0.8558558558558559 1062.8176947823376 20.910451548088822 116
0.773972602739726 0.1780821917808219 0.04794520547945205 0.7730496453900709 0.18439716312056736 0.0425531914893617 0.7659574468085106 1085.1089038858004 19.288218615577847 146
0.9694656488549618 0.030534351145038167 0.0 0.9682539682539683 0.031746031746031744 0.0 0.8650793650793651 1048.1735561768771 19.939722420461095 131
1.0 0.0 0.0 1.0 0.0 0.0 0.9868421052631579 1042.8936609883228 20.955657928618766 81
1.0 0.0 0.0 1.0 0.0 0.0 0.7246376811594203 1086.8597751392333 19.210209908163254 143
1.0 0.0 0.0 1.0 0.0 0.0 0.9416666666666667 1065.2010048068053 20.180409731669 125
0.9813084112149533 0.018691588785046728 0.0 0.9803921568627451 0.0196078431372549 0.0 0.8529411764705882 1085.3240675696152 19.01801625551764 107
0.970873786407767 0.02912621359223301 0.0 0.9693877551020408 0.030612244897959183 0.0 0.9489795918367347 1081.543074823918 21.95479879544509 103
0.930379746835443 0.06962025316455696 0.0 0.9281045751633987 0.0718954248366013 0.0 0.869281045751634 1085.8133029092999 19.407260822777303 158
0.9328358208955224 0.06716417910447761 0.0 0.9302325581395349 0.06976744186046512 0.0 0.9534883720930233 1070.876835170007 19.57006098749416 134
0.9024390243902439 0.0975609756097561 0.0 0.89937106918239 0.10062893081761007 0.0 0.0 1032.4245705440921 18.0783667641607 164
0.9125 0.08125 0.00625 0.9225806451612903 0.07096774193548387 0.0064516129032258064 0.7806451612903226 1059.8208533159313 18.81343312732535 160
0.9696969696969697 0.030303030303030304 0.0 0.968503937007874 0.031496062992125984 0.0 0.8503937007874016 1086.7861024166361 21.04104364694062 132
0.923728813559322 0.07627118644067797 0.0 0.9203539823008849 0.07964601769911504 0.0 0.8584070796460177 1066.7375763512334 20.892655172529004 118
0.9611650485436893 0.038834951456310676 0.0 0.9591836734693877 0.04081632653061224 0.0 0.9489795918367347 1077.965295393243 20.96425109966963 103
0.9481481481481482 0.05185185185185185 0.0 0.9461538461538461 0.05384615384615385 0.0 1.0 1084.8348058372903 20.685843711982287 135
0.8305084745762712 0.16101694915254236 0.00847457627118644 0.831858407079646 0.1592920353982301 0.008849557522123894 0.8230088495575221 1060.6159111157872 19.11834950160964 118
0.881578947368421 0.11842105263157894 0.0 0.8775510204081632 0.12244897959183673 0.0 0.6666666666666666 1087.376374315777 18.471624235025036 152
0.968503937007874 0.031496062992125984 0.0 0.9672131147540983 0.03278688524590164 0.0 0.8934426229508197 1058.821710243567 19.851745432445423 127
0.9836065573770492 0.01639344262295082 0.0 0.9829059829059829 0.017094017094017096 0.0 0.6239316239316239 1087.4766106749687 19.212932145471395 122
0.9622641509433962 0.03773584905660377 0.0 0.9603960396039604 0.039603960396039604 0.0 0.7227722772277227 1069.1518196925429 19.370522952337375 106
0.9553571428571429 0.044642857142857144 0.0 0.9626168224299065 0.037383177570093455 0.0 0.9626168224299065 1080.8246688688064 21.432401129395014 112
0.9916666666666667 0.008333333333333333 0.0 0.991304347826087 0.008695652173913044 0.0 0.8521739130434782 1086.5387016143222 18.456851936368427 120
0.9453551912568307 0.0546448087431694 0.0 0.949438202247191 0.05056179775280899 0.0 0.0 1015.3120585451439 17.420180399507764 183
0.9655172413793104 0.034482758620689655 0.0 0.9642857142857143 0.03571428571428571 0.0 0.7785714285714286 1032.0850862247369 18.49025165066148 145
0.9782608695652174 0.021739130434782608 0.0 0.9770114942528736 0.022988505747126436 0.0 0.9540229885057471 1048.2064913136394 21.932491150874313 92
0.9444444444444444 0.05555555555555555 0.0 0.9421487603305785 0.05785123966942149 0.0 0.7603305785123967 1078.076021774145 19.79793820261574 126
0.946969696969697 0.05303030303030303 0.0 0.9448818897637795 0.05511811023622047 0.0 0.84251968503937 1087.0964153991645 20.48086981460894 132
0.9797297297297297 0.02027027027027027 0.0 0.9790209790209791 0.02097902097902098 0.0 0.7622377622377622 1078.1252293282973 17.584364688903758 148
0.940677966101695 0.059322033898305086 0.0 0.9380530973451328 0.061946902654867256 0.0 0.9823008849557522 1086.3388102609583 20.79889103766794 118
0.9814814814814815 0.018518518518518517 0.0 0.9805825242718447 0.019417475728155338 0.0 0.8155339805825242 1086.4061412701383 20.236083875764 108
0.8880597014925373 0.11194029850746269 0.0 0.8837209302325582 0.11627906976744186 0.0 0.6434108527131783 1087.2118490936025 19.68735674874019 134
0.9794520547945206 0.02054794520547945 0.0 0.9787234042553191 0.02127659574468085 0.0 0.723404255319149 1087.457095360195 17.38118798378576 146
0.9572649572649573 0.042735042735042736 0.0 0.9553571428571429 0.044642857142857144 0.0 0.7767857142857143 1087.3862676328536 19.660001639674416 117
0.9895833333333334 0.010416666666666666 0.0 0.989010989010989 0.01098901098901099 0.0 0.8571428571428571 1082.344720883485 20.2293082795231 96
0.96875 0.03125 0.0 0.967032967032967 0.03296703296703297 0.0 0.7912087912087912 1079.2637967782823 21.15849658738551 96
0.9085365853658537 0.09146341463414634 0.0 0.9056603773584906 0.09433962264150944 0.0 0.7295597484276729 1087.3726541183087 18.70578427226458 164
0.9344262295081968 0.06557377049180328 0.0 0.9316239316239316 0.06837606837606838 0.0 0.7521367521367521 1070.1550864944336 21.33862820170584 122
0.89937106918239 0.0880503144654088 0.012578616352201259 0.8961038961038961 0.09090909090909091 0.012987012987012988 0.6818181818181818 1087.206080920851 19.539869636727946 159
0.9698795180722891 0.030120481927710843 0.0 0.968944099378882 0.031055900621118012 0.0 0.7329192546583851 1086.3933444695765 18.512875397130966 166
0.9703703703703703 0.02962962962962963 0.0 0.9692307692307692 0.03076923076923077 0.0 0.7923076923076923 1086.4395944506787 19.119525795301083 135
0.9421487603305785 0.05785123966942149 0.0 0.9396551724137931 0.0603448275862069 0.0 0.7327586206896551 1087.4313657729217 19.021226950164674 121
0.8709677419354839 0.12096774193548387 0.008064516129032258 0.865546218487395 0.12605042016806722 0.008403361344537815 0.8571428571428571 1080.0750209961247 19.43143116772782 124
0.9797979797979798 0.020202020202020204 0.0 0.9787234042553191 0.02127659574468085 0.0 0.8404255319148937 1000.1171267209861 21.065423273678412 99
0.98 0.02 0.0 0.9793103448275862 0.020689655172413793 0.0 0.8482758620689655 1087.0600708602412 17.75596537723083 150
0.9819819819819819 0.018018018018018018 0.0 0.9811320754716981 0.018867924528301886 0.0 0.7735849056603774 1086.4027200532994 20.042091177918156 111
0.9555555555555556 0.044444444444444446 0.0 0.9615384615384616 0.038461538461538464 0.0 0.8307692307692308 1087.3443216613573 19.317529616042723 135
0.9694656488549618 0.030534351145038167 0.0 0.9682539682539683 0.031746031746031744 0.0 0.9523809523809523 1063.170102346561 20.72232538861733 131
0.9924242424242424 0.007575757575757576 0.0 0.9921259842519685 0.007874015748031496 0.0 0.7874015748031497 1086.039483287148 20.67922937888044 132
0.9411764705882353 0.058823529411764705 0.0 0.9381443298969072 0.061855670103092786 0.0 0.6597938144329897 1087.3932415817278 21.32388181339952 102
0.9383561643835616 0.06164383561643835 0.0 0.9361702127659575 0.06382978723404255 0.0 0.7659574468085106 1086.9628999073027 17.57773742529787 146
0.9716312056737588 0.028368794326241134 0.0 0.9705882352941176 0.029411764705882353 0.0 0.8088235294117647 1086.6607700759478 19.743226472646292 141
