1.0 0.0 0.0 1.0 0.0 0.0 1.0 1085.2657587880221 20.64156408182722 122
1.0 0.0 0.0 1.0 0.0 0.0 0.6115107913669064 1066.8425410827444 18.91797932480249 144
1.0 0.0 0.0 1.0 0.0 0.0 0.7578125 1077.1841287905295 20.312948076063 133
0.9809523809523809 0.01904761904761905 0.0 0.98 0.02 0.0 0.55 1086.119987757606 20.267751614839074 105
0.9871794871794872 0.01282051282051282 0.0 0.9867549668874173 0.013245033112582781 0.0 0.8609271523178808 1087.386618369901 18.680969122350884 156
1.0 0.0 0.0 1.0 0.0 0.0 0.8914728682170543 1070.0590560025216 18.672412430793138 134
0.9745222929936306 0.025477707006369428 0.0 0.9736842105263158 0.02631578947368421 0.0 0.881578947368421 1087.3891201456295 17.405596643285495 157
0.9913793103448276 0.008620689655172414 0.0 0.990990990990991 0.009009009009009009 0.0 0.5585585585585585 1072.8825251942164 19.64932374709517 116
1.0 0.0 0.0 1.0 0.0 0.0 0.8316831683168316 1082.7379982467453 19.986441811922614 106
1.0 0.0 0.0 1.0 0.0 0.0 0.9338842975206612 1081.3549910738777 20.074143723166813 126
1.0 0.0 0.0 1.0 0.0 0.0 0.9230769230769231 1084.5724163263517 22.759761113414626 96
0.9705882352941176 0.029411764705882353 0.0 0.9770992366412213 0.022900763358778626 0.0 0.7099236641221374 1085.0671577750354 19.099577459408405 136
0.9833333333333333 0.016666666666666666 0.0 0.9826086956521739 0.017391304347826087 0.0 0.7913043478260869 1061.8956404917783 19.867157214393277 120
1.0 0.0 0.0 1.0 0.0 0.0 0.8818181818181818 985.038868785179 20.5380946439318 115
0.9904761904761905 0.009523809523809525 0.0 0.99 0.01 0.0 0.82 1087.3243850261156 19.761287004936882 105
0.9850746268656716 0.014925373134328358 0.0 0.9844961240310077 0.015503875968992248 0.0 0.7209302325581395 1087.3381967956727 19.019755990904432 134
1.0 0.0 0.0 1.0 0.0 0.0 0.7619047619047619 1027.2050047502614 17.5179176232744 152
0.991304347826087 0.008695652173913044 0.0 0.990909090909091 0.00909090909090909 0.0 0.6818181818181818 1072.7575240830238 19.446554062507083 115
0.9791666666666666 0.020833333333333332 0.0 0.9784172661870504 0.02158273381294964 0.0 0.6474820143884892 1086.298794152464 18.638388194032398 144
0.898936170212766 0.10106382978723404 0.0 0.8961748633879781 0.10382513661202186 0.0 0.6065573770491803 1087.4435130072973 15.964310571935158 188
0.9854014598540146 0.014598540145985401 0.0 0.9848484848484849 0.015151515151515152 0.0 0.8257575757575758 1085.94798191965 18.893703164745283 137
1.0 0.0 0.0 1.0 0.0 0.0 0.8264462809917356 1050.5947018363354 18.978093394071255 126
1.0 0.0 0.0 1.0 0.0 0.0 0.821917808219178 1048.5554567537322 23.002800824346448 78
1.0 0.0 0.0 1.0 0.0 0.0 0.7528089887640449 1071.5100750524457 21.282178434063535 94
0.9852941176470589 0.014705882352941176 0.0 0.9847328244274809 0.015267175572519083 0.0 0.6870229007633588 1054.2716130267654 18.89980960442857 136
0.9938650306748467 0.006134969325153374 0.0 0.9936708860759493 0.006329113924050633 0.0 0.8354430379746836 1086.895343753107 16.97151062115853 163
0.9540229885057471 0.04597701149425287 0.0 0.9526627218934911 0.047337278106508875 0.0 0.757396449704142 1087.299555945532 17.51686709616095 174
0.9736842105263158 0.02631578947368421 0.0 0.9724770642201835 0.027522935779816515 0.0 0.7155963302752294 1064.2025008977084 20.625273192441615 114
1.0 0.0 0.0 1.0 0.0 0.0 0.8058252427184466 1048.2747738606947 18.496881631430032 108
0.9354838709677419 0.043010752688172046 0.021505376344086023 0.9545454545454546 0.03409090909090909 0.011363636363636364 0.75 1087.339048018579 20.56304820452709 93
0.9904761904761905 0.009523809523809525 0.0 0.99 0.01 0.0 0.68 1066.5871635444685 19.97433239564749 105
1.0 0.0 0.0 1.0 0.0 0.0 0.7553956834532374 1085.9118151162568 19.282830894990916 144
0.9911504424778761 0.008849557522123894 0.0 1.0 0.0 0.0 0.8518518518518519 1063.9784561484842 19.717099348361092 113
0.9577464788732394 0.04225352112676056 0.0 0.9635036496350365 0.0364963503649635 0.0 0.7153284671532847 1086.3381806742707 19.253374635752454 142
0.8777777777777778 0.12222222222222222 0.0 0.8823529411764706 0.11764705882352941 0.0 0.6705882352941176 1087.3393883642266 20.594257857248405 90
1.0 0.0 0.0 1.0 0.0 0.0 0.7586206896551724 1087.089677396027 18.94399887082706 121
1.0 0.0 0.0 1.0 0.0 0.0 0.8811881188118812 1045.8521671495766 20.03302908762447 106
1.0 0.0 0.0 1.0 0.0 0.0 0.8819444444444444 1084.7001088507945 18.185050744561575 149
0.9926470588235294 0.007352941176470588 0.0 0.9923664122137404 0.007633587786259542 0.0 0.7099236641221374 1077.9086839742079 19.48027634182285 136
0.9736842105263158 0.02631578947368421 0.0 0.981651376146789 0.01834862385321101 0.0 0.7522935779816514 1086.9074772495355 18.53914713246786 114
0.9264705882352942 0.07352941176470588 0.0 0.9236641221374046 0.07633587786259542 0.0 0.6641221374045801 1087.2627085615434 19.68146842196365 136
0.9235294117647059 0.07647058823529412 0.0 0.9212121212121213 0.07878787878787878 0.0 0.006060606060606061 1087.1517964161376 16.46694029272683 170
0.990990990990991 0.009009009009009009 0.0 0.9905660377358491 0.009433962264150943 0.0 0.5471698113207547 1076.9718945408483 19.03358487751573 111
1.0 0.0 0.0 1.0 0.0 0.0 0.823076923076923 1073.6787024050202 18.74131009565026 135
0.9932432432432432 0.006756756756756757 0.0 0.993006993006993 0.006993006993006993 0.0 0.7342657342657343 1084.646936019006 18.910616457966746 148
0.9824561403508771 0.017543859649122806 0.0 0.981651376146789 0.01834862385321101 0.0 0.7614678899082569 1066.612923367886 21.769056003007798 114
1.0 0.0 0.0 1.0 0.0 0.0 0.7933884297520661 1049.7688853858851 18.931438521901256 126
0.8633540372670807 0.13664596273291926 0.0 0.8589743589743589 0.14102564102564102 0.0 0.8653846153846154 1052.0375546932512 16.560305342552816 161
0.7333333333333333 0.26666666666666666 0.0 0.7263157894736842 0.2736842105263158 0.0 0.8842105263157894 1087.3904138546814 16.066521213813665 195
1.0 0.0 0.0 1.0 0.0 0.0 0.7857142857142857 1007.0416094404761 18.66924959032255 145
1.0 0.0 0.0 1.0 0.0 0.0 0.8952380952380953 1067.3927063194278 21.073593838550796 110
0.9888268156424581 0.0111731843575419 0.0 0.9885057471264368 0.011494252873563218 0.0 0.011494252873563218 1074.9180034564886 17.9582854024677 179
1.0 0.0 0.0 1.0 0.0 0.0 0.764367816091954 1080.2035989361052 18.00468795051047 179
0.9932885906040269 0.006711409395973154 0.0 0.9930555555555556 0.006944444444444444 0.0 0.6319444444444444 1070.409315544985 18.696723761561117 149
0.9788732394366197 0.02112676056338028 0.0 0.9781021897810219 0.021897810218978103 0.0 0.8540145985401459 1087.4011971097136 17.165013554559355 142
0.9894736842105263 0.010526315789473684 0.0 0.9888888888888889 0.011111111111111112 0.0 0.5777777777777777 1087.491568447888 20.426971455879603 95
1.0 0.0 0.0 1.0 0.0 0.0 0.8421052631578947 1080.7537063391526 20.14306253795778 100
0.984251968503937 0.015748031496062992 0.0 0.9836065573770492 0.01639344262295082 0.0 0.7786885245901639 1072.741242212672 19.943197271511448 127
0.98989898989899 0.010101010101010102 0.0 0.9893617021276596 0.010638297872340425 0.0 0.0425531914893617 1023.5865597752793 20.32536633655148 99
0.9836065573770492 0.01639344262295082 0.0 0.9829059829059829 0.017094017094017096 0.0 0.7606837606837606 1087.06090606458 19.35215925817165 122
1.0 0.0 0.0 1.0 0.0 0.0 0.9741379310344828 1082.867436827446 20.68045575919439 121
1.0 0.0 0.0 1.0 0.0 0.0 0.5384615384615384 1083.0061380742063 19.4759551104945 109
0.9464285714285714 0.05357142857142857 0.0 0.9439252336448598 0.056074766355140186 0.0 0.6448598130841121 1077.8707337363214 20.214723636205466 112
1.0 0.0 0.0 1.0 0.0 0.0 0.9320388349514563 1087.4262963801436 19.09841883809551 108
0.937007874015748 0.06299212598425197 0.0 0.9344262295081968 0.06557377049180328 0.0 0.7704918032786885 1087.429256473804 20.157710679713254 127
0.991304347826087 0.008695652173913044 0.0 0.990909090909091 0.00909090909090909 0.0 0.6272727272727273 1084.237355838974 18.981033012990345 115
1.0 0.0 0.0 1.0 0.0 0.0 0.8870967741935484 1063.7010726169262 19.946456929747853 129
0.9947368421052631 0.005263157894736842 0.0 0.9945945945945946 0.005405405405405406 0.0 0.005405405405405406 1044.5907925976444 17.479573892806144 190
1.0 0.0 0.0 1.0 0.0 0.0 0.8571428571428571 1068.9445562108758 20.042392005094314 110
0.9880239520958084 0.011976047904191617 0.0 0.9876543209876543 0.012345679012345678 0.0 0.5493827160493827 1061.0619411616983 17.601214116163078 167
0.9607843137254902 0.0392156862745098 0.0 0.9587628865979382 0.041237113402061855 0.0 0.7216494845360825 1087.2537585980292 19.954401873486155 102
0.9806451612903225 0.01935483870967742 0.0 0.98 0.02 0.0 0.8333333333333334 1084.7132016560993 18.731666106553075 155
0.9915966386554622 0.008403361344537815 0.0 0.9912280701754386 0.008771929824561403 0.0 0.7982456140350878 1064.4084370500304 20.475687803889883 119
1.0 0.0 0.0 1.0 0.0 0.0 0.0 1035.170817916078 18.058975867856578 170
0.9922480620155039 0.007751937984496124 0.0 0.9919354838709677 0.008064516129032258 0.0 0.6693548387096774 1082.1583963274477 18.622198761399698 129
0.9224137931034483 0.07758620689655173 0.0 0.9279279279279279 0.07207207207207207 0.0 0.5675675675675675 1086.2835050993656 19.265407874329878 116
1.0 0.0 0.0 1.0 0.0 0.0 0.7661290322580645 1012.1453427326853 19.442397184753425 129
0.9808917197452229 0.01910828025477707 0.0 0.9802631578947368 0.019736842105263157 0.0 0.7039473684210527 1058.1421120596553 17.271135727500706 157
0.9401197604790419 0.059880239520958084 0.0 0.9444444444444444 0.05555555555555555 0.0 0.5308641975308642 1085.8866514884708 17.80563335342664 167
1.0 0.0 0.0 1.0 0.0 0.0 0.7375 1033.227436628461 18.15777435132455 165
0.9921875 0.0078125 0.0 1.0 0.0 0.0 0.7479674796747967 1086.6550990122419 18.149717879094922 128
1.0 0.0 0.0 1.0 0.0 0.0 0.7922077922077922 1077.5076348379125 18.87636140806221 159
1.0 0.0 0.0 1.0 0.0 0.0 0.8796296296296297 988.9190953364897 19.66422827057189 113
1.0 0.0 0.0 1.0 0.0 0.0 0.6153846153846154 1073.5126198434712 19.155825473055 96
0.978494623655914 0.021505376344086023 0.0 0.9779005524861878 0.022099447513812154 0.0 0.3867403314917127 1087.1252639898657 16.936054220342324 186
0.9829059829059829 0.017094017094017096 0.0 0.9821428571428571 0.017857142857142856 0.0 0.875 1081.3902604786458 20.82041211194556 117
0.9933774834437086 0.006622516556291391 0.0 0.9931506849315068 0.00684931506849315 0.0 0.7054794520547946 1085.1671431886746 18.93866257847672 151
0.8795180722891566 0.12048192771084337 0.0 0.8757763975155279 0.12422360248447205 0.0 0.0 1066.8992443827196 16.350674751297667 166
0.9596774193548387 0.04032258064516129 0.0 0.957983193277311 0.04201680672268908 0.0 0.7815126050420168 1083.9151354988132 18.876674057906193 124
1.0 0.0 0.0 1.0 0.0 0.0 1.0 1086.4260802556976 20.862902182640596 130
0.9928057553956835 0.007194244604316547 0.0 0.9925373134328358 0.007462686567164179 0.0 0.8955223880597015 1078.8895773838183 19.68706405561103 139
1.0 0.0 0.0 1.0 0.0 0.0 0.7692307692307693 1080.7293646797543 19.064449512960508 109
1.0 0.0 0.0 1.0 0.0 0.0 0.753731343283582 1021.2670211560284 18.8971397143742 139
0.96875 0.03125 0.0 0.967479674796748 0.032520325203252036 0.0 0.8211382113821138 1087.0388688048993 19.90188046604624 128
0.8529411764705882 0.14705882352941177 0.0 0.8484848484848485 0.15151515151515152 0.0 0.8121212121212121 1031.2192021909173 16.42173511321977 170
0.9852941176470589 0.014705882352941176 0.0 0.9847328244274809 0.015267175572519083 0.0 0.6183206106870229 1052.0228228631715 18.759505319513735 136
1.0 0.0 0.0 1.0 0.0 0.0 0.8206896551724138 1037.7105308205903 17.80025154648194 150
1.0 0.0 0.0 1.0 0.0 0.0 0.7889908256880734 1062.534077061173 19.95258404029456 114
1.0 0.0 0.0 1.0 0.0 0.0 0.782258064516129 1086.6572263586713 18.965151606355573 129
0.9836065573770492 0.01639344262295082 0.0 0.9829059829059829 0.017094017094017096 0.0 0.7863247863247863 1082.9421314017482 19.574603379621188 122
0.991869918699187 0.008130081300813009 0.0 0.9915254237288136 0.00847457627118644 0.0 0.9491525423728814 1061.7217951603832 19.351993701399493 123
0.9792746113989638 0.02072538860103627 0.0 0.9787234042553191 0.02127659574468085 0.0 0.8404255319148937 1079.7625284714263 17.895835071175362 193
1.0 0.0 0.0 1.0 0.0 0.0 0.7657657657657657 1021.7274952123988 19.444300926422436 116
0.9916666666666667 0.008333333333333333 0.0 0.991304347826087 0.008695652173913044 0.0 0.8608695652173913 1085.8443146987997 19.131292033754544 120
1.0 0.0 0.0 1.0 0.0 0.0 0.0 1086.83137020199 17.175759261621202 185
1.0 0.0 0.0 1.0 0.0 0.0 0.7416666666666667 1085.0784520620853 19.902948307466406 125
0.984 0.016 0.0 0.9916666666666667 0.008333333333333333 0.0 0.7416666666666667 1087.463643085469 19.837195915181127 125
0.9930555555555556 0.006944444444444444 0.0 0.9928057553956835 0.007194244604316547 0.0 0.8201438848920863 1085.4161694632348 19.749497864990314 144
1.0 0.0 0.0 1.0 0.0 0.0 0.7310344827586207 1055.6997012540007 17.822788420646955 150
0.9793103448275862 0.020689655172413793 0.0 0.9785714285714285 0.02142857142857143 0.0 0.6785714285714286 1087.3486001679535 17.926139826802032 145
0.9712230215827338 0.02877697841726619 0.0 0.9701492537313433 0.029850746268656716 0.0 0.8134328358208955 1075.936816717673 18.89219226755566 139
0.9819277108433735 0.018072289156626505 0.0 0.9813664596273292 0.018633540372670808 0.0 0.8695652173913043 1078.1291681256237 17.5207162881282 166
1.0 0.0 0.0 1.0 0.0 0.0 0.8493150684931506 1084.081053374564 19.26324326414764 151
0.9298245614035088 0.07017543859649122 0.0 0.926605504587156 0.07339449541284404 0.0 0.7522935779816514 1087.3052799559048 18.995159651787688 114
0.9861111111111112 0.013888888888888888 0.0 0.9856115107913669 0.014388489208633094 0.0 0.841726618705036 1060.0220482682741 19.17524369877022 144
0.8985507246376812 0.10144927536231885 0.0 0.8947368421052632 0.10526315789473684 0.0 0.6165413533834586 1087.4130486208774 19.47010860205415 138
0.9213483146067416 0.07865168539325842 0.0 0.9190751445086706 0.08092485549132948 0.0 0.7803468208092486 1058.1852587342012 16.762323410974773 178
1.0 0.0 0.0 1.0 0.0 0.0 1.0 1047.321200244336 20.15456263033977 119
1.0 0.0 0.0 1.0 0.0 0.0 0.7763157894736842 1058.3776421540601 18.77759206762125 157
0.9696969696969697 0.030303030303030304 0.0 0.9787234042553191 0.02127659574468085 0.0 0.9042553191489362 1086.7016652566342 21.674281035813703 99
1.0 0.0 0.0 1.0 0.0 0.0 0.9345794392523364 1050.9971003481812 20.766270687894213 112
0.9890710382513661 0.01092896174863388 0.0 0.9943820224719101 0.0056179775280898875 0.0 0.6797752808988764 1087.4665890479341 17.91912604581157 183
0.9537037037037037 0.046296296296296294 0.0 0.9514563106796117 0.04854368932038835 0.0 0.44660194174757284 1086.3980024128227 19.46221024113282 108
1.0 0.0 0.0 1.0 0.0 0.0 0.75 1035.8246391014898 20.31483995518612 105
1.0 0.0 0.0 1.0 0.0 0.0 0.6 1054.3991432504588 19.7630627044133 125
1.0 0.0 0.0 1.0 0.0 0.0 0.8527131782945736 1066.3629479419935 18.593856182253447 134
0.7724867724867724 0.2275132275132275 0.0 0.7663043478260869 0.23369565217391305 0.0 0.33695652173913043 1087.3714098492048 15.700313874885623 189
0.9805194805194806 0.01948051948051948 0.0 0.9798657718120806 0.020134228187919462 0.0 0.5704697986577181 1087.4018545136755 18.38414082579861 154
0.9473684210526315 0.05263157894736842 0.0 0.9453125 0.0546875 0.0 0.7109375 1087.4631396337409 19.25858413318631 133
0.990990990990991 0.009009009009009009 0.0 0.9905660377358491 0.009433962264150943 0.0 0.7358490566037735 1084.0989034193956 20.16842032679214 111
0.9908256880733946 0.009174311926605505 0.0 0.9903846153846154 0.009615384615384616 0.0 0.8557692307692307 1030.1030604002335 20.278868314844722 109
0.96875 0.03125 0.0 0.9679144385026738 0.03208556149732621 0.0 0.679144385026738 1076.2755313768066 16.91987575847209 192
0.9879518072289156 0.012048192771084338 0.0 0.9875776397515528 0.012422360248447204 0.0 0.8074534161490683 1085.9691518781447 18.59191392230553 166
0.9828571428571429 0.017142857142857144 0.0 0.9823529411764705 0.01764705882352941 0.0 0.011764705882352941 1036.3279209052666 17.84729984315806 175
1.0 0.0 0.0 1.0 0.0 0.0 0.6428571428571429 1084.7546634878709 18.995718555756174 131
1.0 0.0 0.0 1.0 0.0 0.0 0.8703703703703703 1065.441181661417 21.16970814490053 113
1.0 0.0 0.0 1.0 0.0 0.0 0.007194244604316547 1061.7999347893062 18.370675140383344 144
0.9752066115702479 0.024793388429752067 0.0 0.9741379310344828 0.02586206896551724 0.0 0.7586206896551724 996.3792186781649 19.581553506082216 121
0.9779411764705882 0.022058823529411766 0.0 0.9770992366412213 0.022900763358778626 0.0 0.6793893129770993 1073.963697733719 19.227600512585173 136
0.950354609929078 0.04964539007092199 0.0 0.9485294117647058 0.051470588235294115 0.0 0.6764705882352942 1087.3083380637554 18.733078361216272 141
0.9693877551020408 0.030612244897959183 0.0 0.9685863874345549 0.031413612565445025 0.0 0.0 1086.2560824191853 18.013005101632285 196
0.9906542056074766 0.009345794392523364 0.0 0.9901960784313726 0.00980392156862745 0.0 0.7843137254901961 1079.9757773364404 20.56164583354342 107
0.9370629370629371 0.06293706293706294 0.0 0.9347826086956522 0.06521739130434782 0.0 0.782608695652174 1087.1767100624966 18.763760999071955 143
1.0 0.0 0.0 1.0 0.0 0.0 0.8446601941747572 1078.885339645929 19.97509516664352 108
1.0 0.0 0.0 1.0 0.0 0.0 0.9466666666666667 1061.1607945131393 22.756732686924178 80
0.9925373134328358 0.007462686567164179 0.0 0.9922480620155039 0.007751937984496124 0.0 0.7596899224806202 1080.7201892689823 19.887459095767984 134
0.9829059829059829 0.017094017094017096 0.0 0.9821428571428571 0.017857142857142856 0.0 0.7857142857142857 1033.9239491850517 19.170898126430206 117
1.0 0.0 0.0 1.0 0.0 0.0 0.7606837606837606 1033.1386221302942 19.920981270430094 122
0.9644970414201184 0.03550295857988166 0.0 0.9634146341463414 0.036585365853658534 0.0 0.7012195121951219 1064.2741874512028 17.585396280373065 169
1.0 0.0 0.0 1.0 0.0 0.0 0.6230769230769231 1024.688784542704 19.81524514780422 135
1.0 0.0 0.0 1.0 0.0 0.0 0.6228070175438597 1053.4202507873815 19.040427787710094 119
0.7239583333333334 0.2760416666666667 0.0 0.7165775401069518 0.28342245989304815 0.0 0.0 1073.383667118763 16.257491871366017 192
1.0 0.0 0.0 1.0 0.0 0.0 0.7555555555555555 1080.4794213200973 18.99249700691016 140
0.9655172413793104 0.034482758620689655 0.0 0.963963963963964 0.036036036036036036 0.0 0.7567567567567568 1023.1443615180162 18.918522252955487 116
0.9568345323741008 0.04316546762589928 0.0 0.9626865671641791 0.03731343283582089 0.0 0.7761194029850746 1087.2703140398523 19.099326347958904 139
0.975609756097561 0.024390243902439025 0.0 0.9745762711864406 0.025423728813559324 0.0 0.7627118644067796 1087.2516961945987 19.3614409706318 123
0.9645390070921985 0.03546099290780142 0.0 0.9632352941176471 0.03676470588235294 0.0 0.7573529411764706 1087.0212178015925 19.975601092418508 141
1.0 0.0 0.0 1.0 0.0 0.0 0.8305084745762712 1027.3532434043095 18.949815392215154 123
0.9030303030303031 0.09696969696969697 0.0 0.90625 0.09375 0.0 0.89375 1087.306040784997 16.623873625931502 165
0.8670886075949367 0.13291139240506328 0.0 0.8627450980392157 0.13725490196078433 0.0 0.006535947712418301 1080.130986839646 16.941010954835335 158
0.9078014184397163 0.09219858156028368 0.0 0.9191176470588235 0.08088235294117647 0.0 0.625 1087.2177805150577 18.253995382024154 141
0.9915254237288136 0.00847457627118644 0.0 0.9911504424778761 0.008849557522123894 0.0 0.8938053097345132 1078.5985412789612 19.126604296295696 118
0.9172932330827067 0.08270676691729323 0.0 0.9140625 0.0859375 0.0 0.8203125 1087.2883355368888 19.243480997105912 133
1.0 0.0 0.0 1.0 0.0 0.0 0.859504132231405 1051.5391280912336 19.826259905105157 126
0.9924242424242424 0.007575757575757576 0.0 0.9921259842519685 0.007874015748031496 0.0 0.7007874015748031 1086.0404115902415 20.043232869191396 132
0.9810126582278481 0.0189873417721519 0.0 0.9803921568627451 0.0196078431372549 0.0 0.7908496732026143 1087.265100893941 18.966462982516692 158
1.0 0.0 0.0 1.0 0.0 0.0 0.8275862068965517 1057.8858647336524 19.78363306406613 121
0.9884393063583815 0.011560693641618497 0.0 0.9880952380952381 0.011904761904761904 0.0 0.6547619047619048 1086.2885318582803 18.207464637675468 173
0.9928571428571429 0.007142857142857143 0.0 0.9925925925925926 0.007407407407407408 0.0 0.6888888888888889 1086.7895751258736 18.65979242282361 140
0.9875776397515528 0.012422360248447204 0.0 0.9871794871794872 0.01282051282051282 0.0 0.00641025641025641 1043.1686317777173 18.31563996651771 161
1.0 0.0 0.0 1.0 0.0 0.0 0.7456140350877193 1084.1185739499438 19.049704556309 119
1.0 0.0 0.0 1.0 0.0 0.0 0.8205128205128205 1077.8888899456686 20.197418313890648 122
0.9776119402985075 0.022388059701492536 0.0 0.9767441860465116 0.023255813953488372 0.0 0.8217054263565892 1055.9377191548226 19.01309243431577 134
0.9761904761904762 0.015873015873015872 0.007936507936507936 0.9752066115702479 0.01652892561983471 0.008264462809917356 0.8925619834710744 1037.209808485973 19.52421730161369 126
0.7102272727272727 0.2897727272727273 0.0 0.7017543859649122 0.2982456140350877 0.0 0.0 1087.197606431229 16.472119700506703 176
1.0 0.0 0.0 1.0 0.0 0.0 0.8559322033898306 963.548826044809 19.08573526398226 123
0.9185185185185185 0.08148148148148149 0.0 0.9153846153846154 0.08461538461538462 0.0 0.6153846153846154 1073.286247668533 18.25512110309659 135
1.0 0.0 0.0 1.0 0.0 0.0 0.978494623655914 1087.1431086574726 20.186977845915155 98
0.96875 0.03125 0.0 0.9741935483870968 0.025806451612903226 0.0 0.7548387096774194 1076.3879437107157 19.326004834429234 160
0.9870967741935484 0.012903225806451613 0.0 0.9866666666666667 0.013333333333333334 0.0 0.7533333333333333 1076.5518245950598 18.207372522986198 155
0.9947368421052631 0.005263157894736842 0.0 0.9945945945945946 0.005405405405405406 0.0 0.016216216216216217 1082.3442639709062 17.472593486249252 190
1.0 0.0 0.0 1.0 0.0 0.0 0.7207207207207207 1031.6724049283173 20.276636042474056 116
0.9196428571428571 0.08035714285714286 0.0 0.9158878504672897 0.08411214953271028 0.0 0.6728971962616822 1087.4643259945458 18.756253266035465 112
1.0 0.0 0.0 1.0 0.0 0.0 0.5 994.0686801577215 18.684347273357186 157
0.9590163934426229 0.040983606557377046 0.0 0.9572649572649573 0.042735042735042736 0.0 0.7008547008547008 1087.2912901361865 19.39377572750029 122
0.9230769230769231 0.07692307692307693 0.0 0.9196428571428571 0.08035714285714286 0.0 0.7321428571428571 1087.4448321698846 19.80213910193376 117
0.9904761904761905 0.009523809523809525 0.0 0.99 0.01 0.0 0.89 1065.8986147856401 19.410184977735653 105
1.0 0.0 0.0 1.0 0.0 0.0 0.8780487804878049 1071.536184959605 19.358205836499838 128
0.9935483870967742 0.0064516129032258064 0.0 0.9933333333333333 0.006666666666666667 0.0 0.7733333333333333 1060.1190470513777 17.920633921389538 155
0.9324324324324325 0.06756756756756757 0.0 0.9300699300699301 0.06993006993006994 0.0 0.6293706293706294 1086.7736669996077 17.395509799673153 148
1.0 0.0 0.0 1.0 0.0 0.0 0.0 1087.2061512534094 18.36575508288224 192
0.9802631578947368 0.019736842105263157 0.0 0.9795918367346939 0.02040816326530612 0.0 0.7142857142857143 1085.7100497522588 18.233889285323542 152
1.0 0.0 0.0 1.0 0.0 0.0 0.8309859154929577 1069.8797719028225 18.548637577013864 147
1.0 0.0 0.0 1.0 0.0 0.0 0.9452054794520548 987.0797903843107 23.262355482125198 78
1.0 0.0 0.0 1.0 0.0 0.0 0.8728813559322034 1071.3098693818285 19.13237980760474 123
0.9826086956521739 0.017391304347826087 0.0 0.9818181818181818 0.01818181818181818 0.0 0.7727272727272727 1086.3048567185492 18.862349323727013 115
1.0 0.0 0.0 1.0 0.0 0.0 0.6446280991735537 1080.4014782046424 19.395236530451456 126
0.7486033519553073 0.25139664804469275 0.0 0.7413793103448276 0.25862068965517243 0.0 0.0 1029.6522412319973 16.417950454003773 179
0.9932432432432432 0.006756756756756757 0.0 0.993006993006993 0.006993006993006993 0.0 0.6293706293706294 1069.0239872353009 18.578451681009913 148
0.9811320754716981 0.018867924528301886 0.0 0.9805194805194806 0.01948051948051948 0.0 0.7792207792207793 1087.4154108586952 18.86868166282993 159
1.0 0.0 0.0 1.0 0.0 0.0 0.8828125 1078.2827966900195 19.946668064420653 133
0.9921875 0.0078125 0.0 0.991869918699187 0.008130081300813009 0.0 0.7804878048780488 1062.8021948335302 19.92709402310913 128
0.920863309352518 0.07913669064748201 0.0 0.917910447761194 0.08208955223880597 0.0 0.7238805970149254 1087.4147907561055 18.972221159816602 139
1.0 0.0 0.0 1.0 0.0 0.0 0.7714285714285715 1082.8697617585433 19.011409453755203 145
0.9305555555555556 0.06944444444444445 0.0 0.9280575539568345 0.07194244604316546 0.0 0.6834532374100719 1087.4504726931586 19.165555220111518 144
1.0 0.0 0.0 1.0 0.0 0.0 0.5602836879432624 1002.4732604447973 17.5096628230273 146
0.9652777777777778 0.034722222222222224 0.0 0.9640287769784173 0.03597122302158273 0.0 0.6330935251798561 1087.2959751716746 19.200594015590195 144
1.0 0.0 0.0 1.0 0.0 0.0 0.8646616541353384 1085.130666149406 18.5609102701819 138
0.7857142857142857 0.21428571428571427 0.0 0.7801047120418848 0.2198952879581152 0.0 0.0 1086.0930410544534 16.056882129897353 196
1.0 0.0 0.0 1.0 0.0 0.0 0.9047619047619048 1020.014805062763 19.456268802603248 110
0.9845360824742269 0.015463917525773196 0.0 0.9841269841269841 0.015873015873015872 0.0 0.0 1085.7521827217345 17.76518141949854 194
1.0 0.0 0.0 1.0 0.0 0.0 0.7093023255813954 1079.9495960025251 17.90055841839356 177
0.9940476190476191 0.005952380952380952 0.0 0.9938650306748467 0.006134969325153374 0.0 0.6871165644171779 1076.7366401754823 18.579687811235686 168
0.9913793103448276 0.008620689655172414 0.0 0.990990990990991 0.009009009009009009 0.0 0.7027027027027027 1064.567440658775 20.462966379537505 116
0.9933333333333333 0.006666666666666667 0.0 0.993103448275862 0.006896551724137931 0.0 0.013793103448275862 1066.452196622899 18.589176447991488 150
0.9791666666666666 0.020833333333333332 0.0 0.9784172661870504 0.02158273381294964 0.0 0.6330935251798561 1087.175472496532 19.163450830233124 144
1.0 0.0 0.0 1.0 0.0 0.0 0.8702290076335878 1047.826591301632 18.98575564300564 136
0.9765625 0.0234375 0.0 0.975609756097561 0.024390243902439025 0.0 0.6097560975609756 1087.3371226378201 19.21367175622869 128
1.0 0.0 0.0 1.0 0.0 0.0 0.4689655172413793 1036.277084516635 18.97179135636081 150
0.9683544303797469 0.03164556962025317 0.0 0.9673202614379085 0.032679738562091505 0.0 0.7450980392156863 1087.4450684454137 17.8901695207491 158
1.0 0.0 0.0 1.0 0.0 0.0 0.7266187050359713 1085.57114093289 18.81208430936677 144
1.0 0.0 0.0 1.0 0.0 0.0 0.9153846153846154 1060.5895707386628 18.844544770623603 135
1.0 0.0 0.0 1.0 0.0 0.0 0.7784810126582279 1030.038112468345 18.982202484981137 163
1.0 0.0 0.0 1.0 0.0 0.0 0.9738562091503268 1072.789346324173 18.635691808156324 158
1.0 0.0 0.0 1.0 0.0 0.0 0.7840909090909091 1062.7449438979304 20.897468266789062 93
0.9896907216494846 0.010309278350515464 0.0 0.9891304347826086 0.010869565217391304 0.0 0.782608695652174 1035.30661427418 21.13982134559923 97
0.9375 0.0625 0.0 0.9349593495934959 0.06504065040650407 0.0 0.7235772357723578 1087.3250710637137 18.79863155949802 128
1.0 0.0 0.0 1.0 0.0 0.0 0.9186046511627907 956.0763587411997 20.878336114674056 91
0.9920634920634921 0.007936507936507936 0.0 0.9917355371900827 0.008264462809917356 0.0 0.6528925619834711 1086.3143650695554 19.992578861720936 126
0.9772727272727273 0.022727272727272728 0.0 0.9763779527559056 0.023622047244094488 0.0 0.8031496062992126 1056.9562778720738 18.738280868276775 132
0.9591836734693877 0.04081632653061224 0.0 0.9577464788732394 0.04225352112676056 0.0 0.6971830985915493 1086.3935610313008 19.27887410871235 147
1.0 0.0 0.0 1.0 0.0 0.0 0.7321428571428571 1011.2216455604855 19.49221124961628 117
0.5816993464052288 0.4117647058823529 0.006535947712418301 0.5675675675675675 0.42567567567567566 0.006756756756756757 0.07432432432432433 1070.1809736391097 17.03219334082553 153
1.0 0.0 0.0 1.0 0.0 0.0 0.8041237113402062 1076.1393052234841 21.835527889905627 102
0.9930555555555556 0.006944444444444444 0.0 0.9928057553956835 0.007194244604316547 0.0 0.8345323741007195 1070.991965779252 18.179778151825754 144
1.0 0.0 0.0 1.0 0.0 0.0 0.8993288590604027 1069.594361621921 19.4380360079525 154
0.9806451612903225 0.01935483870967742 0.0 0.98 0.02 0.0 0.7133333333333334 1087.377528547517 19.384085766098895 155
0.9935064935064936 0.006493506493506494 0.0 0.9932885906040269 0.006711409395973154 0.0 0.8053691275167785 1072.0577374040633 17.550569866936158 154
0.9926470588235294 0.007352941176470588 0.0 0.9923664122137404 0.007633587786259542 0.0 0.9847328244274809 1018.1549052294046 17.815016195518414 136
0.9482758620689655 0.05172413793103448 0.0 0.9459459459459459 0.05405405405405406 0.0 0.6666666666666666 1087.37184164704 20.14322949861796 116
0.632 0.248 0.12 0.6166666666666667 0.25833333333333336 0.125 0.7083333333333334 945.0719862693716 17.846214914188145 125
1.0 0.0 0.0 1.0 0.0 0.0 0.7175572519083969 1044.181579923603 19.491082693283367 136
1.0 0.0 0.0 1.0 0.0 0.0 0.8596491228070176 1076.1055768871483 19.647656825251158 119
0.9710144927536232 0.028985507246376812 0.0 0.9699248120300752 0.03007518796992481 0.0 0.8195488721804511 1071.9387277617009 19.04932407774342 138
1.0 0.0 0.0 1.0 0.0 0.0 0.9504132231404959 1078.8196101383621 18.69600175355593 126
0.9572649572649573 0.042735042735042736 0.0 0.9553571428571429 0.044642857142857144 0.0 0.6696428571428571 1085.5888140304344 19.179415079354513 117
0.9312169312169312 0.06878306878306878 0.0 0.9293478260869565 0.07065217391304347 0.0 0.8586956521739131 1086.6928874072917 16.742094834766867 189
0.9663865546218487 0.03361344537815126 0.0 0.9649122807017544 0.03508771929824561 0.0 0.7631578947368421 1087.4440332797024 18.494640764265394 119
1.0 0.0 0.0 1.0 0.0 0.0 0.572463768115942 1061.5665454487794 19.012423477328312 143
1.0 0.0 0.0 1.0 0.0 0.0 0.984251968503937 1003.7237903403807 20.9131678416956 132
0.9615384615384616 0.038461538461538464 0.0 0.9696969696969697 0.030303030303030304 0.0 0.7272727272727273 1086.0714149307933 19.836452805032156 104
0.9923664122137404 0.007633587786259542 0.0 0.9920634920634921 0.007936507936507936 0.0 0.7857142857142857 1086.7724186774435 19.83837156355032 131
1.0 0.0 0.0 1.0 0.0 0.0 0.8225806451612904 988.1975963977505 18.8559112206462 129
0.9712230215827338 0.02877697841726619 0.0 0.9701492537313433 0.029850746268656716 0.0 0.7238805970149254 1082.4201033402294 19.00046447695398 139
1.0 0.0 0.0 1.0 0.0 0.0 1.0 1079.3775717438973 20.654526307154587 132
0.9602649006622517 0.039735099337748346 0.0 0.958904109589041 0.0410958904109589 0.0 0.7123287671232876 1074.0029942157018 17.72901275180306 151
0.9810126582278481 0.0189873417721519 0.0 0.9803921568627451 0.0196078431372549 0.0 0.7647058823529411 1084.8458236205647 18.933740807073356 158
1.0 0.0 0.0 1.0 0.0 0.0 0.8333333333333334 1039.2411382674595 18.8755762389207 119
1.0 0.0 0.0 1.0 0.0 0.0 0.6346153846153846 1085.9051579292627 18.394610025859244 161
0.9916666666666667 0.008333333333333333 0.0 0.991304347826087 0.008695652173913044 0.0 0.8 1079.118669926922 20.145155208541837 120
0.9703703703703703 0.02962962962962963 0.0 0.9692307692307692 0.03076923076923077 0.0 0.5615384615384615 1087.4160126101237 19.074922504034298 135
0.9404761904761905 0.05952380952380952 0.0 0.9386503067484663 0.06134969325153374 0.0 0.0 1086.6109125221976 16.803739508100104 168
1.0 0.0 0.0 1.0 0.0 0.0 0.8653846153846154 1032.4624123913616 20.382818962313387 109
0.9585798816568047 0.04142011834319527 0.0 0.9573170731707317 0.042682926829268296 0.0 0.006097560975609756 1086.4463701828101 17.168601609689187 169
0.9917355371900827 0.008264462809917356 0.0 0.9913793103448276 0.008620689655172414 0.0 0.5689655172413793 1071.4051410345876 20.360282959204014 121
1.0 0.0 0.0 1.0 0.0 0.0 0.0 1007.2113921643735 19.005459882158647 126
0.9927536231884058 0.007246376811594203 0.0 0.9924812030075187 0.007518796992481203 0.0 0.6842105263157895 1084.40787609581 17.961301314226517 138
1.0 0.0 0.0 1.0 0.0 0.0 0.6226415094339622 1065.1302938610763 19.488404636182175 111
0.9626865671641791 0.029850746268656716 0.007462686567164179 0.9612403100775194 0.031007751937984496 0.007751937984496124 0.9689922480620154 1074.8987629435087 18.110992586429607 134
0.9802631578947368 0.019736842105263157 0.0 0.9795918367346939 0.02040816326530612 0.0 0.6938775510204082 1087.4017673686744 18.93671836764676 152
1.0 0.0 0.0 1.0 0.0 0.0 0.8260869565217391 1064.57159054265 21.461990248607083 97
1.0 0.0 0.0 1.0 0.0 0.0 0.8863636363636364 1073.807797559015 18.438351944170346 137
0.9487179487179487 0.05128205128205128 0.0 0.9473684210526315 0.05263157894736842 0.0 0.0 1086.1988859404375 16.59523034710097 195
0.952755905511811 0.047244094488188976 0.0 0.9508196721311475 0.04918032786885246 0.0 0.8360655737704918 1085.2796154107955 19.282952289435666 127
0.9919354838709677 0.008064516129032258 0.0 0.9915966386554622 0.008403361344537815 0.0 0.6974789915966386 1047.4865228275526 18.164784203313634 124
0.9627329192546584 0.037267080745341616 0.0 0.9615384615384616 0.038461538461538464 0.0 0.7884615384615384 1087.386038891385 19.608714064731377 161
0.9722222222222222 0.027777777777777776 0.0 0.9712230215827338 0.02877697841726619 0.0 0.7266187050359713 1087.2988845619482 18.61429851198816 144
0.9855072463768116 0.014492753623188406 0.0 0.9849624060150376 0.015037593984962405 0.0 0.6917293233082706 1086.6125491745677 18.968392701197157 138
1.0 0.0 0.0 1.0 0.0 0.0 0.5294117647058824 1080.2015827492987 19.73310369275529 124
0.9314285714285714 0.06857142857142857 0.0 0.9294117647058824 0.07058823529411765 0.0 0.7294117647058823 1087.2525145206978 18.086964178757135 175
1.0 0.0 0.0 1.0 0.0 0.0 0.990990990990991 1048.3422865876557 20.82680164855038 116
1.0 0.0 0.0 1.0 0.0 0.0 0.9130434782608695 1067.6360347678235 20.624773917047058 120
0.8820224719101124 0.11797752808988764 0.0 0.8786127167630058 0.12138728323699421 0.0 0.8901734104046243 1086.1739493545024 17.493590347685153 178
0.8896103896103896 0.11038961038961038 0.0 0.8859060402684564 0.11409395973154363 0.0 0.7785234899328859 1042.6838680575574 16.75806585434168 154
1.0 0.0 0.0 1.0 0.0 0.0 0.9861111111111112 996.7196619249122 22.800177237760106 77
0.9626865671641791 0.03731343283582089 0.0 0.9612403100775194 0.03875968992248062 0.0 0.8449612403100775 1041.900306390049 17.42466583689889 134
0.9802631578947368 0.019736842105263157 0.0 0.9795918367346939 0.02040816326530612 0.0 0.8503401360544217 1056.5863469125725 19.25665892231146 152
0.9777777777777777 0.022222222222222223 0.0 0.9764705882352941 0.023529411764705882 0.0 0.5764705882352941 1087.1729174522923 20.10181276955029 90
0.9710144927536232 0.028985507246376812 0.0 0.9699248120300752 0.03007518796992481 0.0 0.7293233082706767 1079.358888742254 18.485937404361128 138
0.96 0.04 0.0 0.9586206896551724 0.041379310344827586 0.0 0.7034482758620689 1087.4540594479158 17.718351956203325 150
0.9562841530054644 0.04371584699453552 0.0 0.9550561797752809 0.0449438202247191 0.0 0.8089887640449438 1086.6413371996384 17.189140181202504 183
0.992 0.008 0.0 0.9916666666666667 0.008333333333333333 0.0 0.975 1071.189434025406 20.84217938062187 125
0.9711538461538461 0.028846153846153848 0.0 0.9696969696969697 0.030303030303030304 0.0 0.8080808080808081 1087.4105650209012 20.64023683544915 104
1.0 0.0 0.0 1.0 0.0 0.0 0.9714285714285714 1075.2895968102491 20.47047754936258 75
0.9478260869565217 0.05217391304347826 0.0 0.9454545454545454 0.05454545454545454 0.0 0.6818181818181818 1087.4455372200098 20.314364925276667 115
1.0 0.0 0.0 1.0 0.0 0.0 0.6323529411764706 1081.1489126117572 20.310726930794754 141
0.96875 0.03125 0.0 0.967479674796748 0.032520325203252036 0.0 0.7886178861788617 1087.4880395979712 19.052001269402485 128
1.0 0.0 0.0 1.0 0.0 0.0 0.6910569105691057 1057.8784460073573 18.084720420275087 128
1.0 0.0 0.0 1.0 0.0 0.0 0.8241758241758241 1077.459612560395 21.938161547479666 96
1.0 0.0 0.0 1.0 0.0 0.0 0.675 1029.076656224763 18.027709751533376 125
1.0 0.0 0.0 1.0 0.0 0.0 0.48031496062992124 1081.2215393299064 18.94205291493908 132
1.0 0.0 0.0 1.0 0.0 0.0 0.8174603174603174 1007.3350887082481 18.542948132331624 131
1.0 0.0 0.0 1.0 0.0 0.0 0.7525773195876289 1051.3548402231788 19.959263923257932 102
1.0 0.0 0.0 1.0 0.0 0.0 0.725 1046.2553045783818 19.56845470668996 125
0.9886363636363636 0.011363636363636364 0.0 0.9879518072289156 0.012048192771084338 0.0 0.8313253012048193 1086.091969667329 22.430410759622387 88
0.9696969696969697 0.030303030303030304 0.0 0.9680851063829787 0.031914893617021274 0.0 0.9042553191489362 1068.298588050627 19.743769126327955 99
0.989247311827957 0.010752688172043012 0.0 0.9886363636363636 0.011363636363636364 0.0 0.8522727272727273 1068.9295330187324 20.909410212520363 93
0.9930555555555556 0.006944444444444444 0.0 0.9928057553956835 0.007194244604316547 0.0 0.8561151079136691 1073.3648167146866 17.90872086878958 144
0.9912280701754386 0.008771929824561403 0.0 0.9908256880733946 0.009174311926605505 0.0 0.7155963302752294 1086.0262731004752 20.0912494049622 114
0.975609756097561 0.024390243902439025 0.0 0.9745762711864406 0.025423728813559324 0.0 0.6186440677966102 1085.529440436185 20.138981782675373 123
0.972972972972973 0.02702702702702703 0.0 0.9716981132075472 0.02830188679245283 0.0 0.7830188679245284 1073.0799846390407 20.070623485056164 111
0.9936708860759493 0.006329113924050633 0.0 0.9934640522875817 0.006535947712418301 0.0 0.8366013071895425 1079.1503201757664 17.780843872786722 158
1.0 0.0 0.0 1.0 0.0 0.0 0.9880952380952381 1068.9317417040506 21.875322620818068 89
1.0 0.0 0.0 1.0 0.0 0.0 0.9484536082474226 1039.9425766024394 19.478183241934875 102
0.9175824175824175 0.08241758241758242 0.0 0.9152542372881356 0.0847457627118644 0.0 0.6610169491525424 1087.2878065192012 17.061875503967133 182
0.9302325581395349 0.06976744186046512 0.0 0.9274193548387096 0.07258064516129033 0.0 0.5887096774193549 1087.3540875413294 19.17602239991858 129
1.0 0.0 0.0 1.0 0.0 0.0 0.8095238095238095 1076.3954558157518 20.381627386625517 131
1.0 0.0 0.0 1.0 0.0 0.0 0.803921568627451 1061.6446989759372 20.028076657105085 107
0.9857142857142858 0.014285714285714285 0.0 0.9851851851851852 0.014814814814814815 0.0 0.7037037037037037 1075.333144069094 18.593780529588173 140
1.0 0.0 0.0 1.0 0.0 0.0 0.7289719626168224 1010.976992875717 19.51191761533197 112
0.9432624113475178 0.05673758865248227 0.0 0.9411764705882353 0.058823529411764705 0.0 0.7647058823529411 1071.8873887092655 16.877427941680274 141
0.9818181818181818 0.01818181818181818 0.0 0.9809523809523809 0.01904761904761905 0.0 0.6571428571428571 1087.4874053792796 20.54355259186652 110
1.0 0.0 0.0 1.0 0.0 0.0 0.9052631578947369 1086.3305012172175 20.841295951810014 100
0.9907407407407407 0.009259259259259259 0.0 0.9902912621359223 0.009708737864077669 0.0 0.6893203883495146 1038.825198587009 18.31070793307404 108
0.9915966386554622 0.008403361344537815 0.0 0.9912280701754386 0.008771929824561403 0.0 0.8157894736842105 1078.5599603659618 20.891934151312388 119
0.8833333333333333 0.11666666666666667 0.0 0.88 0.12 0.0 0.0 1068.6204235203759 17.056699485533787 180
0.9542857142857143 0.045714285714285714 0.0 0.9529411764705882 0.047058823529411764 0.0 0.011764705882352941 1087.3899388498614 17.01439942153285 175
0.6716417910447762 0.3283582089552239 0.0 0.6632653061224489 0.336734693877551 0.0 0.0 1082.454015224836 16.03944127307617 201
1.0 0.0 0.0 1.0 0.0 0.0 0.7706422018348624 1037.557294352251 20.105999421843798 114
0.9694656488549618 0.030534351145038167 0.0 0.9682539682539683 0.031746031746031744 0.0 0.6746031746031746 1087.3996730915203 19.198896904949507 131
0.9754098360655737 0.02459016393442623 0.0 0.9743589743589743 0.02564102564102564 0.0 0.7863247863247863 1076.5770557515477 18.34034695946221 122
1.0 0.0 0.0 1.0 0.0 0.0 0.7089552238805971 1039.9377258408526 18.70624568746972 139
0.9809523809523809 0.01904761904761905 0.0 0.98 0.02 0.0 0.68 1032.7337041048984 20.40161557071192 105
0.9814814814814815 0.018518518518518517 0.0 0.9805825242718447 0.019417475728155338 0.0 0.7475728155339806 1087.3681035102843 20.269398508756073 108
0.9567901234567902 0.043209876543209874 0.0 0.9554140127388535 0.044585987261146494 0.0 0.025477707006369428 1072.7015987362047 18.045571444170736 162
0.8156028368794326 0.18439716312056736 0.0 0.8088235294117647 0.19117647058823528 0.0 0.7941176470588235 1083.6982795113483 16.39423424906502 141
1.0 0.0 0.0 1.0 0.0 0.0 0.7142857142857143 1086.8107819393085 18.648523982566115 152
1.0 0.0 0.0 1.0 0.0 0.0 0.9180327868852459 1075.8254294703797 19.571933093736288 127
0.9426229508196722 0.05737704918032787 0.0 0.9401709401709402 0.05982905982905983 0.0 0.6923076923076923 1087.4759451701907 19.439475841423675 122
0.9776119402985075 0.022388059701492536 0.0 0.9767441860465116 0.023255813953488372 0.0 0.751937984496124 1087.4264352549676 19.003042062488575 134
0.9943181818181818 0.005681818181818182 0.0 0.9941520467836257 0.005847953216374269 0.0 0.0 1080.1545931592095 17.763587430217083 176
1.0 0.0 0.0 1.0 0.0 0.0 0.7014925373134329 1080.4693026697437 19.590147435272197 72
0.9862068965517241 0.013793103448275862 0.0 0.9857142857142858 0.014285714285714285 0.0 0.6928571428571428 1087.389264047504 18.27578561848674 145
1.0 0.0 0.0 1.0 0.0 0.0 0.0 983.5856000078074 18.09419102792989 168
1.0 0.0 0.0 1.0 0.0 0.0 0.8773584905660378 1070.292772175113 21.379001153234874 111
1.0 0.0 0.0 1.0 0.0 0.0 0.8676470588235294 1076.8900946359236 19.527129152989136 141
0.9896907216494846 0.010309278350515464 0.0 0.9891304347826086 0.010869565217391304 0.0 0.7934782608695652 1081.8283728674157 21.343432243880052 97
0.9433962264150944 0.05660377358490566 0.0 0.9415584415584416 0.05844155844155844 0.0 0.7012987012987013 1087.4817107019815 18.806122744693432 159
0.936046511627907 0.06395348837209303 0.0 0.9341317365269461 0.0658682634730539 0.0 0.7365269461077845 1087.3908223161945 18.334118048119738 172
1.0 0.0 0.0 1.0 0.0 0.0 0.9097744360902256 1083.338286238669 19.993128366961173 138
0.9479166666666666 0.052083333333333336 0.0 0.946524064171123 0.053475935828877004 0.0 0.0 1087.4114782425345 16.82372121054855 192
0.8648648648648649 0.12972972972972974 0.005405405405405406 0.8611111111111112 0.13333333333333333 0.005555555555555556 0.005555555555555556 1085.9973760053729 17.361587918502696 185
1.0 0.0 0.0 1.0 0.0 0.0 0.9714285714285714 1023.3568801627141 20.601990315842716 110
0.9716312056737588 0.028368794326241134 0.0 0.9705882352941176 0.029411764705882353 0.0 0.7794117647058824 1087.376454603025 18.920178994874103 141
1.0 0.0 0.0 1.0 0.0 0.0 0.7870370370370371 1076.852882001637 19.095228846724694 113
0.9113924050632911 0.08860759493670886 0.0 0.9084967320261438 0.0915032679738562 0.0 0.006535947712418301 1041.802347563026 17.43682027338875 158
1.0 0.0 0.0 1.0 0.0 0.0 0.7878787878787878 1002.80029467019 19.207668826198052 104
1.0 0.0 0.0 1.0 0.0 0.0 0.9 1054.6027788734227 20.188064737380508 105
0.9765625 0.0234375 0.0 0.983739837398374 0.016260162601626018 0.0 0.8211382113821138 1072.541798556752 18.479979286578637 128
0.896969696969697 0.10303030303030303 0.0 0.89375 0.10625 0.0 0.00625 1069.8688512833373 18.403453718140486 165
0.9891891891891892 0.010810810810810811 0.0 0.9888888888888889 0.011111111111111112 0.0 0.6666666666666666 1087.0424573675398 17.700825911228 185
0.984 0.016 0.0 0.9833333333333333 0.016666666666666666 0.0 0.8166666666666667 1068.3226226863849 19.610804560000464 125
0.9926470588235294 0.007352941176470588 0.0 0.9923664122137404 0.007633587786259542 0.0 0.8015267175572519 1087.3666958264407 18.588758416256947 136
0.984251968503937 0.015748031496062992 0.0 0.9836065573770492 0.01639344262295082 0.0 0.860655737704918 1085.0487322868655 19.558038069797337 127
0.9253731343283582 0.07462686567164178 0.0 0.9224806201550387 0.07751937984496124 0.0 0.6046511627906976 1087.3486466289287 18.682110008230033 134
0.9813084112149533 0.018691588785046728 0.0 0.9803921568627451 0.0196078431372549 0.0 0.45098039215686275 1086.2391656032482 19.12239525362318 107
1.0 0.0 0.0 1.0 0.0 0.0 0.8446601941747572 1075.667644906726 19.13020663526095 108
0.98125 0.01875 0.0 0.9806451612903225 0.01935483870967742 0.0 0.7225806451612903 1086.718370676744 19.131936080379134 160
0.9554140127388535 0.044585987261146494 0.0 0.9539473684210527 0.046052631578947366 0.0 0.625 1087.4232762585298 18.341855550458863 157
1.0 0.0 0.0 1.0 0.0 0.0 0.8421052631578947 1071.4091879286775 20.666748702452747 100
0.9622641509433962 0.03773584905660377 0.0 0.9603960396039604 0.039603960396039604 0.0 0.7722772277227723 1087.0063179091997 19.455138264647577 106
1.0 0.0 0.0 1.0 0.0 0.0 0.6759259259259259 1071.6207864841776 20.985769829521303 113
0.9407894736842105 0.05921052631578947 0.0 0.9387755102040817 0.061224489795918366 0.0 0.7755102040816326 1087.4574177229026 18.484824263853465 152
0.9365079365079365 0.06349206349206349 0.0 0.9338842975206612 0.06611570247933884 0.0 0.6776859504132231 1087.4518414069373 19.00596885469868 126
0.9851485148514851 0.01485148514851485 0.0 0.9847715736040609 0.015228426395939087 0.0 0.7614213197969543 1087.4074612719855 17.534461476975935 202
0.9712230215827338 0.02877697841726619 0.0 0.9701492537313433 0.029850746268656716 0.0 0.7910447761194029 1085.494040840441 19.098850322857025 139
1.0 0.0 0.0 1.0 0.0 0.0 0.7983193277310925 1046.1386369414506 19.57893128419557 124
0.9838709677419355 0.016129032258064516 0.0 0.9831932773109243 0.01680672268907563 0.0 0.8823529411764706 1086.6558782934972 19.6325475408562 124
0.9874213836477987 0.012578616352201259 0.0 0.987012987012987 0.012987012987012988 0.0 0.7727272727272727 1054.7484273877938 18.113254867455048 159
0.9814814814814815 0.018518518518518517 0.0 0.9902912621359223 0.009708737864077669 0.0 0.9029126213592233 1077.2275078359662 20.30402712786252 108
0.9935897435897436 0.00641025641025641 0.0 0.9933774834437086 0.006622516556291391 0.0 0.9072847682119205 1064.330478631472 18.009008638150707 156
0.9919354838709677 0.008064516129032258 0.0 0.9915966386554622 0.008403361344537815 0.0 0.7478991596638656 1087.2093661540398 19.538677842705873 124
1.0 0.0 0.0 1.0 0.0 0.0 0.6410256410256411 1086.7769687679422 19.67088239132163 161
1.0 0.0 0.0 1.0 0.0 0.0 0.9722222222222222 1002.7895956651678 21.86616922575292 77
0.9602649006622517 0.039735099337748346 0.0 0.9657534246575342 0.03424657534246575 0.0 0.726027397260274 1083.4695793867754 19.836027612200773 151
0.993421052631579 0.006578947368421052 0.0 0.9931972789115646 0.006802721088435374 0.0 0.891156462585034 1054.2600501672007 18.44004344771032 152
0.9861111111111112 0.013888888888888888 0.0 0.9856115107913669 0.014388489208633094 0.0 0.7050359712230215 1076.107958399249 19.364307793491154 144
0.9640287769784173 0.03597122302158273 0.0 0.9626865671641791 0.03731343283582089 0.0 0.7089552238805971 1085.542559347046 20.404087201487027 139
1.0 0.0 0.0 1.0 0.0 0.0 0.8148148148148148 1083.3573467212634 18.92440029844623 140
0.9214285714285714 0.07857142857142857 0.0 0.9185185185185185 0.08148148148148149 0.0 0.7851851851851852 1087.081662408226 17.905843242164284 140
0.9794871794871794 0.020512820512820513 0.0 0.9789473684210527 0.021052631578947368 0.0 0.3894736842105263 1086.5847114109902 17.34893922266942 195
0.9937106918238994 0.006289308176100629 0.0 0.9935064935064936 0.006493506493506494 0.0 0.6753246753246753 1085.7344023275602 18.261393270539443 159
1.0 0.0 0.0 1.0 0.0 0.0 0.7247706422018348 1068.0197972563678 19.34955689587193 114
0.9794520547945206 0.02054794520547945 0.0 0.9787234042553191 0.02127659574468085 0.0 0.574468085106383 1087.1646979841137 19.605928545754804 146
0.9386503067484663 0.06134969325153374 0.0 0.9367088607594937 0.06329113924050633 0.0 0.6708860759493671 1043.808485931133 17.656833451349346 163
0.9863945578231292 0.013605442176870748 0.0 0.9859154929577465 0.014084507042253521 0.0 0.823943661971831 1087.223834169623 17.71767706475675 147
0.9236641221374046 0.07633587786259542 0.0 0.9206349206349206 0.07936507936507936 0.0 0.7222222222222222 1087.4010861521551 18.822002856478246 131
0.9316770186335404 0.06832298136645963 0.0 0.9294871794871795 0.07051282051282051 0.0 0.6410256410256411 1087.1505774580835 17.73962116220327 161
0.9753086419753086 0.024691358024691357 0.0 0.9808917197452229 0.01910828025477707 0.0 0.8471337579617835 1072.162748291034 17.958436381363814 162
0.9946236559139785 0.005376344086021506 0.0 0.994475138121547 0.0055248618784530384 0.0 0.7403314917127072 1087.0469663389317 18.10888883093445 186
0.948051948051948 0.05194805194805195 0.0 0.9463087248322147 0.053691275167785234 0.0 0.738255033557047 1087.206420164807 18.322826487667534 154
0.9852941176470589 0.014705882352941176 0.0 0.9847328244274809 0.015267175572519083 0.0 0.6564885496183206 1046.155142070075 19.544366862025782 136
0.9595375722543352 0.04046242774566474 0.0 0.9583333333333334 0.041666666666666664 0.0 0.005952380952380952 1077.042701457499 17.668295517379825 173
0.7226277372262774 0.2773722627737226 0.0 0.7121212121212122 0.2878787878787879 0.0 0.8484848484848485 1058.625305145306 17.28669689970273 137
0.9703703703703703 0.02962962962962963 0.0 0.9769230769230769 0.023076923076923078 0.0 0.7615384615384615 1069.1940426972455 18.874860252147734 135
0.9806451612903225 0.01935483870967742 0.0 0.98 0.02 0.0 0.84 1078.3826258180586 16.99298239612946 155
0.943089430894309 0.056910569105691054 0.0 0.940677966101695 0.059322033898305086 0.0 0.7711864406779662 983.7605625794231 17.490409761807594 123
1.0 0.0 0.0 1.0 0.0 0.0 0.7758620689655172 1056.2609042175573 20.689756293740846 121
0.8666666666666667 0.13333333333333333 0.0 0.8615384615384616 0.13846153846153847 0.0 0.6230769230769231 1087.3016905450143 18.48968970046254 135
0.98 0.02 0.0 0.9789473684210527 0.021052631578947368 0.0 0.7578947368421053 1087.3854191561363 19.517934271614912 100
1.0 0.0 0.0 1.0 0.0 0.0 0.6666666666666666 964.5665294739105 18.66748930898299 128
1.0 0.0 0.0 1.0 0.0 0.0 0.9908256880733946 1067.9779707240343 19.392571322248155 114
0.952755905511811 0.047244094488188976 0.0 0.9508196721311475 0.04918032786885246 0.0 0.6639344262295082 1086.9335435712997 20.10665774519142 127
0.9922480620155039 0.007751937984496124 0.0 0.9919354838709677 0.008064516129032258 0.0 0.8467741935483871 1084.016375922708 19.620723138427415 129
0.9612903225806452 0.03870967741935484 0.0 0.9666666666666667 0.03333333333333333 0.0 0.6533333333333333 1087.422414632689 18.13373294140917 155
0.940677966101695 0.059322033898305086 0.0 0.9469026548672567 0.05309734513274336 0.0 0.7256637168141593 1087.3288328283118 20.431875242031843 118
1.0 0.0 0.0 1.0 0.0 0.0 0.8990825688073395 997.0880945990061 20.482638388170464 114
0.9685534591194969 0.031446540880503145 0.0 0.9675324675324676 0.032467532467532464 0.0 0.6948051948051948 1087.4110036757304 17.67649334412367 159
0.9772727272727273 0.022727272727272728 0.0 0.9759036144578314 0.024096385542168676 0.0 0.8674698795180723 1008.8294299831 21.319224930283386 88
0.9646017699115044 0.035398230088495575 0.0 0.9629629629629629 0.037037037037037035 0.0 0.6574074074074074 1086.6221505586125 19.584192694964347 113
0.9928571428571429 0.007142857142857143 0.0 0.9925925925925926 0.007407407407407408 0.0 0.7925925925925926 1068.8634824394292 18.509436945158463 140
0.984 0.016 0.0 0.9833333333333333 0.016666666666666666 0.0 0.8083333333333333 1074.1849057572429 20.562085911083017 125
0.9776119402985075 0.022388059701492536 0.0 0.9767441860465116 0.023255813953488372 0.0 0.5968992248062015 1087.4348498119853 18.756634926218826 134
1.0 0.0 0.0 1.0 0.0 0.0 0.7692307692307693 1028.594287681941 20.525040922807175 109
0.9024390243902439 0.08943089430894309 0.008130081300813009 0.8983050847457628 0.09322033898305085 0.00847457627118644 0.9491525423728814 993.4723982387417 18.513088076680052 123
0.9821428571428571 0.017857142857142856 0.0 0.9815950920245399 0.018404907975460124 0.0 0.7791411042944786 1087.1239615913628 17.760424195045104 168
0.9915966386554622 0.008403361344537815 0.0 0.9912280701754386 0.008771929824561403 0.0 0.6929824561403509 1057.4458461172596 18.138902514318865 119
1.0 0.0 0.0 1.0 0.0 0.0 0.7894736842105263 1086.4590874769121 17.977769442298055 119
1.0 0.0 0.0 1.0 0.0 0.0 0.8473282442748091 1044.8519415067929 18.091146524026016 136
1.0 0.0 0.0 1.0 0.0 0.0 0.7894736842105263 1087.3814010046779 18.79379497903877 138
1.0 0.0 0.0 1.0 0.0 0.0 0.7628865979381443 1029.231211293167 20.036445955447515 102
0.9646017699115044 0.035398230088495575 0.0 0.9629629629629629 0.037037037037037035 0.0 0.7407407407407407 1086.6979664905039 19.55450262160534 113
0.9761904761904762 0.023809523809523808 0.0 0.9752066115702479 0.024793388429752067 0.0 0.6363636363636364 1087.4711447131963 19.04507810152027 126
0.9841269841269841 0.015873015873015872 0.0 0.9917355371900827 0.008264462809917356 0.0 0.8760330578512396 1086.079899447044 18.86940535169482 126
0.98 0.02 0.0 0.9793103448275862 0.020689655172413793 0.0 0.8551724137931035 1076.7737095534703 18.928647752907136 150
0.9820359281437125 0.017964071856287425 0.0 0.9814814814814815 0.018518518518518517 0.0 0.7098765432098766 1085.4983260847366 17.973325223193388 167
1.0 0.0 0.0 1.0 0.0 0.0 1.0 1085.1862895536933 18.504582609382805 167
0.9323308270676691 0.06766917293233082 0.0 0.9296875 0.0703125 0.0 0.6640625 1087.2013143116394 19.23339140172154 133
1.0 0.0 0.0 1.0 0.0 0.0 0.6953125 1079.9968825982228 19.716279208616385 133
1.0 0.0 0.0 1.0 0.0 0.0 0.7159090909090909 1069.3975454352833 21.56278632527907 93
1.0 0.0 0.0 1.0 0.0 0.0 0.7608695652173914 1063.995040487535 18.40236029733433 143
1.0 0.0 0.0 1.0 0.0 0.0 0.890625 1054.28463218837 19.112927690524707 133
0.9482758620689655 0.05172413793103448 0.0 0.9467455621301775 0.05325443786982249 0.0 0.7100591715976331 1087.4131695208923 17.23590086984221 174
1.0 0.0 0.0 1.0 0.0 0.0 0.8208955223880597 1067.0278709078493 20.959354422295725 72
0.9928571428571429 0.007142857142857143 0.0 0.9925925925925926 0.007407407407407408 0.0 0.7925925925925926 1035.2953178499583 18.525158727971636 140
0.99375 0.00625 0.0 0.9935483870967742 0.0064516129032258064 0.0 0.5935483870967742 1087.2993554964219 17.91400178656431 160
1.0 0.0 0.0 1.0 0.0 0.0 0.7577639751552795 1087.3174815596165 18.019569306175665 166
1.0 0.0 0.0 1.0 0.0 0.0 0.7226890756302521 961.1189690193711 18.87033836771881 124
0.965034965034965 0.03496503496503497 0.0 0.9637681159420289 0.036231884057971016 0.0 0.8043478260869565 1087.0523638085317 18.910496452283144 143
1.0 0.0 0.0 1.0 0.0 0.0 0.8857142857142857 1049.3961487071197 17.67168130654025 145
0.989010989010989 0.01098901098901099 0.0 0.9883720930232558 0.011627906976744186 0.0 0.7906976744186046 1075.9312870756326 21.4248999461325 91
0.8266666666666667 0.17333333333333334 0.0 0.8206896551724138 0.1793103448275862 0.0 0.7655172413793103 1070.54136042575 17.247785648191456 150
0.9565217391304348 0.043478260869565216 0.0 0.9545454545454546 0.045454545454545456 0.0 0.7 1087.2375829980635 19.06469142004808 115
0.8992248062015504 0.09302325581395349 0.007751937984496124 0.8951612903225806 0.0967741935483871 0.008064516129032258 0.6693548387096774 1087.1826660041431 19.16118292071553 129
1.0 0.0 0.0 1.0 0.0 0.0 1.0 1062.0453102841036 25.00108471023881 55
1.0 0.0 0.0 1.0 0.0 0.0 0.8 1087.0602849500574 19.284488528845664 130
0.9741935483870968 0.025806451612903226 0.0 0.9733333333333334 0.02666666666666667 0.0 0.82 1035.3543751420484 17.66178128821586 155
0.9887640449438202 0.011235955056179775 0.0 0.9884393063583815 0.011560693641618497 0.0 0.5433526011560693 1087.1870731381805 18.30977168363122 178
0.6954022988505747 0.3045977011494253 0.0 0.6863905325443787 0.3136094674556213 0.0 0.005917159763313609 1081.2338170160137 15.885195012337872 174
1.0 0.0 0.0 1.0 0.0 0.0 0.912621359223301 1013.9165286295754 20.201234926423346 108
0.9302325581395349 0.06976744186046512 0.0 0.9281437125748503 0.0718562874251497 0.0 0.688622754491018 1086.0793803233444 16.56319787613455 172
0.9869281045751634 0.013071895424836602 0.0 0.9864864864864865 0.013513513513513514 0.0 0.7297297297297297 1087.1508143769775 18.875680023355322 153
0.9844961240310077 0.015503875968992248 0.0 0.9838709677419355 0.016129032258064516 0.0 0.6774193548387096 1085.2868966887124 18.98593600815837 129
1.0 0.0 0.0 1.0 0.0 0.0 0.7724137931034483 1086.7222666231582 18.148708453097274 150
1.0 0.0 0.0 1.0 0.0 0.0 0.6535947712418301 1045.0562600515964 18.94300141505061 158
0.98125 0.01875 0.0 0.9806451612903225 0.01935483870967742 0.0 0.6774193548387096 1076.2300980735022 17.394764116876416 160
0.9807692307692307 0.019230769230769232 0.0 0.9797979797979798 0.020202020202020204 0.0 0.6262626262626263 1075.2458213734342 19.396066163310017 104
1.0 0.0 0.0 1.0 0.0 0.0 0.8902439024390244 1030.712475927567 22.52525375774513 87
1.0 0.0 0.0 1.0 0.0 0.0 0.5197368421052632 1063.5748699664298 17.889379489045712 157
0.9577464788732394 0.04225352112676056 0.0 0.9562043795620438 0.043795620437956206 0.0 0.5766423357664233 1087.4656482104024 17.888881644009917 142
0.936 0.064 0.0 0.9333333333333333 0.06666666666666667 0.0 0.6833333333333333 1087.324859133501 19.838284084370468 125
1.0 0.0 0.0 1.0 0.0 0.0 0.6538461538461539 1086.4825646604056 19.428804626495687 135
0.7611940298507462 0.23880597014925373 0.0 0.751937984496124 0.24806201550387597 0.0 0.007751937984496124 1032.10472977343 16.709107603978804 134
0.9819819819819819 0.018018018018018018 0.0 0.9811320754716981 0.018867924528301886 0.0 0.8113207547169812 1086.3485579025225 20.492226482726913 111
0.8411214953271028 0.1588785046728972 0.0 0.8373205741626795 0.16267942583732056 0.0 0.014354066985645933 1077.9531755327666 16.85049633036269 214
0.9923076923076923 0.007692307692307693 0.0 0.992 0.008 0.0 0.856 1077.4104343173785 19.786579649024482 130
1.0 0.0 0.0 1.0 0.0 0.0 0.8611111111111112 1085.4142186241909 18.938259965250833 113
1.0 0.0 0.0 1.0 0.0 0.0 0.9 1063.0714916766933 19.315055414903284 125
0.9905660377358491 0.009433962264150943 0.0 0.9900990099009901 0.009900990099009901 0.0 0.9306930693069307 1063.954431566355 20.07074397106712 106
0.9646017699115044 0.035398230088495575 0.0 0.9629629629629629 0.037037037037037035 0.0 0.7685185185185185 1087.424135300681 19.005638903354974 113
1.0 0.0 0.0 1.0 0.0 0.0 1.0 1024.505347332602 19.34514550573539 132
0.96 0.04 0.0 0.9586206896551724 0.041379310344827586 0.0 0.7034482758620689 1087.4055904825004 18.354104368150182 150
0.8102189781021898 0.1386861313868613 0.051094890510948905 0.803030303030303 0.14393939393939395 0.05303030303030303 0.7651515151515151 1086.0225110125834 19.06337396614153 137
1.0 0.0 0.0 1.0 0.0 0.0 0.8813559322033898 1082.3693016392692 19.89531410214252 123
0.984375 0.015625 0.0 0.983739837398374 0.016260162601626018 0.0 0.7317073170731707 1087.041171309827 19.477538344861003 128
1.0 0.0 0.0 1.0 0.0 0.0 0.782608695652174 1061.019439773832 19.36514021019002 143
0.9942857142857143 0.005714285714285714 0.0 0.9941176470588236 0.0058823529411764705 0.0 0.7 1086.4776837754846 18.008635815526365 175
0.8802395209580839 0.11976047904191617 0.0 0.8765432098765432 0.12345679012345678 0.0 0.0 1086.1490267956563 16.787481825648733 167
0.9917355371900827 0.008264462809917356 0.0 0.9913793103448276 0.008620689655172414 0.0 0.7413793103448276 1082.6821046900677 19.13855543604309 121
0.9765625 0.0234375 0.0 0.975609756097561 0.024390243902439025 0.0 0.8130081300813008 1087.4329570541777 18.926540501868004 128
0.9928057553956835 0.007194244604316547 0.0 0.9925373134328358 0.007462686567164179 0.0 0.7910447761194029 1085.1573936362781 18.91054379184615 139
0.8616352201257862 0.13836477987421383 0.0 0.8571428571428571 0.14285714285714285 0.0 0.5714285714285714 1087.175473830517 17.29432526169921 159
0.9661016949152542 0.03389830508474576 0.0 0.9646017699115044 0.035398230088495575 0.0 0.672566371681416 1086.651648862544 18.902577959124425 118
0.9555555555555556 0.044444444444444446 0.0 0.9538461538461539 0.046153846153846156 0.0 0.9 1032.8338246625344 17.315642965702914 135
0.9640287769784173 0.03597122302158273 0.0 0.9626865671641791 0.03731343283582089 0.0 0.9402985074626866 1073.4961757470894 17.61248464677705 139
1.0 0.0 0.0 1.0 0.0 0.0 0.6756756756756757 1055.03256890141 19.283369927037757 79
0.920863309352518 0.07913669064748201 0.0 0.917910447761194 0.08208955223880597 0.0 0.7761194029850746 1086.3734225406986 17.142064276708922 139
0.984375 0.015625 0.0 0.983739837398374 0.016260162601626018 0.0 0.6504065040650406 1078.47672406973 19.0218635577693 128
1.0 0.0 0.0 1.0 0.0 0.0 0.7236842105263158 1048.5958771413798 20.39140954269162 81
0.9765625 0.0234375 0.0 0.975609756097561 0.024390243902439025 0.0 0.7804878048780488 1086.4601344664834 19.15583932288074 128
