0.7909604519774012 0.20903954802259886 0.0 0.7848837209302325 0.21511627906976744 0.0 0.0 1044.286543548199 16.31777484498834 177
0.9852941176470589 0.014705882352941176 0.0 0.9847328244274809 0.015267175572519083 0.0 0.8244274809160306 1087.4018223642252 19.22735275625525 136
0.9821428571428571 0.017857142857142856 0.0 0.9813084112149533 0.018691588785046728 0.0 0.8598130841121495 1085.7495193925583 20.869780983855083 112
1.0 0.0 0.0 1.0 0.0 0.0 0.9238095238095239 1051.708883588896 20.320873119909816 110
0.948905109489051 0.051094890510948905 0.0 0.946969696969697 0.05303030303030303 0.0 0.8181818181818182 1069.2730002712321 17.682953087913937 137
0.9694656488549618 0.030534351145038167 0.0 0.9682539682539683 0.031746031746031744 0.0 0.8650793650793651 1030.6672030853147 19.856201449757453 131
1.0 0.0 0.0 1.0 0.0 0.0 1.0 1047.8210011175395 25.117038263953205 65
0.9666666666666667 0.03333333333333333 0.0 0.9724137931034482 0.027586206896551724 0.0 0.6137931034482759 1085.4136758989498 18.222616542886048 150
0.9927536231884058 0.007246376811594203 0.0 0.9924812030075187 0.007518796992481203 0.0 0.706766917293233 1021.9176435815775 19.623223409694727 138
0.9841269841269841 0.015873015873015872 0.0 0.9834710743801653 0.01652892561983471 0.0 0.8099173553719008 1082.8407476261239 19.793719539732013 126
0.9259259259259259 0.07407407407407407 0.0 0.9230769230769231 0.07692307692307693 0.0 0.007692307692307693 1079.0049299069703 17.401175104471058 135
0.9898477157360406 0.01015228426395939 0.0 0.9895833333333334 0.010416666666666666 0.0 0.7916666666666666 1086.3761392364095 17.43469413041402 197
0.8854961832061069 0.11450381679389313 0.0 0.8809523809523809 0.11904761904761904 0.0 0.6904761904761905 1086.7527640462984 19.457064930985513 131
1.0 0.0 0.0 1.0 0.0 0.0 0.8986486486486487 1086.968241968241 18.542117857665612 153
1.0 0.0 0.0 1.0 0.0 0.0 0.9811320754716981 1054.1395138931332 20.417564306694015 111
1.0 0.0 0.0 1.0 0.0 0.0 0.7235772357723578 1070.4380063870474 20.252719946819187 128
0.990990990990991 0.009009009009009009 0.0 0.9905660377358491 0.009433962264150943 0.0 0.7264150943396226 1086.2972634684388 21.164317841539802 111
0.9863945578231292 0.013605442176870748 0.0 0.9859154929577465 0.014084507042253521 0.0 0.6408450704225352 1087.436816904804 19.067464445891105 147
0.9830508474576272 0.01694915254237288 0.0 0.9823008849557522 0.017699115044247787 0.0 0.6902654867256637 1083.3892862781984 18.82542087446942 118
0.9662162162162162 0.033783783783783786 0.0 0.965034965034965 0.03496503496503497 0.0 0.8461538461538461 1010.4741894426248 18.73748992921989 148
0.9779411764705882 0.022058823529411766 0.0 0.9770992366412213 0.022900763358778626 0.0 0.8320610687022901 1087.3550892406306 17.725759176388532 136
0.9877300613496932 0.012269938650306749 0.0 0.9873417721518988 0.012658227848101266 0.0 0.8860759493670886 1081.105442744684 18.29149180073043 163
0.9649122807017544 0.03508771929824561 0.0 0.963302752293578 0.03669724770642202 0.0 0.6972477064220184 1086.4197411094385 20.245869000419276 114
0.9901960784313726 0.00980392156862745 0.0 0.9896907216494846 0.010309278350515464 0.0 0.8762886597938144 1083.7594103584347 21.4024370812849 102
0.9426751592356688 0.05732484076433121 0.0 0.9407894736842105 0.05921052631578947 0.0 0.0 1031.8484355066862 17.754689163272314 157
0.9279279279279279 0.07207207207207207 0.0 0.9245283018867925 0.07547169811320754 0.0 0.7264150943396226 1076.8933501455385 20.59126462005183 111
0.9935064935064936 0.006493506493506494 0.0 0.9932885906040269 0.006711409395973154 0.0 0.8120805369127517 1087.2499243261082 19.07509820508488 154
0.9741935483870968 0.025806451612903226 0.0 0.98 0.02 0.0 0.7266666666666667 1087.3635967308549 18.468679068830358 155
1.0 0.0 0.0 1.0 0.0 0.0 0.6621621621621622 989.4456257863293 20.62424083320462 79
1.0 0.0 0.0 1.0 0.0 0.0 0.7099236641221374 1064.1758875782934 19.51300897647126 136
0.9865771812080537 0.013422818791946308 0.0 0.9861111111111112 0.013888888888888888 0.0 0.8541666666666666 1086.6089556726754 18.371501030333164 149
0.9570552147239264 0.04294478527607362 0.0 0.9556962025316456 0.04430379746835443 0.0 0.7974683544303798 1087.2803620707573 17.903694341591567 163
0.9851851851851852 0.014814814814814815 0.0 0.9846153846153847 0.015384615384615385 0.0 0.7153846153846154 1087.1621493855034 19.065699273231694 135
0.9459459459459459 0.05405405405405406 0.0 0.9440559440559441 0.055944055944055944 0.0 0.8391608391608392 1074.942162304967 17.658155790336508 148
1.0 0.0 0.0 1.0 0.0 0.0 0.6124031007751938 1085.865760116662 20.560687671762377 134
0.9915966386554622 0.008403361344537815 0.0 0.9912280701754386 0.008771929824561403 0.0 0.9035087719298246 1047.1719813954037 20.373116646699884 119
1.0 0.0 0.0 1.0 0.0 0.0 0.8921568627450981 1028.788306006847 21.490546357381362 107
0.8 0.18461538461538463 0.015384615384615385 0.792 0.192 0.016 0.728 1087.3777193330327 18.146114131470732 130
0.967948717948718 0.03205128205128205 0.0 0.9668874172185431 0.033112582781456956 0.0 0.006622516556291391 1065.637542254627 18.534907331246725 156
0.9891304347826086 0.010869565217391304 0.0 0.9885057471264368 0.011494252873563218 0.0 0.7126436781609196 1087.0732059494708 20.81421747818916 92
0.9292035398230089 0.07079646017699115 0.0 0.9259259259259259 0.07407407407407407 0.0 0.7592592592592593 1087.1947915336543 20.528709927341467 113
0.9634146341463414 0.036585365853658534 0.0 0.9685534591194969 0.031446540880503145 0.0 0.8553459119496856 1087.4383330832152 18.527604121899184 164
0.9532710280373832 0.04672897196261682 0.0 0.9509803921568627 0.049019607843137254 0.0 0.6372549019607843 1081.4760935991455 19.966020439218074 107
1.0 0.0 0.0 1.0 0.0 0.0 0.831858407079646 1073.1806633375468 19.446971843945583 118
1.0 0.0 0.0 1.0 0.0 0.0 0.970873786407767 1062.2888584779778 20.746111088935155 108
0.959349593495935 0.04065040650406504 0.0 0.9576271186440678 0.0423728813559322 0.0 0.788135593220339 1063.1852413637646 20.27292943235917 123
0.989247311827957 0.010752688172043012 0.0 0.9886363636363636 0.011363636363636364 0.0 0.8636363636363636 1026.6257894006656 18.653194319153357 93
0.9919354838709677 0.008064516129032258 0.0 0.9915966386554622 0.008403361344537815 0.0 0.8907563025210085 1087.253824365035 18.373363434458884 124
0.9926470588235294 0.007352941176470588 0.0 0.9923664122137404 0.007633587786259542 0.0 0.8625954198473282 1052.9919882105655 18.451508957709244 136
0.9357798165137615 0.06422018348623854 0.0 0.9326923076923077 0.0673076923076923 0.0 0.8461538461538461 1087.193474600932 21.685829258908615 109
0.9609375 0.0390625 0.0 0.959349593495935 0.04065040650406504 0.0 0.5934959349593496 1069.539095835582 18.80815831779997 128
0.9707602339181286 0.029239766081871343 0.0 0.9759036144578314 0.024096385542168676 0.0 0.9156626506024096 1084.8849816394275 18.460922118021262 171
1.0 0.0 0.0 1.0 0.0 0.0 1.0 1076.9014542948194 22.375114300107143 106
0.9920634920634921 0.007936507936507936 0.0 0.9917355371900827 0.008264462809917356 0.0 0.6942148760330579 1025.3328278800345 19.075598370104537 126
0.9719626168224299 0.028037383177570093 0.0 0.9705882352941176 0.029411764705882353 0.0 0.7549019607843137 1058.9647958439823 20.436207856886366 107
0.9383561643835616 0.06164383561643835 0.0 0.9361702127659575 0.06382978723404255 0.0 0.8014184397163121 1036.3123687605719 18.579689340041522 146
0.9849624060150376 0.015037593984962405 0.0 0.9921875 0.0078125 0.0 0.8828125 1078.7208327177611 19.75865704125958 133
1.0 0.0 0.0 1.0 0.0 0.0 1.0 1073.0812631078877 19.867371570254193 142
0.9587628865979382 0.041237113402061855 0.0 0.9565217391304348 0.043478260869565216 0.0 0.8043478260869565 1087.4303818534427 20.904347340388192 97
0.940677966101695 0.059322033898305086 0.0 0.9380530973451328 0.061946902654867256 0.0 0.7168141592920354 1082.8951855033797 19.124581908981614 118
0.9754098360655737 0.02459016393442623 0.0 0.9743589743589743 0.02564102564102564 0.0 0.9743589743589743 1075.9425615623984 20.901793609664708 122
1.0 0.0 0.0 1.0 0.0 0.0 0.8222222222222222 1082.6051356740638 18.336407106793867 140
0.9782608695652174 0.021739130434782608 0.0 0.9849624060150376 0.015037593984962405 0.0 0.6992481203007519 1086.643164673345 19.657108113108322 138
0.9881656804733728 0.011834319526627219 0.0 0.9878048780487805 0.012195121951219513 0.0 0.7195121951219512 1085.5874584928454 18.125465073084374 169
0.9878787878787879 0.012121212121212121 0.0 0.9875 0.0125 0.0 0.86875 1034.127002752493 17.264599720904013 165
0.9802631578947368 0.019736842105263157 0.0 0.9795918367346939 0.02040816326530612 0.0 0.9659863945578231 1084.717205755892 19.069224100207027 152
1.0 0.0 0.0 1.0 0.0 0.0 0.6631578947368421 1056.5797411315482 21.098506101317913 100
0.9606299212598425 0.03937007874015748 0.0 0.9672131147540983 0.03278688524590164 0.0 0.819672131147541 1078.8230784799694 19.120353363092082 127
0.9230769230769231 0.07692307692307693 0.0 0.9285714285714286 0.07142857142857142 0.0 0.8303571428571429 1046.810768328732 19.23482581186941 117
0.9555555555555556 0.044444444444444446 0.0 0.9538461538461539 0.046153846153846156 0.0 0.7230769230769231 1042.2364062703166 18.092175218733093 135
0.9487179487179487 0.05128205128205128 0.0 0.9464285714285714 0.05357142857142857 0.0 0.5446428571428571 1059.808536741823 19.1496232944608 117
0.9142857142857143 0.08571428571428572 0.0 0.9111111111111111 0.08888888888888889 0.0 0.7703703703703704 1087.3704867553747 17.45925553244651 140
1.0 0.0 0.0 1.0 0.0 0.0 1.0 1053.6947473122962 18.364204235272215 145
0.5297029702970297 0.4405940594059406 0.0297029702970297 0.5228426395939086 0.4467005076142132 0.030456852791878174 0.0 1087.3639134745192 16.09049106305778 202
1.0 0.0 0.0 1.0 0.0 0.0 0.7142857142857143 1086.7586355701076 20.482958733278082 103
0.9937888198757764 0.006211180124223602 0.0 0.9935897435897436 0.00641025641025641 0.0 0.8461538461538461 1054.4620191704025 18.882249906972955 161
0.8582089552238806 0.1417910447761194 0.0 0.8527131782945736 0.14728682170542637 0.0 0.0 1067.8015272457726 16.64095429403942 134
0.9915254237288136 0.00847457627118644 0.0 0.9911504424778761 0.008849557522123894 0.0 0.7522123893805309 1068.2146473527623 18.9271823325966 118
0.9572649572649573 0.042735042735042736 0.0 0.9553571428571429 0.044642857142857144 0.0 0.6964285714285714 1087.4380311430718 19.26270389192957 117
0.9133333333333333 0.08666666666666667 0.0 0.9103448275862069 0.0896551724137931 0.0 0.0 1043.707348481029 17.090791260768693 150
0.9583333333333334 0.041666666666666664 0.0 0.9565217391304348 0.043478260869565216 0.0 0.0 1043.454084280167 18.272912548635713 120
0.9340659340659341 0.06593406593406594 0.0 0.9302325581395349 0.06976744186046512 0.0 0.8023255813953488 1069.8193302425475 19.956009212460565 91
0.9256198347107438 0.0743801652892562 0.0 0.9224137931034483 0.07758620689655173 0.0 0.6724137931034483 1082.6054772094624 19.699506830570023 121
0.9689119170984456 0.031088082901554404 0.0 0.973404255319149 0.026595744680851064 0.0 0.0 1087.4898469217212 17.98368473917784 193
0.9669421487603306 0.03305785123966942 0.0 0.9655172413793104 0.034482758620689655 0.0 0.6637931034482759 1072.166239728051 18.861276829583495 121
0.8231292517006803 0.17687074829931973 0.0 0.8169014084507042 0.18309859154929578 0.0 0.0 1087.0562585718744 16.825078066785398 147
0.9814814814814815 0.018518518518518517 0.0 0.9805825242718447 0.019417475728155338 0.0 0.8737864077669902 1040.559755810475 19.35868441866737 108
0.9747899159663865 0.025210084033613446 0.0 0.9736842105263158 0.02631578947368421 0.0 0.8421052631578947 1084.7983926004267 20.499753819793472 119
0.9807692307692307 0.019230769230769232 0.0 0.9797979797979798 0.020202020202020204 0.0 0.6161616161616161 1046.6621927391145 19.72344466627489 104
0.967741935483871 0.03225806451612903 0.0 0.9747899159663865 0.025210084033613446 0.0 0.7394957983193278 1056.9980946862565 18.62458871228877 124
0.9416666666666667 0.058333333333333334 0.0 0.9478260869565217 0.05217391304347826 0.0 0.6956521739130435 1086.4423342349758 17.491117125155508 120
0.9791666666666666 0.020833333333333332 0.0 0.9784172661870504 0.02158273381294964 0.0 0.7266187050359713 1083.07925252904 19.03342358998337 144
0.9774436090225563 0.022556390977443608 0.0 0.9765625 0.0234375 0.0 0.8984375 1083.198855705488 18.955793015996502 133
0.9152542372881356 0.0847457627118644 0.0 0.911504424778761 0.08849557522123894 0.0 0.672566371681416 1087.2694037531262 19.8049526822305 118
0.8673469387755102 0.1326530612244898 0.0 0.8638743455497382 0.13612565445026178 0.0 0.0 1084.981405075492 16.5810467544447 196
0.9389312977099237 0.061068702290076333 0.0 0.9365079365079365 0.06349206349206349 0.0 0.7936507936507936 1086.0610032884172 20.067452133400447 131
1.0 0.0 0.0 1.0 0.0 0.0 0.8608695652173913 1068.375872891555 20.069503894653796 120
0.891566265060241 0.08433734939759036 0.024096385542168676 0.8881987577639752 0.08695652173913043 0.024844720496894408 0.7204968944099379 1087.368646814469 17.898753433041815 166
0.975 0.025 0.0 0.9739130434782609 0.02608695652173913 0.0 0.8 1052.5853677247153 19.452456586380872 120
0.9791666666666666 0.020833333333333332 0.0 0.9784172661870504 0.02158273381294964 0.0 0.9568345323741008 1086.4159284312034 18.74590497284737 144
0.9591836734693877 0.04081632653061224 0.0 0.9577464788732394 0.04225352112676056 0.0 0.852112676056338 1087.4044788387253 19.56819091008978 147
0.9741935483870968 0.025806451612903226 0.0 0.9733333333333334 0.02666666666666667 0.0 0.68 1079.4616398339942 17.714775938754823 155
0.9852941176470589 0.014705882352941176 0.0 0.9847328244274809 0.015267175572519083 0.0 0.8625954198473282 1071.1686893290516 19.626121845396163 136
0.9936305732484076 0.006369426751592357 0.0 0.993421052631579 0.006578947368421052 0.0 0.631578947368421 1057.3201160678093 18.171236919387542 157
0.9345238095238095 0.06547619047619048 0.0 0.9325153374233128 0.06748466257668712 0.0 0.754601226993865 1087.4331044210753 18.10592224159681 168
0.9454545454545454 0.05454545454545454 0.0 0.94375 0.05625 0.0 0.775 1073.4683553944958 18.17240925180482 165
0.9795918367346939 0.02040816326530612 0.0 0.9788732394366197 0.02112676056338028 0.0 0.8380281690140845 1087.480330448622 18.771159151320525 147
0.9911504424778761 0.008849557522123894 0.0 0.9907407407407407 0.009259259259259259 0.0 0.8611111111111112 1055.5291639255397 21.553948837671097 113
0.9826086956521739 0.017391304347826087 0.0 0.9818181818181818 0.01818181818181818 0.0 0.8 1085.2173140383998 20.231979101767667 115
0.9913793103448276 0.008620689655172414 0.0 0.990990990990991 0.009009009009009009 0.0 1.0 1068.1715776428252 20.12312794021908 116
0.8504672897196262 0.11214953271028037 0.037383177570093455 0.8431372549019608 0.11764705882352941 0.0392156862745098 0.7058823529411765 1087.2907621641227 20.293779680551665 107
0.9726027397260274 0.0273972602739726 0.0 0.9716312056737588 0.028368794326241134 0.0 0.6595744680851063 1077.721021572921 18.615775107544465 146
1.0 0.0 0.0 1.0 0.0 0.0 0.7647058823529411 1078.7067826991752 21.621949325610892 90
0.9835164835164835 0.016483516483516484 0.0 0.9830508474576272 0.01694915254237288 0.0 0.8418079096045198 1073.8045336820114 17.269870246188066 182
0.7102272727272727 0.2897727272727273 0.0 0.7017543859649122 0.2982456140350877 0.0 0.005847953216374269 1087.2030119640397 16.880526031850934 176
0.9508196721311475 0.04918032786885246 0.0 0.9487179487179487 0.05128205128205128 0.0 0.5897435897435898 1087.3983469285868 19.8675677579215 122
0.9883720930232558 0.011627906976744186 0.0 0.9880239520958084 0.011976047904191617 0.0 0.7724550898203593 1045.733901017155 17.867362121774782 172
1.0 0.0 0.0 1.0 0.0 0.0 0.6446280991735537 1080.1848753467013 19.27411147966255 126
0.9461538461538461 0.05384615384615385 0.0 0.944 0.056 0.0 0.776 1087.2169705800343 20.21567547257069 130
0.9826086956521739 0.017391304347826087 0.0 0.9818181818181818 0.01818181818181818 0.0 0.7818181818181819 1035.893865774176 20.075070456690735 115
1.0 0.0 0.0 1.0 0.0 0.0 0.5955882352941176 1070.3521600566808 18.982918838931727 141
0.9831932773109243 0.01680672268907563 0.0 0.9824561403508771 0.017543859649122806 0.0 0.8245614035087719 1078.9475711667092 20.026564623234012 119
0.6182795698924731 0.34408602150537637 0.03763440860215054 0.6132596685082873 0.35359116022099446 0.03314917127071823 0.03314917127071823 1087.4683291418287 16.590381069568586 186
0.9448275862068966 0.05517241379310345 0.0 0.9428571428571428 0.05714285714285714 0.0 0.6642857142857143 1086.0278007922097 20.02577967055155 145
0.972972972972973 0.02702702702702703 0.0 0.9722222222222222 0.027777777777777776 0.0 0.7777777777777778 1086.6366535309298 18.68900108085631 185
0.961038961038961 0.03896103896103896 0.0 0.959731543624161 0.040268456375838924 0.0 0.7516778523489933 1086.8935674069853 18.377553560136125 154
0.8888888888888888 0.1111111111111111 0.0 0.8853503184713376 0.11464968152866242 0.0 0.006369426751592357 1087.4762918688425 17.236166546317477 162
0.9646017699115044 0.035398230088495575 0.0 0.9629629629629629 0.037037037037037035 0.0 0.8333333333333334 1084.5172096224508 21.551333751896042 113
0.8333333333333334 0.16666666666666666 0.0 0.8278145695364238 0.17218543046357615 0.0 0.0 1031.2343311503344 16.991988734122323 156
0.9922480620155039 0.007751937984496124 0.0 0.9919354838709677 0.008064516129032258 0.0 0.8064516129032258 1086.8899803811473 18.749796485643053 129
0.9685534591194969 0.031446540880503145 0.0 0.9675324675324676 0.032467532467532464 0.0 0.7727272727272727 1086.6475614398441 18.316655576517753 159
0.952 0.048 0.0 0.95 0.05 0.0 0.7166666666666667 1087.4897180640428 20.74545424904073 125
0.9747899159663865 0.01680672268907563 0.008403361344537815 0.9736842105263158 0.017543859649122806 0.008771929824561403 0.7017543859649122 1086.9176461278398 18.870049019671903 119
0.984375 0.015625 0.0 0.983739837398374 0.016260162601626018 0.0 0.8617886178861789 1083.9152536040194 18.37719889653376 128
0.9487179487179487 0.05128205128205128 0.0 0.9464285714285714 0.05357142857142857 0.0 0.8928571428571429 1085.0344239349588 20.032869332593602 117
0.9833333333333333 0.016666666666666666 0.0 0.9826086956521739 0.017391304347826087 0.0 0.808695652173913 1087.4492925687937 18.967729147573888 120
0.95 0.05 0.0 0.9478260869565217 0.05217391304347826 0.0 0.7739130434782608 1087.4776943978522 18.715580417871475 120
1.0 0.0 0.0 1.0 0.0 0.0 0.7913043478260869 1062.9280109781157 19.60357160726674 120
0.9805194805194806 0.01948051948051948 0.0 0.9798657718120806 0.020134228187919462 0.0 0.7718120805369127 1087.2034262357292 19.55901147021678 154
0.9396551724137931 0.0603448275862069 0.0 0.9369369369369369 0.06306306306306306 0.0 0.7837837837837838 1064.8881320518653 20.79269863104863 116
0.9879518072289156 0.012048192771084338 0.0 0.9875776397515528 0.012422360248447204 0.0 0.4906832298136646 1081.8843360991673 18.177644228343134 166
0.9913793103448276 0.008620689655172414 0.0 0.990990990990991 0.009009009009009009 0.0 0.8288288288288288 996.324687550634 19.850554620473318 116
0.9657142857142857 0.03428571428571429 0.0 0.9647058823529412 0.03529411764705882 0.0 0.0058823529411764705 1034.363811191756 17.77796613948943 175
0.9636363636363636 0.03636363636363636 0.0 0.9625 0.0375 0.0 0.7625 1020.3096119575889 18.485030303749674 165
0.9929078014184397 0.0070921985815602835 0.0 0.9926470588235294 0.007352941176470588 0.0 0.8014705882352942 1086.473625082694 19.983453744969847 141
0.9846153846153847 0.015384615384615385 0.0 0.984 0.016 0.0 0.784 1055.5570862882241 18.87695509283091 130
0.961038961038961 0.03896103896103896 0.0 0.9583333333333334 0.041666666666666664 0.0 0.875 1086.2011470602827 22.37071800836048 77
0.9328859060402684 0.06711409395973154 0.0 0.9375 0.0625 0.0 0.7430555555555556 1061.2718718324447 18.544962674847877 149
0.9508196721311475 0.04918032786885246 0.0 0.949438202247191 0.05056179775280899 0.0 0.0 1087.3193587066457 17.684982105908485 183
0.9824561403508771 0.017543859649122806 0.0 0.981651376146789 0.01834862385321101 0.0 0.7706422018348624 1063.3277726574433 19.932306475126477 114
0.9517241379310345 0.04827586206896552 0.0 0.95 0.05 0.0 0.6357142857142857 1087.2068164748491 18.99822625636288 145
0.959731543624161 0.040268456375838924 0.0 0.9583333333333334 0.041666666666666664 0.0 0.6875 1086.8326790984324 19.267528689700047 149
0.9555555555555556 0.044444444444444446 0.0 0.9542857142857143 0.045714285714285714 0.0 0.7485714285714286 1086.2719216958649 16.919658576820535 180
0.9595959595959596 0.04040404040404041 0.0 0.9574468085106383 0.0425531914893617 0.0 0.5 1086.7211786182313 18.80097688889792 99
0.9928571428571429 0.007142857142857143 0.0 0.9925925925925926 0.007407407407407408 0.0 0.8222222222222222 1085.9971467801986 20.1177290367771 140
1.0 0.0 0.0 1.0 0.0 0.0 0.7868852459016393 1087.0632142813295 19.153071418050235 127
1.0 0.0 0.0 1.0 0.0 0.0 0.8773584905660378 1042.1952894523015 19.64947636751056 111
0.9387755102040817 0.061224489795918366 0.0 0.946236559139785 0.053763440860215055 0.0 0.6344086021505376 1087.4461992388608 19.037686328782492 98
0.968944099378882 0.031055900621118012 0.0 0.967948717948718 0.03205128205128205 0.0 0.5897435897435898 1087.4144727334124 18.825922347237384 161
0.9914529914529915 0.008547008547008548 0.0 0.9910714285714286 0.008928571428571428 0.0 0.6696428571428571 1064.6657728501013 19.83605562295432 117
0.9295774647887324 0.07042253521126761 0.0 0.927007299270073 0.072992700729927 0.0 0.7518248175182481 1087.450976219695 19.045220975293947 142
0.9877300613496932 0.012269938650306749 0.0 0.9873417721518988 0.012658227848101266 0.0 0.6265822784810127 1086.8918921737657 18.213933466674398 163
0.990909090909091 0.00909090909090909 0.0 0.9904761904761905 0.009523809523809525 0.0 0.780952380952381 1079.411952262568 19.11759766064249 110
0.9927536231884058 0.007246376811594203 0.0 0.9924812030075187 0.007518796992481203 0.0 0.6165413533834586 1049.638425794335 18.316148519513764 138
0.9872611464968153 0.012738853503184714 0.0 0.9868421052631579 0.013157894736842105 0.0 0.7171052631578947 1084.9992338431218 18.968665822817687 157
0.9622641509433962 0.03773584905660377 0.0 0.9603960396039604 0.039603960396039604 0.0 0.8217821782178217 1077.5160277033037 21.140842896914446 106
0.9895833333333334 0.010416666666666666 0.0 0.9893048128342246 0.0106951871657754 0.0 0.786096256684492 1086.4298648846425 17.03649129861139 192
1.0 0.0 0.0 1.0 0.0 0.0 0.7796610169491526 1050.6566087078188 20.420604460742204 123
0.9411764705882353 0.058823529411764705 0.0 0.9389312977099237 0.061068702290076333 0.0 0.8396946564885496 1087.3224528082483 18.658526051913498 136
0.9811320754716981 0.018867924528301886 0.0 0.9801980198019802 0.019801980198019802 0.0 0.7425742574257426 1086.9780188121329 19.74506624403204 106
0.9844961240310077 0.015503875968992248 0.0 0.9838709677419355 0.016129032258064516 0.0 0.717741935483871 1064.0008143476148 19.95824341704792 129
0.7189189189189189 0.2810810810810811 0.0 0.7166666666666667 0.2833333333333333 0.0 0.005555555555555556 1016.1831054523481 16.719423433274066 185
0.9695121951219512 0.03048780487804878 0.0 0.9685534591194969 0.031446540880503145 0.0 0.8113207547169812 1080.695686494981 18.574293571671205 164
0.98125 0.01875 0.0 0.9806451612903225 0.01935483870967742 0.0 0.0 1051.824813471473 18.04558017128054 160
0.9873417721518988 0.012658227848101266 0.0 0.9869281045751634 0.013071895424836602 0.0 0.0 1046.6628514265944 18.20570724791662 158
0.9761904761904762 0.023809523809523808 0.0 0.9746835443037974 0.02531645569620253 0.0 0.7215189873417721 1078.3684322565437 21.316544173151765 84
0.961038961038961 0.03896103896103896 0.0 0.959731543624161 0.040268456375838924 0.0 0.9463087248322147 1084.3737722153012 17.925031475968858 154
0.9810126582278481 0.0189873417721519 0.0 0.9803921568627451 0.0196078431372549 0.0 0.006535947712418301 1085.3968810876818 18.7980447752249 158
0.967479674796748 0.032520325203252036 0.0 0.9661016949152542 0.03389830508474576 0.0 0.7203389830508474 1032.196650246189 20.59920291132242 123
1.0 0.0 0.0 1.0 0.0 0.0 0.8803418803418803 1085.8195318194728 19.719263729219847 122
0.958041958041958 0.04195804195804196 0.0 0.9565217391304348 0.043478260869565216 0.0 0.8260869565217391 1087.4491676308241 19.402383949162285 143
0.9847328244274809 0.015267175572519083 0.0 0.9841269841269841 0.015873015873015872 0.0 0.8809523809523809 1086.7245719495995 20.056575260911313 131
0.9763779527559056 0.023622047244094488 0.0 0.9754098360655737 0.02459016393442623 0.0 0.8442622950819673 1081.0453416232372 20.742284743017795 127
0.9851851851851852 0.014814814814814815 0.0 0.9846153846153847 0.015384615384615385 0.0 0.8846153846153846 1083.1181784104992 19.744653449167703 135
0.9785714285714285 0.02142857142857143 0.0 0.9777777777777777 0.022222222222222223 0.0 0.6148148148148148 1087.3716548556417 18.809843201570192 140
0.9923076923076923 0.007692307692307693 0.0 0.992 0.008 0.0 0.528 1062.0475657775544 19.591545567875475 130
0.943502824858757 0.05649717514124294 0.0 0.9418604651162791 0.05813953488372093 0.0 0.627906976744186 1085.43981722915 18.043179720230835 177
0.8698630136986302 0.13013698630136986 0.0 0.8652482269503546 0.1347517730496454 0.0 0.5531914893617021 1059.9958975714403 17.66032863165894 146
0.970873786407767 0.02912621359223301 0.0 0.9693877551020408 0.030612244897959183 0.0 0.7551020408163265 1087.4219988092666 20.032421502220732 103
0.9448818897637795 0.05511811023622047 0.0 0.9426229508196722 0.05737704918032787 0.0 0.6967213114754098 1075.7837024618077 20.30097942131832 127
0.9295774647887324 0.07042253521126761 0.0 0.927007299270073 0.072992700729927 0.0 0.7737226277372263 1087.373482967393 18.607636377342935 142
0.9527027027027027 0.0472972972972973 0.0 0.951048951048951 0.04895104895104895 0.0 0.7132867132867133 1087.470494287531 19.260524440505325 148
1.0 0.0 0.0 1.0 0.0 0.0 0.9696969696969697 1055.0902970800944 18.619679923341465 137
0.9490445859872612 0.050955414012738856 0.0 0.9473684210526315 0.05263157894736842 0.0 0.006578947368421052 1075.4958990076143 17.31085255481614 157
1.0 0.0 0.0 1.0 0.0 0.0 0.9333333333333333 1044.6573794700703 23.649058630876702 80
0.9911504424778761 0.008849557522123894 0.0 1.0 0.0 0.0 0.7962962962962963 1040.3220235774131 19.682156080112364 113
0.9494949494949495 0.050505050505050504 0.0 0.9468085106382979 0.05319148936170213 0.0 0.8617021276595744 1086.3362880646691 21.558108085578766 99
0.9915254237288136 0.00847457627118644 0.0 0.9911504424778761 0.008849557522123894 0.0 0.9203539823008849 1087.083273948054 18.925461175456814 118
1.0 0.0 0.0 1.0 0.0 0.0 0.8120300751879699 1073.2481228734741 18.934862556036588 138
0.9754098360655737 0.02459016393442623 0.0 0.9743589743589743 0.02564102564102564 0.0 0.9487179487179487 1073.7776790849846 21.02071306448877 122
0.8129496402877698 0.18705035971223022 0.0 0.8059701492537313 0.19402985074626866 0.0 0.8208955223880597 1025.8502150086733 18.062356544065015 139
0.9732142857142857 0.026785714285714284 0.0 0.9719626168224299 0.028037383177570093 0.0 0.9345794392523364 1031.9036283322912 20.17439162770924 112
0.9551282051282052 0.04487179487179487 0.0 0.9536423841059603 0.046357615894039736 0.0 0.7152317880794702 1087.3324426589008 18.838369441823804 156
0.9715909090909091 0.028409090909090908 0.0 0.9707602339181286 0.029239766081871343 0.0 0.0 1083.0392403530143 18.80285780149198 176
0.959349593495935 0.04065040650406504 0.0 0.9576271186440678 0.0423728813559322 0.0 0.8135593220338984 1057.6088058630583 19.019471926481014 123
0.9659090909090909 0.03409090909090909 0.0 0.9649122807017544 0.03508771929824561 0.0 0.8304093567251462 1087.1656831275152 16.49353549498102 176
0.9831460674157303 0.016853932584269662 0.0 0.9826589595375722 0.017341040462427744 0.0 0.8034682080924855 1087.1127968364628 18.5099560552519 178
0.9166666666666666 0.07407407407407407 0.009259259259259259 0.912621359223301 0.07766990291262135 0.009708737864077669 0.8737864077669902 1072.164313563207 20.67165250333881 108
0.991304347826087 0.008695652173913044 0.0 0.990909090909091 0.00909090909090909 0.0 0.8454545454545455 1071.4069841282894 19.96744582343687 115
1.0 0.0 0.0 1.0 0.0 0.0 0.5609756097560976 1085.9079035942534 18.9540223440473 128
0.9640287769784173 0.03597122302158273 0.0 0.9626865671641791 0.03731343283582089 0.0 0.6343283582089553 1086.7928297254375 19.122317082785695 139
0.8724489795918368 0.12755102040816327 0.0 0.8691099476439791 0.13089005235602094 0.0 0.0 1086.6627868398098 16.42947164355977 196
0.9261744966442953 0.0738255033557047 0.0 0.9375 0.0625 0.0 0.7291666666666666 1088.1441983804782 18.623325396343432 149
0.9827586206896551 0.017241379310344827 0.0 0.9819819819819819 0.018018018018018018 0.0 0.4774774774774775 1044.219376422946 19.347159786967044 116
0.989010989010989 0.01098901098901099 0.0 0.9887005649717514 0.011299435028248588 0.0 0.5536723163841808 1084.001624060237 18.73768951549869 182
0.9776119402985075 0.022388059701492536 0.0 0.9767441860465116 0.023255813953488372 0.0 0.7054263565891473 1070.4646600426165 19.377342344059638 134
0.9824561403508771 0.017543859649122806 0.0 0.981651376146789 0.01834862385321101 0.0 0.8899082568807339 1087.4472527349453 20.90355457757305 114
0.9754601226993865 0.024539877300613498 0.0 0.9746835443037974 0.02531645569620253 0.0 0.8670886075949367 1086.2116984275988 18.09370572895912 163
0.9861111111111112 0.013888888888888888 0.0 0.9856115107913669 0.014388489208633094 0.0 1.0 1079.686639886173 19.78503696984294 144
0.954954954954955 0.04504504504504504 0.0 0.9528301886792453 0.04716981132075472 0.0 0.6981132075471698 1087.112268022157 19.445279613515886 111
1.0 0.0 0.0 1.0 0.0 0.0 0.9251700680272109 1069.9298023924603 17.461181338359655 152
0.96875 0.03125 0.0 0.967479674796748 0.032520325203252036 0.0 0.6585365853658537 1087.166470933755 19.557842204395726 128
0.9626865671641791 0.03731343283582089 0.0 0.9612403100775194 0.03875968992248062 0.0 0.8372093023255814 1051.362508591574 18.06972409002575 134
1.0 0.0 0.0 1.0 0.0 0.0 0.593103448275862 1081.9255217885802 18.154921597985602 150
0.9605263157894737 0.039473684210526314 0.0 0.9591836734693877 0.04081632653061224 0.0 0.7142857142857143 1087.2179481746366 18.57007245156975 152
0.904 0.096 0.0 0.9 0.1 0.0 0.8083333333333333 1075.8427632711853 19.72311024209123 125
0.9527027027027027 0.0472972972972973 0.0 0.951048951048951 0.04895104895104895 0.0 0.7132867132867133 1087.0746934468557 18.08659976541258 148
0.9704142011834319 0.029585798816568046 0.0 0.975609756097561 0.024390243902439025 0.0 0.018292682926829267 1062.374216849047 17.87663028732747 169
0.9612903225806452 0.03870967741935484 0.0 0.96 0.04 0.0 0.82 1087.2064795900903 18.908688137375194 155
0.9637681159420289 0.036231884057971016 0.0 0.9624060150375939 0.03759398496240601 0.0 0.6240601503759399 1087.3139578783928 18.781045317362178 138
0.952 0.048 0.0 0.95 0.05 0.0 0.7416666666666667 1085.9892046977006 19.30265560006 125
0.9411764705882353 0.058823529411764705 0.0 0.9385964912280702 0.06140350877192982 0.0 0.7105263157894737 1087.2798269673176 20.74574867742226 119
0.9893617021276596 0.010638297872340425 0.0 0.9887640449438202 0.011235955056179775 0.0 0.9662921348314607 1031.7198805300327 20.610837492777087 94
0.9344262295081968 0.06557377049180328 0.0 0.9316239316239316 0.06837606837606838 0.0 0.6068376068376068 1087.4434040182828 18.860552719420042 122
1.0 0.0 0.0 1.0 0.0 0.0 0.9528301886792453 1051.749078329727 20.23700391826701 111
0.9642857142857143 0.03571428571428571 0.0 0.9629629629629629 0.037037037037037035 0.0 0.6814814814814815 1087.3957354781414 18.84207363858573 140
0.976 0.024 0.0 0.975 0.025 0.0 0.775 1073.5715677471062 19.267564455626417 125
0.9629629629629629 0.037037037037037035 0.0 0.9615384615384616 0.038461538461538464 0.0 0.7692307692307693 1087.4156944606916 17.794604829507993 135
0.9911504424778761 0.008849557522123894 0.0 0.9907407407407407 0.009259259259259259 0.0 0.8981481481481481 1074.8280425147664 20.108178470538547 113
0.8817204301075269 0.11827956989247312 0.0 0.8863636363636364 0.11363636363636363 0.0 0.5795454545454546 1087.2547231147933 19.423911359965526 93
0.989010989010989 0.01098901098901099 0.0 0.9887005649717514 0.011299435028248588 0.0 0.7344632768361582 1087.3712209010275 18.028938294686935 182
0.9090909090909091 0.09090909090909091 0.0 0.9133858267716536 0.08661417322834646 0.0 0.7322834645669292 1087.261751436402 19.204546053591564 132
0.8770491803278688 0.11475409836065574 0.00819672131147541 0.8717948717948718 0.11965811965811966 0.008547008547008548 0.8461538461538461 1074.7647020023574 20.607662768002513 122
0.9919354838709677 0.008064516129032258 0.0 0.9915966386554622 0.008403361344537815 0.0 0.6050420168067226 1037.260881962573 19.517430313595362 124
0.9763779527559056 0.023622047244094488 0.0 0.9754098360655737 0.02459016393442623 0.0 0.860655737704918 1086.9586850724625 18.902285953559083 127
0.9626168224299065 0.037383177570093455 0.0 0.9705882352941176 0.029411764705882353 0.0 0.8725490196078431 1087.4520130970784 19.574200087244396 107
0.9166666666666666 0.08333333333333333 0.0 0.9133858267716536 0.08661417322834646 0.0 0.6062992125984252 1008.0200374423503 18.047183665979453 132
0.9791666666666666 0.020833333333333332 0.0 0.978021978021978 0.02197802197802198 0.0 0.8241758241758241 1041.0641555606167 20.22845024186866 96
0.9447852760736196 0.05521472392638037 0.0 0.9430379746835443 0.056962025316455694 0.0 0.7721518987341772 1087.293627746865 17.882435689011025 163
0.7100591715976331 0.28994082840236685 0.0 0.7012195121951219 0.29878048780487804 0.0 0.8048780487804879 1005.0665497128059 16.181097333903985 169
0.9008264462809917 0.09917355371900827 0.0 0.9051724137931034 0.09482758620689655 0.0 0.646551724137931 1087.381494734206 19.033272934176978 121
0.9344262295081968 0.06557377049180328 0.0 0.9316239316239316 0.06837606837606838 0.0 0.6581196581196581 1087.3189383485737 20.518487947184532 122
0.9612403100775194 0.03875968992248062 0.0 0.9596774193548387 0.04032258064516129 0.0 0.8548387096774194 1073.3297767718675 18.779408703518296 129
0.9230769230769231 0.07692307692307693 0.0 0.9196428571428571 0.08035714285714286 0.0 0.6607142857142857 1087.3816363510566 19.017262613430937 117
0.9812206572769953 0.018779342723004695 0.0 0.9807692307692307 0.019230769230769232 0.0 0.7163461538461539 1087.464226265045 17.36338845282256 213
0.9888268156424581 0.0111731843575419 0.0 0.9885057471264368 0.011494252873563218 0.0 0.8735632183908046 1087.0928396980275 17.76023259565509 179
1.0 0.0 0.0 1.0 0.0 0.0 0.9349593495934959 1083.0155245765088 19.765093409261652 128
0.9319727891156463 0.061224489795918366 0.006802721088435374 0.9295774647887324 0.06338028169014084 0.007042253521126761 0.8380281690140845 1086.4744128307025 18.27872015364383 147
0.9912280701754386 0.008771929824561403 0.0 0.9908256880733946 0.009174311926605505 0.0 0.6972477064220184 1081.346634754038 20.07463570474636 114
1.0 0.0 0.0 1.0 0.0 0.0 0.8556701030927835 1087.0814351717852 20.01928837268071 102
0.967741935483871 0.03225806451612903 0.0 0.9663865546218487 0.03361344537815126 0.0 0.7478991596638656 1087.483905524698 19.514393882093426 124
0.6387096774193548 0.3419354838709677 0.01935483870967742 0.6266666666666667 0.35333333333333333 0.02 0.0 1008.5987098108895 16.824228399642944 155
0.9433962264150944 0.05660377358490566 0.0 0.9405940594059405 0.0594059405940594 0.0 0.7722772277227723 1077.787302833741 21.367739150184015 106
0.9448275862068966 0.05517241379310345 0.0 0.95 0.05 0.0 0.7857142857142857 1087.2656796134856 18.52171230869588 145
0.9784172661870504 0.02158273381294964 0.0 0.9776119402985075 0.022388059701492536 0.0 0.753731343283582 1085.6589370224708 19.243631846819703 139
0.9473684210526315 0.05263157894736842 0.0 0.953125 0.046875 0.0 0.9375 1081.862132112172 20.186404838011637 133
0.9469026548672567 0.05309734513274336 0.0 0.9444444444444444 0.05555555555555555 0.0 0.8981481481481481 1055.2566637559928 20.47649697547892 113
0.9590163934426229 0.040983606557377046 0.0 0.9572649572649573 0.042735042735042736 0.0 0.5897435897435898 1082.8537251803232 19.89831295067322 122
1.0 0.0 0.0 1.0 0.0 0.0 0.7692307692307693 1087.3346114526942 20.076247829775323 109
0.9900990099009901 0.009900990099009901 0.0 0.9895833333333334 0.010416666666666666 0.0 0.7916666666666666 1069.0959641633644 20.483861580731617 101
0.9657534246575342 0.03424657534246575 0.0 0.9645390070921985 0.03546099290780142 0.0 0.7588652482269503 1087.3286512401355 18.77077317348556 146
0.9290322580645162 0.07096774193548387 0.0 0.9266666666666666 0.07333333333333333 0.0 0.72 1083.2603731044333 18.971533797426932 155
0.9801324503311258 0.019867549668874173 0.0 0.9794520547945206 0.02054794520547945 0.0 0.8082191780821918 1041.859656911813 17.227761533421344 151
0.8920454545454546 0.09659090909090909 0.011363636363636364 0.8888888888888888 0.09941520467836257 0.011695906432748537 0.6842105263157895 1087.441338037479 17.865151013000432 176
0.9183673469387755 0.08163265306122448 0.0 0.9162303664921466 0.08376963350785341 0.0 0.0 1087.309287142136 17.55785014834181 196
0.9920634920634921 0.007936507936507936 0.0 0.9917355371900827 0.008264462809917356 0.0 0.8512396694214877 1083.6363293618956 19.679964385887402 126
0.9574468085106383 0.0425531914893617 0.0 0.9550561797752809 0.0449438202247191 0.0 0.9213483146067416 1070.7649583906896 22.36285735281679 94
0.9850746268656716 0.014925373134328358 0.0 0.9846938775510204 0.015306122448979591 0.0 0.0 1086.420919416744 18.364696029631503 201
0.9280575539568345 0.050359712230215826 0.02158273381294964 0.9253731343283582 0.05223880597014925 0.022388059701492536 0.9925373134328358 1064.6007414113064 19.997434267115906 139
0.9863945578231292 0.013605442176870748 0.0 0.9859154929577465 0.014084507042253521 0.0 0.7464788732394366 1086.8406863535076 19.13432182483611 147
0.9858156028368794 0.014184397163120567 0.0 0.9852941176470589 0.014705882352941176 0.0 0.8308823529411765 1084.5442105989985 18.63076529972357 141
0.98989898989899 0.010101010101010102 0.0 0.9893617021276596 0.010638297872340425 0.0 0.9680851063829787 1005.4081057364992 22.671290684200386 99
0.9640287769784173 0.03597122302158273 0.0 0.9626865671641791 0.03731343283582089 0.0 0.8059701492537313 1082.7893694399686 18.10402524162461 139
0.9548387096774194 0.04516129032258064 0.0 0.96 0.04 0.0 0.82 1042.1284242813513 18.719893700123798 155
0.937007874015748 0.06299212598425197 0.0 0.9344262295081968 0.06557377049180328 0.0 0.8442622950819673 1087.2024276900565 19.933040669199254 127
0.9757575757575757 0.024242424242424242 0.0 0.975 0.025 0.0 0.75 1087.3804597625358 17.4177901172298 165
0.9933774834437086 0.006622516556291391 0.0 0.9931506849315068 0.00684931506849315 0.0 0.0 1066.5211378639162 17.89711685265907 151
0.9748427672955975 0.025157232704402517 0.0 0.9805194805194806 0.01948051948051948 0.0 0.8376623376623377 1087.3342625738471 18.387733639015764 159
0.9914529914529915 0.008547008547008548 0.0 0.9910714285714286 0.008928571428571428 0.0 0.9821428571428571 1081.1685317616561 21.088247544792274 117
0.9726027397260274 0.0273972602739726 0.0 0.9716312056737588 0.028368794326241134 0.0 0.7872340425531915 1087.0326006309222 18.84677645733296 146
0.9900990099009901 0.009900990099009901 0.0 0.9895833333333334 0.010416666666666666 0.0 0.8645833333333334 1056.869078606781 19.071252305953696 101
0.9241379310344827 0.07586206896551724 0.0 0.9214285714285714 0.07857142857142857 0.0 0.8 1086.3625462184184 19.816620565902294 145
0.9663865546218487 0.03361344537815126 0.0 0.9649122807017544 0.03508771929824561 0.0 0.6929824561403509 1086.625387930101 20.206976822663357 119
0.9918032786885246 0.00819672131147541 0.0 0.9914529914529915 0.008547008547008548 0.0 0.8717948717948718 994.6412593485287 19.514671749134582 122
0.9925373134328358 0.007462686567164179 0.0 0.9922480620155039 0.007751937984496124 0.0 0.8527131782945736 1087.3505037170257 18.706897190760273 134
0.9938650306748467 0.006134969325153374 0.0 0.9936708860759493 0.006329113924050633 0.0 0.6455696202531646 1086.4216899256462 18.89303799253609 163
1.0 0.0 0.0 1.0 0.0 0.0 0.9836065573770492 1081.7884507840142 20.174273336439686 127
0.9836065573770492 0.01639344262295082 0.0 0.9829059829059829 0.017094017094017096 0.0 0.9658119658119658 1085.6209858705697 19.548986211653766 122
0.952054794520548 0.04794520547945205 0.0 0.950354609929078 0.04964539007092199 0.0 0.4397163120567376 1086.2312445429084 17.81449143912246 146
0.9597701149425287 0.040229885057471264 0.0 0.9585798816568047 0.04142011834319527 0.0 0.6627218934911243 1040.723995214692 17.67681952297638 174
1.0 0.0 0.0 1.0 0.0 0.0 0.8548387096774194 1071.9272637113845 19.278153963641845 129
1.0 0.0 0.0 1.0 0.0 0.0 0.8875739644970414 1086.0078974867106 17.97507971717813 174
1.0 0.0 0.0 1.0 0.0 0.0 0.9130434782608695 1079.4858557117057 18.39518461203288 120
0.9453125 0.0546875 0.0 0.943089430894309 0.056910569105691054 0.0 0.6341463414634146 1084.5584500435666 19.800909147982296 128
1.0 0.0 0.0 1.0 0.0 0.0 0.6641221374045801 1059.1439234930222 18.869432952725493 136
0.8059701492537313 0.17164179104477612 0.022388059701492536 0.813953488372093 0.17054263565891473 0.015503875968992248 0.813953488372093 1087.319444564594 18.521977664074885 134
0.963963963963964 0.036036036036036036 0.0 0.9622641509433962 0.03773584905660377 0.0 0.6698113207547169 1080.467762542552 20.015189295298093 111
0.9180327868852459 0.08196721311475409 0.0 0.9145299145299145 0.08547008547008547 0.0 0.5897435897435898 1033.013236761708 18.732450893105092 122
1.0 0.0 0.0 1.0 0.0 0.0 0.0 1080.040100808669 19.534564730799765 150
0.9864864864864865 0.013513513513513514 0.0 0.986013986013986 0.013986013986013986 0.0 0.7412587412587412 1087.4187928095728 18.362785411906714 148
0.9924242424242424 0.007575757575757576 0.0 0.9921259842519685 0.007874015748031496 0.0 0.8267716535433071 1060.0975478883834 19.209267175007405 132
1.0 0.0 0.0 1.0 0.0 0.0 0.9649122807017544 1080.2406326944772 21.043920136935718 119
0.9863013698630136 0.0136986301369863 0.0 0.9858156028368794 0.014184397163120567 0.0 0.723404255319149 1087.3105257838026 18.410382127641938 146
0.9405405405405406 0.05945945945945946 0.0 0.9388888888888889 0.06111111111111111 0.0 0.9944444444444445 1072.5474646667599 17.7808410726384 185
0.992 0.008 0.0 0.9916666666666667 0.008333333333333333 0.0 0.8 1071.5357497015204 19.735525762975815 125
0.9411764705882353 0.051470588235294115 0.007352941176470588 0.9465648854961832 0.04580152671755725 0.007633587786259542 0.732824427480916 1083.863016888547 19.52934773908728 136
1.0 0.0 0.0 1.0 0.0 0.0 1.0 1046.0412653527292 20.423825253706053 121
0.9545454545454546 0.045454545454545456 0.0 0.952755905511811 0.047244094488188976 0.0 0.7322834645669292 1087.2807670592483 19.525792774011276 132
0.9724770642201835 0.027522935779816515 0.0 0.9711538461538461 0.028846153846153848 0.0 0.9230769230769231 1077.98840734396 18.79018209753837 109
0.9493670886075949 0.05063291139240506 0.0 0.954248366013072 0.0457516339869281 0.0 0.7843137254901961 1087.35095469265 18.05863186324975 158
0.9571428571428572 0.04285714285714286 0.0 0.9629629629629629 0.037037037037037035 0.0 0.7851851851851852 1087.4567974872846 18.99957459010677 140
0.9841269841269841 0.015873015873015872 0.0 0.9834710743801653 0.01652892561983471 0.0 0.8016528925619835 1015.0847862799582 20.450144641633948 126
1.0 0.0 0.0 1.0 0.0 0.0 0.8372093023255814 1064.794019804892 19.630671903325005 134
0.9793103448275862 0.013793103448275862 0.006896551724137931 0.9785714285714285 0.014285714285714285 0.007142857142857143 0.8357142857142857 1085.9541205638889 17.903687459910405 145
0.8098591549295775 0.19014084507042253 0.0 0.8029197080291971 0.19708029197080293 0.0 0.0 1070.7143258682597 17.56126559350591 142
0.9908256880733946 0.009174311926605505 0.0 0.9903846153846154 0.009615384615384616 0.0 1.0 1085.8778376937667 21.502043424583956 109
1.0 0.0 0.0 1.0 0.0 0.0 0.9733333333333334 1073.860532866772 23.76402196182834 80
0.9411764705882353 0.051470588235294115 0.007352941176470588 0.9389312977099237 0.05343511450381679 0.007633587786259542 0.8244274809160306 1087.363377038904 19.12004568559185 136
0.9770114942528736 0.022988505747126436 0.0 0.975609756097561 0.024390243902439025 0.0 0.8902439024390244 1057.261101622209 20.71074447517913 87
1.0 0.0 0.0 1.0 0.0 0.0 0.9578947368421052 1077.9012105297647 21.68447503965081 100
0.9848484848484849 0.015151515151515152 0.0 0.984251968503937 0.015748031496062992 0.0 0.7559055118110236 1086.7232573980525 19.31517511244762 132
0.9696969696969697 0.030303030303030304 0.0 0.9763779527559056 0.023622047244094488 0.0 0.8267716535433071 1078.5669705405824 18.41250223309394 132
0.9738562091503268 0.026143790849673203 0.0 0.972972972972973 0.02702702702702703 0.0 0.7364864864864865 1049.3523913878207 18.570059014741425 153
0.9681528662420382 0.01910828025477707 0.012738853503184714 0.9671052631578947 0.019736842105263157 0.013157894736842105 0.75 1086.8531046446544 18.45784737912189 157
0.9859154929577465 0.014084507042253521 0.0 0.9854014598540146 0.014598540145985401 0.0 0.8102189781021898 1079.5089858733495 18.140344754122534 142
1.0 0.0 0.0 1.0 0.0 0.0 0.9772727272727273 1017.5546928686636 21.844536145709313 93
0.9798657718120806 0.020134228187919462 0.0 0.9791666666666666 0.020833333333333332 0.0 0.7291666666666666 1056.6046483801576 19.142254835444778 149
0.9932885906040269 0.006711409395973154 0.0 0.9930555555555556 0.006944444444444444 0.0 0.7291666666666666 1086.9772765305336 17.276251357190542 149
0.9398496240601504 0.06015037593984962 0.0 0.9453125 0.0546875 0.0 0.9140625 1064.6413441304958 17.8540695211647 133
0.9507042253521126 0.04929577464788732 0.0 0.948905109489051 0.051094890510948905 0.0 0.6204379562043796 1068.98658632641 17.54491102389112 142
1.0 0.0 0.0 1.0 0.0 0.0 0.9384615384615385 1019.535233823226 23.673779657127106 70
0.9526627218934911 0.047337278106508875 0.0 0.9512195121951219 0.04878048780487805 0.0 0.774390243902439 1087.4498260698324 18.83121815646652 169
1.0 0.0 0.0 1.0 0.0 0.0 0.8108108108108109 1047.902817549087 18.500253465179213 153
1.0 0.0 0.0 1.0 0.0 0.0 0.7362637362637363 1081.735924085921 20.131283624967747 96
0.984375 0.015625 0.0 0.983739837398374 0.016260162601626018 0.0 0.6016260162601627 1087.3965578236664 19.830511793465256 128
1.0 0.0 0.0 1.0 0.0 0.0 1.0 1075.0920457616692 21.048897570281376 103
0.8802395209580839 0.11976047904191617 0.0 0.8765432098765432 0.12345679012345678 0.0 0.0 1078.4682671995488 16.999799748899896 167
0.9565217391304348 0.043478260869565216 0.0 0.9545454545454546 0.045454545454545456 0.0 0.6454545454545455 1086.2882745204613 20.941286494644977 115
0.9742268041237113 0.02577319587628866 0.0 0.9735449735449735 0.026455026455026454 0.0 0.7142857142857143 1086.458296965008 17.538548255705972 194
0.992 0.008 0.0 0.9916666666666667 0.008333333333333333 0.0 0.8166666666666667 1083.7491651006203 19.076182637219187 125
1.0 0.0 0.0 1.0 0.0 0.0 0.8366013071895425 1052.419239208343 18.377768544378135 158
0.9491525423728814 0.05084745762711865 0.0 0.9534883720930233 0.046511627906976744 0.0 0.5 1086.2982672276842 17.899089765185547 177
0.9568345323741008 0.04316546762589928 0.0 0.9552238805970149 0.04477611940298507 0.0 0.8880597014925373 1070.0614179975498 18.570938472156893 139
0.9617834394904459 0.03821656050955414 0.0 0.9605263157894737 0.039473684210526314 0.0 0.6710526315789473 1077.574021424319 18.64373859952551 157
0.9659863945578231 0.034013605442176874 0.0 0.9647887323943662 0.035211267605633804 0.0 0.8169014084507042 1087.4339508136468 18.447404844742017 147
0.9642857142857143 0.03571428571428571 0.0 0.9703703703703703 0.02962962962962963 0.0 0.6370370370370371 1078.4479960098406 17.89579926196343 140
0.9666666666666667 0.03333333333333333 0.0 0.9655172413793104 0.034482758620689655 0.0 0.7172413793103448 1063.635873695984 19.694780696732717 150
1.0 0.0 0.0 1.0 0.0 0.0 0.8299319727891157 1079.0530810501248 17.478453832780204 152
0.952755905511811 0.047244094488188976 0.0 0.9508196721311475 0.04918032786885246 0.0 0.8032786885245902 1086.3677583248373 20.450898341478407 127
0.9393939393939394 0.06060606060606061 0.0 0.9375 0.0625 0.0 0.00625 1075.2833234628847 17.93207215860418 165
0.9552238805970149 0.04477611940298507 0.0 0.9534883720930233 0.046511627906976744 0.0 0.7286821705426356 1087.3810716627672 19.251458964494507 134
0.9830508474576272 0.01694915254237288 0.0 0.9823008849557522 0.017699115044247787 0.0 0.7168141592920354 1046.1476144675098 19.40497546465328 118
0.946236559139785 0.053763440860215055 0.0 0.9431818181818182 0.056818181818181816 0.0 0.7272727272727273 1087.4519001133283 19.927541232388478 93
0.96 0.04 0.0 0.9583333333333334 0.041666666666666664 0.0 0.6916666666666667 1084.4571202830912 18.100708420589694 125
0.9080459770114943 0.09195402298850575 0.0 0.9146341463414634 0.08536585365853659 0.0 0.7073170731707317 1077.557845216519 19.42139230159962 87
0.9241379310344827 0.07586206896551724 0.0 0.9285714285714286 0.07142857142857142 0.0 0.8928571428571429 1081.8046472367887 17.838061685372 145
0.9916666666666667 0.008333333333333333 0.0 0.991304347826087 0.008695652173913044 0.0 0.8608695652173913 1058.4755122475274 19.28633066251646 120
0.9207920792079208 0.07920792079207921 0.0 0.9166666666666666 0.08333333333333333 0.0 0.6875 1087.417844471838 18.692463986563162 101
1.0 0.0 0.0 1.0 0.0 0.0 0.7264150943396226 1075.38071632135 20.463438156864076 111
0.9819819819819819 0.018018018018018018 0.0 0.9811320754716981 0.018867924528301886 0.0 0.7169811320754716 1081.1893368654446 19.420858990277935 111
0.8757763975155279 0.12422360248447205 0.0 0.8717948717948718 0.1282051282051282 0.0 0.0 1025.2798139691342 16.644729674665943 161
0.9532710280373832 0.04672897196261682 0.0 0.9509803921568627 0.049019607843137254 0.0 0.8333333333333334 1087.4840576819247 20.495347556415968 107
0.9130434782608695 0.08695652173913043 0.0 0.9102564102564102 0.08974358974358974 0.0 0.4423076923076923 1061.1713133506673 17.156997519564985 161
0.9083969465648855 0.0916030534351145 0.0 0.9047619047619048 0.09523809523809523 0.0 0.6428571428571429 1082.446775701647 18.92346210074419 131
0.9927536231884058 0.007246376811594203 0.0 0.9924812030075187 0.007518796992481203 0.0 0.8721804511278195 1060.5083957758557 20.048907017404858 138
1.0 0.0 0.0 1.0 0.0 0.0 0.9011627906976745 1065.9598710024563 17.921648436054795 177
0.9921259842519685 0.007874015748031496 0.0 0.9918032786885246 0.00819672131147541 0.0 0.8278688524590164 1076.3027896540452 19.65043739112511 127
0.9801980198019802 0.019801980198019802 0.0 0.9791666666666666 0.020833333333333332 0.0 0.6875 1080.7216472918847 18.760176379588685 101
0.9875 0.0125 0.0 0.9935483870967742 0.0064516129032258064 0.0 0.6967741935483871 1080.032858969161 17.81165986563637 160
0.8707482993197279 0.12244897959183673 0.006802721088435374 0.8802816901408451 0.11267605633802817 0.007042253521126761 0.823943661971831 1086.4369250896832 18.64606540531035 147
1.0 0.0 0.0 1.0 0.0 0.0 0.8256880733944955 1076.8325030917006 20.419714498955575 114
0.972972972972973 0.02702702702702703 0.0 0.972027972027972 0.027972027972027972 0.0 0.8041958041958042 1087.4436647541409 18.735807470800154 148
0.9276315789473685 0.07236842105263158 0.0 0.9251700680272109 0.07482993197278912 0.0 0.8503401360544217 1087.0823627437974 18.120539131922158 152
0.9262295081967213 0.07377049180327869 0.0 0.9230769230769231 0.07692307692307693 0.0 0.7350427350427351 1068.2454342829933 18.86388995915516 122
0.949685534591195 0.0440251572327044 0.006289308176100629 0.948051948051948 0.045454545454545456 0.006493506493506494 0.01948051948051948 1068.4566212787265 18.11707355618689 159
0.9645390070921985 0.03546099290780142 0.0 0.9632352941176471 0.03676470588235294 0.0 0.8676470588235294 1086.4406301838585 19.458847085129072 141
0.9841269841269841 0.015873015873015872 0.0 0.9917355371900827 0.008264462809917356 0.0 0.7768595041322314 1086.6222716311904 19.706877717793667 126
0.9802631578947368 0.019736842105263157 0.0 0.9795918367346939 0.02040816326530612 0.0 0.9455782312925171 1057.2440224810969 17.69897723226115 152
0.9893617021276596 0.010638297872340425 0.0 0.9887640449438202 0.011235955056179775 0.0 0.7078651685393258 1020.5867931056531 20.53879232393097 94
0.9935483870967742 0.0064516129032258064 0.0 0.9933333333333333 0.006666666666666667 0.0 0.7066666666666667 1074.8718830879573 19.334905574467545 155
0.9877300613496932 0.012269938650306749 0.0 0.9873417721518988 0.012658227848101266 0.0 0.0 1078.5899692168896 18.15971765361501 163
0.9865771812080537 0.013422818791946308 0.0 0.9861111111111112 0.013888888888888888 0.0 0.8472222222222222 1087.0563914067816 18.467543436287748 149
0.9929577464788732 0.007042253521126761 0.0 0.9927007299270073 0.0072992700729927005 0.0 0.7956204379562044 1076.0080460364798 19.756905967515223 142
1.0 0.0 0.0 1.0 0.0 0.0 0.9821428571428571 1045.6137165199873 24.47829662362482 61
0.9619047619047619 0.0380952380952381 0.0 0.97 0.03 0.0 0.62 1085.3512047483025 20.042717944416335 105
0.9645390070921985 0.03546099290780142 0.0 0.9632352941176471 0.03676470588235294 0.0 0.6911764705882353 1087.2393544823256 19.4411815197435 141
1.0 0.0 0.0 1.0 0.0 0.0 0.9844961240310077 1025.9398638516684 19.540757633391234 134
0.9629629629629629 0.037037037037037035 0.0 0.9617834394904459 0.03821656050955414 0.0 0.7070063694267515 1085.9239585243497 19.499597379768424 162
0.8616352201257862 0.1320754716981132 0.006289308176100629 0.8571428571428571 0.13636363636363635 0.006493506493506494 0.7922077922077922 1086.2292971805434 19.23707678364519 159
1.0 0.0 0.0 1.0 0.0 0.0 0.9763779527559056 1069.1629412032166 20.706392161222396 132
1.0 0.0 0.0 1.0 0.0 0.0 0.7724137931034483 1071.0718504185045 18.849958663773226 150
0.9838709677419355 0.016129032258064516 0.0 0.9831932773109243 0.01680672268907563 0.0 0.7899159663865546 1082.9984247506993 19.23834495410355 124
1.0 0.0 0.0 1.0 0.0 0.0 0.825 1042.020665893203 18.804525066175433 125
1.0 0.0 0.0 1.0 0.0 0.0 1.0 957.4409234145865 21.546741117341252 99
0.9901960784313726 0.00980392156862745 0.0 0.9896907216494846 0.010309278350515464 0.0 0.9381443298969072 1072.1650942909155 21.078748032320263 102
0.9743589743589743 0.02564102564102564 0.0 0.9732142857142857 0.026785714285714284 0.0 0.7678571428571429 1075.5847052327256 19.627727355801042 117
0.9702970297029703 0.0297029702970297 0.0 0.96875 0.03125 0.0 0.6354166666666666 1087.1361945870035 18.862168212506514 101
0.9805825242718447 0.019417475728155338 0.0 0.9795918367346939 0.02040816326530612 0.0 0.7346938775510204 1042.007502926419 19.614941445125744 103
0.9929078014184397 0.0070921985815602835 0.0 0.9926470588235294 0.007352941176470588 0.0 0.6985294117647058 1000.5388024009673 19.795421080920267 141
0.9850746268656716 0.014925373134328358 0.0 0.9844961240310077 0.015503875968992248 0.0 0.8527131782945736 1064.2548208057635 18.833642230095748 134
0.9554140127388535 0.044585987261146494 0.0 0.9539473684210527 0.046052631578947366 0.0 0.6710526315789473 1080.7939305291118 17.10116537320884 157
1.0 0.0 0.0 1.0 0.0 0.0 0.9012345679012346 1074.8120329834105 21.241269962298247 86
0.9776119402985075 0.022388059701492536 0.0 0.9767441860465116 0.023255813953488372 0.0 0.8372093023255814 1087.3218700764805 19.090013452699207 134
0.984 0.016 0.0 0.9833333333333333 0.016666666666666666 0.0 0.75 1051.6828613003836 19.425590863394923 125
1.0 0.0 0.0 1.0 0.0 0.0 0.6153846153846154 1080.4567457985484 18.75833744620221 135
0.9625 0.0375 0.0 0.9612903225806452 0.03870967741935484 0.0 0.0064516129032258064 1068.9995329730016 17.96293026664805 160
0.9318181818181818 0.06818181818181818 0.0 0.9291338582677166 0.07086614173228346 0.0 0.6850393700787402 1084.6192276704903 20.093315389201106 132
0.9918032786885246 0.00819672131147541 0.0 0.9914529914529915 0.008547008547008548 0.0 0.8717948717948718 1061.7008469982984 20.1686605416108 122
1.0 0.0 0.0 1.0 0.0 0.0 0.7077922077922078 1083.1699162389389 18.57613975162474 159
0.9743589743589743 0.02564102564102564 0.0 0.9732142857142857 0.026785714285714284 0.0 0.9375 1058.4901022323884 18.90263376061548 117
0.9691358024691358 0.030864197530864196 0.0 0.9745222929936306 0.025477707006369428 0.0 0.7834394904458599 1087.120492654813 18.69107426179143 162
0.9874213836477987 0.012578616352201259 0.0 0.987012987012987 0.012987012987012988 0.0 0.7597402597402597 1087.4164349329938 18.955994810347057 159
0.9197080291970803 0.08029197080291971 0.0 0.9166666666666666 0.08333333333333333 0.0 0.6590909090909091 1087.1074715631992 20.31827232638416 137
0.959731543624161 0.040268456375838924 0.0 0.9583333333333334 0.041666666666666664 0.0 0.7291666666666666 1087.3605780070095 19.231827327047238 149
0.9565217391304348 0.043478260869565216 0.0 0.9551282051282052 0.04487179487179487 0.0 0.6730769230769231 1087.4310541544899 17.591289629519412 161
0.9085365853658537 0.09146341463414634 0.0 0.9056603773584906 0.09433962264150944 0.0 0.9308176100628931 1085.3274801717773 17.77552300433519 164
0.948051948051948 0.05194805194805195 0.0 0.9463087248322147 0.053691275167785234 0.0 0.8657718120805369 1076.2036279702518 17.787093142296666 154
0.8052631578947368 0.19473684210526315 0.0 0.8 0.2 0.0 0.016216216216216217 1087.386449081021 16.95279593001812 190
0.9527027027027027 0.0472972972972973 0.0 0.951048951048951 0.04895104895104895 0.0 0.7552447552447552 1087.2463881358806 19.09955467278865 148
0.8083832335329342 0.19161676646706588 0.0 0.8024691358024691 0.19753086419753085 0.0 0.30246913580246915 989.3904671584746 16.105267541396536 167
0.983739837398374 0.016260162601626018 0.0 0.9830508474576272 0.01694915254237288 0.0 0.7203389830508474 1077.5749476708327 18.491966844872305 123
1.0 0.0 0.0 1.0 0.0 0.0 1.0 985.2382103540222 19.34362010488496 112
0.9171597633136095 0.08284023668639054 0.0 0.9146341463414634 0.08536585365853659 0.0 0.0 1085.3191462665632 17.284378540071614 169
0.9166666666666666 0.08333333333333333 0.0 0.9141104294478528 0.08588957055214724 0.0 0.8588957055214724 1042.0020043678367 16.89374577973603 168
0.9831932773109243 0.01680672268907563 0.0 0.9824561403508771 0.017543859649122806 0.0 0.8947368421052632 1040.9751885814203 19.519975590327455 119
1.0 0.0 0.0 1.0 0.0 0.0 0.8125 1036.4360559419242 19.834047283529408 133
0.9838709677419355 0.016129032258064516 0.0 0.9831932773109243 0.01680672268907563 0.0 0.8907563025210085 1031.8572641111905 19.58149805173751 124
0.9536423841059603 0.046357615894039736 0.0 0.952054794520548 0.04794520547945205 0.0 0.7191780821917808 1086.626239709067 19.063753414242683 151
0.9775280898876404 0.02247191011235955 0.0 0.976878612716763 0.023121387283236993 0.0 0.7456647398843931 1074.8318134460844 17.890099821575635 178
1.0 0.0 0.0 1.0 0.0 0.0 0.9207920792079208 1049.707385643594 19.825250007366616 106
1.0 0.0 0.0 1.0 0.0 0.0 0.7320261437908496 1080.5062730845073 17.50543087854443 158
0.9814814814814815 0.018518518518518517 0.0 0.9805825242718447 0.019417475728155338 0.0 0.8155339805825242 1085.5368510757237 20.314669669166292 108
1.0 0.0 0.0 1.0 0.0 0.0 0.7795275590551181 1085.1417331693515 20.443422759938063 132
0.9523809523809523 0.047619047619047616 0.0 0.950920245398773 0.049079754601226995 0.0 0.2822085889570552 1087.2645457415933 18.381324237887522 168
0.9781021897810219 0.021897810218978103 0.0 0.9772727272727273 0.022727272727272728 0.0 0.7272727272727273 1085.9041957943666 19.3992400400028 137
0.986013986013986 0.013986013986013986 0.0 0.9927536231884058 0.007246376811594203 0.0 0.8840579710144928 1072.5577674744654 17.94456148643504 143
0.9907407407407407 0.009259259259259259 0.0 0.9902912621359223 0.009708737864077669 0.0 0.883495145631068 1022.0701111853398 19.185734617714495 108
1.0 0.0 0.0 1.0 0.0 0.0 0.6634615384615384 1087.4212532513707 18.899168107520754 109
0.9675324675324676 0.032467532467532464 0.0 0.9664429530201343 0.03355704697986577 0.0 0.6174496644295302 1087.2668073061875 19.215106704775945 154
0.9743589743589743 0.02564102564102564 0.0 0.9735099337748344 0.026490066225165563 0.0 0.7682119205298014 1087.4704045030935 19.255894829134824 156
0.9333333333333333 0.06666666666666667 0.0 0.9304347826086956 0.06956521739130435 0.0 0.7739130434782608 1086.5321491028926 20.73008077320533 120
0.9519230769230769 0.04807692307692308 0.0 0.9595959595959596 0.04040404040404041 0.0 0.6565656565656566 1080.234953322406 19.553318176893843 104
0.9932432432432432 0.006756756756756757 0.0 0.993006993006993 0.006993006993006993 0.0 0.8321678321678322 1066.0821077818703 19.29936304428396 148
0.96875 0.03125 0.0 0.967479674796748 0.032520325203252036 0.0 0.7723577235772358 1087.1038893597256 18.317215124352074 128
0.9145299145299145 0.08547008547008547 0.0 0.9107142857142857 0.08928571428571429 0.0 0.7678571428571429 1087.416342607511 19.12663339889346 117
0.9444444444444444 0.05555555555555555 0.0 0.941747572815534 0.05825242718446602 0.0 0.6019417475728155 1087.1470760714171 20.891769775486814 108
0.9852941176470589 0.014705882352941176 0.0 0.9847328244274809 0.015267175572519083 0.0 0.7938931297709924 1062.9900451382377 18.119756111477756 136
0.9933333333333333 0.006666666666666667 0.0 0.993103448275862 0.006896551724137931 0.0 0.7310344827586207 1083.5662881042902 18.564229463478785 150
0.9933333333333333 0.006666666666666667 0.0 0.993103448275862 0.006896551724137931 0.0 0.8275862068965517 1078.767178132171 20.022787626023568 150
0.9739130434782609 0.02608695652173913 0.0 0.9727272727272728 0.02727272727272727 0.0 0.7545454545454545 1085.6814181781663 20.753256457114837 115
0.9850746268656716 0.014925373134328358 0.0 0.9844961240310077 0.015503875968992248 0.0 0.9224806201550387 1062.8829862082794 19.791417318486335 134
0.957983193277311 0.04201680672268908 0.0 0.956140350877193 0.043859649122807015 0.0 0.7719298245614035 1087.0247645860159 19.450493512670157 119
0.8489208633093526 0.14388489208633093 0.007194244604316547 0.8432835820895522 0.14925373134328357 0.007462686567164179 0.0 1043.1081452064243 16.93307262293693 139
0.9935064935064936 0.006493506493506494 0.0 0.9932885906040269 0.006711409395973154 0.0 0.9194630872483222 1063.1487525773161 18.587684937167847 154
0.968503937007874 0.031496062992125984 0.0 0.9672131147540983 0.03278688524590164 0.0 0.6721311475409836 1072.4152939952746 19.790188152544083 127
1.0 0.0 0.0 1.0 0.0 0.0 0.6333333333333333 1079.8247929272113 17.592991401510787 155
0.9919354838709677 0.008064516129032258 0.0 0.9915966386554622 0.008403361344537815 0.0 0.8571428571428571 973.8577840935981 19.821014883726004 124
0.9298245614035088 0.07017543859649122 0.0 0.927710843373494 0.07228915662650602 0.0 0.5903614457831325 1087.3431573201976 16.696474962217227 171
0.9772727272727273 0.022727272727272728 0.0 0.9763779527559056 0.023622047244094488 0.0 0.905511811023622 1083.0149360772157 19.358829954227595 132
1.0 0.0 0.0 1.0 0.0 0.0 0.987012987012987 1035.0738158866252 22.267552180660807 82
0.9111111111111111 0.08888888888888889 0.0 0.9085714285714286 0.09142857142857143 0.0 0.7028571428571428 1070.5904222428076 17.358894585945027 180
0.8924731182795699 0.10752688172043011 0.0 0.8895027624309392 0.11049723756906077 0.0 0.6906077348066298 1033.486747593117 16.75378626662967 186
0.963855421686747 0.03614457831325301 0.0 0.9615384615384616 0.038461538461538464 0.0 0.7435897435897436 1053.347547019736 23.443203522691547 83
0.9863945578231292 0.013605442176870748 0.0 0.9859154929577465 0.014084507042253521 0.0 1.0 1083.028616179677 19.98841019189855 147
0.9827586206896551 0.017241379310344827 0.0 0.9819819819819819 0.018018018018018018 0.0 0.44144144144144143 1078.709085171102 21.487067113746132 116
0.9785714285714285 0.02142857142857143 0.0 0.9777777777777777 0.022222222222222223 0.0 0.7111111111111111 1070.5849589387826 19.522542202674188 140
0.8873239436619719 0.11267605633802817 0.0 0.8832116788321168 0.11678832116788321 0.0 0.8759124087591241 1087.467793560243 17.687237622043565 142
1.0 0.0 0.0 1.0 0.0 0.0 0.911504424778761 1084.4940455057954 20.487898694192616 118
1.0 0.0 0.0 1.0 0.0 0.0 0.8981481481481481 1022.3277184223207 21.158410469293393 113
0.993103448275862 0.006896551724137931 0.0 0.9928571428571429 0.007142857142857143 0.0 0.7571428571428571 1050.3597164918297 19.012984389926906 145
1.0 0.0 0.0 1.0 0.0 0.0 0.7653061224489796 1017.5158170882349 19.687886589057477 103
0.9743589743589743 0.02564102564102564 0.0 0.9735099337748344 0.026490066225165563 0.0 0.8609271523178808 1086.5177970733412 18.024392211718858 156
0.972972972972973 0.02702702702702703 0.0 0.972027972027972 0.027972027972027972 0.0 0.6503496503496503 1086.901753731085 18.930815960003518 148
0.9538461538461539 0.046153846153846156 0.0 0.952 0.048 0.0 0.704 1080.6069705446616 19.65446740015778 130
0.937007874015748 0.06299212598425197 0.0 0.9344262295081968 0.06557377049180328 0.0 0.8360655737704918 1082.5251229578798 19.057131963759435 127
0.6842105263157895 0.30994152046783624 0.005847953216374269 0.6746987951807228 0.3192771084337349 0.006024096385542169 0.7590361445783133 1081.3321608135789 17.153841504778022 171
0.9914529914529915 0.008547008547008548 0.0 0.9910714285714286 0.008928571428571428 0.0 0.8303571428571429 1087.377435475914 19.29706817946886 117
0.9694656488549618 0.030534351145038167 0.0 0.9682539682539683 0.031746031746031744 0.0 0.746031746031746 1082.5024591294991 20.36055666470727 131
0.9819819819819819 0.018018018018018018 0.0 0.9811320754716981 0.018867924528301886 0.0 0.7641509433962265 1040.5166428838766 21.911403838379133 111
0.9896907216494846 0.010309278350515464 0.0 0.9891304347826086 0.010869565217391304 0.0 0.7608695652173914 998.0987911063932 20.035536996011864 97
0.9902912621359223 0.009708737864077669 0.0 0.9897959183673469 0.01020408163265306 0.0 0.826530612244898 1086.4613576484837 19.221653700571427 103
0.9696969696969697 0.030303030303030304 0.0 0.968503937007874 0.031496062992125984 0.0 0.7322834645669292 1086.3573843456372 18.729629539726798 132
0.983739837398374 0.016260162601626018 0.0 0.9830508474576272 0.01694915254237288 0.0 0.7542372881355932 1063.2507096560425 18.807902753209436 123
0.8793103448275862 0.1206896551724138 0.0 0.8757396449704142 0.1242603550295858 0.0 0.8402366863905325 1073.1905516371653 17.20445755683776 174
0.967741935483871 0.03225806451612903 0.0 0.9663865546218487 0.03361344537815126 0.0 0.8319327731092437 1086.9184475422564 18.91084535123462 124
0.8512820512820513 0.13846153846153847 0.010256410256410256 0.8526315789473684 0.1368421052631579 0.010526315789473684 0.04736842105263158 1086.8187178047533 17.14597940279129 195
0.9448818897637795 0.05511811023622047 0.0 0.9426229508196722 0.05737704918032787 0.0 0.8114754098360656 1086.5285808944943 20.735382247253128 127
0.9366197183098591 0.06338028169014084 0.0 0.9343065693430657 0.06569343065693431 0.0 0.7445255474452555 1087.0026750896202 18.901557041536858 142
0.927007299270073 0.072992700729927 0.0 0.9242424242424242 0.07575757575757576 0.0 0.75 1027.721489559252 19.358716779918495 137
0.9574468085106383 0.0425531914893617 0.0 0.9558823529411765 0.04411764705882353 0.0 0.7867647058823529 1086.3509553501822 18.969355628838102 141
