0.7671232876712328 0.21232876712328766 0.02054794520547945 0.7588652482269503 0.2198581560283688 0.02127659574468085 0.7375886524822695 1087.139468839035 20.00058236655235 146
0.6847826086956522 0.20652173913043478 0.10869565217391304 0.6666666666666666 0.21839080459770116 0.11494252873563218 0.9540229885057471 1001.7375690480561 25.1659089247486 92
0.8738738738738738 0.12612612612612611 0.0 0.8679245283018868 0.1320754716981132 0.0 0.6981132075471698 1087.3869469074623 21.479912521504147 111
0.7522123893805309 0.23893805309734514 0.008849557522123894 0.7407407407407407 0.25 0.009259259259259259 0.8981481481481481 962.0497235555388 21.934072205999048 113
0.8690476190476191 0.13095238095238096 0.0 0.8607594936708861 0.13924050632911392 0.0 0.6708860759493671 1087.3633105568797 21.868622908445687 84
0.7372262773722628 0.16058394160583941 0.10218978102189781 0.7348484848484849 0.1590909090909091 0.10606060606060606 0.7045454545454546 1087.3094000243543 20.100538956718523 137
0.8269230769230769 0.16346153846153846 0.009615384615384616 0.8181818181818182 0.1717171717171717 0.010101010101010102 0.9292929292929293 1046.6896102704868 22.485455768499556 104
0.9090909090909091 0.09090909090909091 0.0 0.9042553191489362 0.09574468085106383 0.0 0.851063829787234 1082.4127857916267 21.324518827725147 99
0.8333333333333334 0.14285714285714285 0.023809523809523808 0.8264462809917356 0.1487603305785124 0.024793388429752067 0.7768595041322314 1086.279974255245 20.02690445644315 126
0.8527131782945736 0.13953488372093023 0.007751937984496124 0.8548387096774194 0.13709677419354838 0.008064516129032258 0.8951612903225806 1083.2614635425475 21.98569298928791 129
0.8450704225352113 0.15492957746478872 0.0 0.8333333333333334 0.16666666666666666 0.0 1.0 1025.5402620940076 29.038491213988245 71
0.85 0.15 0.0 0.8434782608695652 0.1565217391304348 0.0 0.6956521739130435 1059.0565326055644 21.478266162665598 120
0.9130434782608695 0.07608695652173914 0.010869565217391304 0.9080459770114943 0.08045977011494253 0.011494252873563218 0.7701149425287356 1048.0452156895753 24.57594070891793 92
0.8555555555555555 0.14444444444444443 0.0 0.8470588235294118 0.15294117647058825 0.0 0.7529411764705882 1013.864517093308 22.349345682144683 90
0.9019607843137255 0.09803921568627451 0.0 0.8969072164948454 0.10309278350515463 0.0 0.6804123711340206 1084.8948115870428 23.18830399410465 102
0.8640776699029126 0.13592233009708737 0.0 0.8571428571428571 0.14285714285714285 0.0 0.9489795918367347 1066.223810193876 23.752724918459794 103
0.8202247191011236 0.1797752808988764 0.0 0.8095238095238095 0.19047619047619047 0.0 0.8690476190476191 1087.3572024824098 24.00050954476907 89
0.8263888888888888 0.1736111111111111 0.0 0.8201438848920863 0.17985611510791366 0.0 0.7338129496402878 1087.2136775704987 20.243175633236717 144
0.8020833333333334 0.19791666666666666 0.0 0.7912087912087912 0.2087912087912088 0.0 0.9340659340659341 1032.164623238956 20.52164105977238 96
0.6014492753623188 0.3333333333333333 0.06521739130434782 0.5864661654135338 0.3458646616541353 0.06766917293233082 0.7593984962406015 1066.2224676440883 22.026058087955633 138
0.6422018348623854 0.3211009174311927 0.03669724770642202 0.625 0.33653846153846156 0.038461538461538464 0.6057692307692307 1082.2442117207897 22.902922568886375 109
0.8421052631578947 0.14912280701754385 0.008771929824561403 0.8348623853211009 0.1559633027522936 0.009174311926605505 0.6605504587155964 1087.4131408635408 21.604627038701054 114
0.7557251908396947 0.22900763358778625 0.015267175572519083 0.753968253968254 0.23015873015873015 0.015873015873015872 0.7777777777777778 1048.0205192081235 21.347017124915773 131
0.9038461538461539 0.09615384615384616 0.0 0.898989898989899 0.10101010101010101 0.0 0.797979797979798 1066.838695133152 23.1511133289431 104
0.7635135135135135 0.23648648648648649 0.0 0.7552447552447552 0.24475524475524477 0.0 0.8811188811188811 1054.0770552287688 20.02366139740433 148
0.7686567164179104 0.23134328358208955 0.0 0.7596899224806202 0.24031007751937986 0.0 0.8217054263565892 1087.0229646401126 22.28909413199939 134
0.8918918918918919 0.10810810810810811 0.0 0.8867924528301887 0.11320754716981132 0.0 0.6698113207547169 1082.8343579880095 22.106574541489614 111
0.926829268292683 0.07317073170731707 0.0 0.923728813559322 0.07627118644067797 0.0 0.7457627118644068 1086.0511908694104 21.213297283419486 123
0.8181818181818182 0.18181818181818182 0.0 0.8115942028985508 0.18840579710144928 0.0 0.8115942028985508 1065.2127497334855 21.20727813498481 143
0.7549019607843137 0.24509803921568626 0.0 0.7422680412371134 0.25773195876288657 0.0 0.9484536082474226 989.2970425291519 22.94732786264408 102
0.8118811881188119 0.1782178217821782 0.009900990099009901 0.8020833333333334 0.1875 0.010416666666666666 0.75 1085.3188960962837 23.382694970957502 101
0.7285714285714285 0.2571428571428571 0.014285714285714285 0.7185185185185186 0.26666666666666666 0.014814814814814815 0.6888888888888889 1076.8776753383527 21.75772036862377 140
0.8389830508474576 0.16101694915254236 0.0 0.831858407079646 0.168141592920354 0.0 0.8495575221238938 1072.0936643756775 22.221291917018608 118
0.8206896551724138 0.1793103448275862 0.0 0.8142857142857143 0.18571428571428572 0.0 0.6857142857142857 1087.4079975900017 20.32298779597733 145
0.8076923076923077 0.18269230769230768 0.009615384615384616 0.797979797979798 0.1919191919191919 0.010101010101010102 0.98989898989899 1004.4660821652142 25.093700866771623 104
0.8289473684210527 0.17105263157894737 0.0 0.8231292517006803 0.17687074829931973 0.0 0.7687074829931972 1087.1743831147257 19.920270109583345 152
0.7583333333333333 0.23333333333333334 0.008333333333333333 0.7478260869565218 0.24347826086956523 0.008695652173913044 0.8260869565217391 1056.1866265679835 23.91577123094693 120
0.7710843373493976 0.1927710843373494 0.03614457831325301 0.7564102564102564 0.20512820512820512 0.038461538461538464 1.0 1026.8178913530992 25.2290646520054 83
0.8493150684931506 0.1506849315068493 0.0 0.8439716312056738 0.15602836879432624 0.0 0.6737588652482269 1037.2465626719934 21.754594379560704 146
0.6486486486486487 0.3153153153153153 0.036036036036036036 0.6320754716981132 0.330188679245283 0.03773584905660377 0.9433962264150944 1065.1660507590227 22.383452256878886 111
0.8478260869565217 0.15217391304347827 0.0 0.8390804597701149 0.16091954022988506 0.0 0.9310344827586207 1087.0437208199537 23.14769927867294 92
0.872 0.128 0.0 0.8666666666666667 0.13333333333333333 0.0 0.9 1086.8938590653495 21.534031894964127 125
0.84 0.16 0.0 0.8416666666666667 0.15833333333333333 0.0 0.8416666666666667 1048.5556356019613 21.690371432227906 125
0.7291666666666666 0.25 0.020833333333333332 0.7142857142857143 0.26373626373626374 0.02197802197802198 0.8571428571428571 1055.0306182818076 22.062459121161314 96
0.8571428571428571 0.14285714285714285 0.0 0.85 0.15 0.0 0.97 1054.86330230838 22.347257657978652 105
0.7684210526315789 0.2 0.031578947368421054 0.7555555555555555 0.2111111111111111 0.03333333333333333 0.9555555555555556 1053.1030166052392 24.64406191608648 95
0.8857142857142857 0.11428571428571428 0.0 0.88 0.12 0.0 0.92 1080.8917781680154 20.699730860379766 105
0.8163265306122449 0.17346938775510204 0.01020408163265306 0.8064516129032258 0.1827956989247312 0.010752688172043012 0.7741935483870968 1045.2452569539773 21.284509354862823 98
0.9066666666666666 0.08 0.013333333333333334 0.9 0.08571428571428572 0.014285714285714285 0.7428571428571429 1053.526049437575 22.80376888971865 75
0.8461538461538461 0.15384615384615385 0.0 0.8356164383561644 0.1643835616438356 0.0 0.684931506849315 1087.0842977942118 23.485607004372046 78
0.8952380952380953 0.10476190476190476 0.0 0.89 0.11 0.0 0.78 1000.7797060703185 23.54452188819528 105
0.8347107438016529 0.1652892561983471 0.0 0.8275862068965517 0.1724137931034483 0.0 0.8017241379310345 1086.0827601126082 22.122469736332928 121
0.8210526315789474 0.17894736842105263 0.0 0.8222222222222222 0.17777777777777778 0.0 0.6777777777777778 1076.7714317723446 23.252160730416037 95
0.84 0.16 0.0 0.8333333333333334 0.16666666666666666 0.0 0.625 1086.7731597997686 19.559350534092196 125
0.8029197080291971 0.18248175182481752 0.014598540145985401 0.7954545454545454 0.1893939393939394 0.015151515151515152 0.7348484848484849 1084.6743011352207 23.610447323466015 137
0.8880597014925373 0.11194029850746269 0.0 0.8837209302325582 0.11627906976744186 0.0 0.7131782945736435 1087.1521381402918 20.999261699842506 134
0.8842105263157894 0.11578947368421053 0.0 0.8777777777777778 0.12222222222222222 0.0 0.9 1042.350900832248 21.94526097502009 95
0.8531468531468531 0.14685314685314685 0.0 0.8478260869565217 0.15217391304347827 0.0 0.7681159420289855 1053.1295496927737 20.957050432937663 143
0.859375 0.140625 0.0 0.8536585365853658 0.14634146341463414 0.0 0.983739837398374 1070.7925646083945 21.010577225880276 128
0.9065420560747663 0.09345794392523364 0.0 0.9019607843137255 0.09803921568627451 0.0 0.8137254901960784 1059.0809571476882 21.52054363387006 107
0.7964601769911505 0.19469026548672566 0.008849557522123894 0.7870370370370371 0.2037037037037037 0.009259259259259259 0.8888888888888888 1070.4901125213207 22.402339472677056 113
0.7459016393442623 0.1721311475409836 0.08196721311475409 0.7435897435897436 0.1794871794871795 0.07692307692307693 0.7264957264957265 1069.714265961367 21.42975983919691 122
0.8303571428571429 0.16964285714285715 0.0 0.822429906542056 0.17757009345794392 0.0 0.7383177570093458 978.4152703381184 24.154836708863428 112
0.8285714285714286 0.17142857142857143 0.0 0.82 0.18 0.0 0.99 973.9214410828212 23.673339458965614 105
0.8488372093023255 0.1511627906976744 0.0 0.8395061728395061 0.16049382716049382 0.0 0.8518518518518519 1060.8746635784019 24.408073220794744 86
0.6982758620689655 0.27586206896551724 0.02586206896551724 0.6846846846846847 0.2882882882882883 0.02702702702702703 0.9009009009009009 1058.8604041070776 23.097610448866178 116
0.831858407079646 0.168141592920354 0.0 0.8240740740740741 0.17592592592592593 0.0 0.8611111111111112 1074.21154063545 23.362698396984626 113
0.8818181818181818 0.10909090909090909 0.00909090909090909 0.8761904761904762 0.11428571428571428 0.009523809523809525 0.8952380952380953 1074.4394603312546 23.297420722129363 110
0.7709923664122137 0.21374045801526717 0.015267175572519083 0.7619047619047619 0.2222222222222222 0.015873015873015872 0.753968253968254 1071.4242944437262 20.944402692773078 131
0.9090909090909091 0.09090909090909091 0.0 0.9036144578313253 0.0963855421686747 0.0 0.9518072289156626 1070.0418922617903 23.417821177610993 88
0.8854166666666666 0.11458333333333333 0.0 0.8791208791208791 0.12087912087912088 0.0 0.7032967032967034 1060.8059881598706 19.4809756576784 96
0.8639455782312925 0.1360544217687075 0.0 0.8591549295774648 0.14084507042253522 0.0 0.7183098591549296 1067.0168447822125 21.27220326787632 147
0.7288135593220338 0.2542372881355932 0.01694915254237288 0.7168141592920354 0.26548672566371684 0.017699115044247787 0.6902654867256637 1087.3952305666878 21.06958187058973 118
0.8909090909090909 0.10909090909090909 0.0 0.8857142857142857 0.11428571428571428 0.0 0.7619047619047619 1068.3927194137175 22.265170193632102 110
0.8938053097345132 0.10619469026548672 0.0 0.8888888888888888 0.1111111111111111 0.0 0.75 1085.6179271729939 21.83641094948843 113
0.7723577235772358 0.22764227642276422 0.0 0.7627118644067796 0.23728813559322035 0.0 0.8389830508474576 1030.2477465675618 21.712020297285566 123
0.8468468468468469 0.14414414414414414 0.009009009009009009 0.839622641509434 0.1509433962264151 0.009433962264150943 0.9622641509433962 1014.3593222221327 23.016224109159037 111
0.9029850746268657 0.09701492537313433 0.0 0.8992248062015504 0.10077519379844961 0.0 0.8837209302325582 1045.3205799290486 21.457463896909807 134
0.8928571428571429 0.10714285714285714 0.0 0.8878504672897196 0.11214953271028037 0.0 0.9906542056074766 1071.7098055737947 21.844429104924053 112
0.8426966292134831 0.1348314606741573 0.02247191011235955 0.8333333333333334 0.14285714285714285 0.023809523809523808 0.9761904761904762 983.0490937798842 24.565288780198433 89
0.8253012048192772 0.1746987951807229 0.0 0.8198757763975155 0.18012422360248448 0.0 0.7888198757763976 1053.1488982085073 20.278579494375236 166
0.7934782608695652 0.18478260869565216 0.021739130434782608 0.7816091954022989 0.19540229885057472 0.022988505747126436 0.9885057471264368 1072.378290119932 26.809644228388667 92
0.7903225806451613 0.20161290322580644 0.008064516129032258 0.7815126050420168 0.21008403361344538 0.008403361344537815 0.680672268907563 1086.6519852128504 20.959047034409608 124
0.8571428571428571 0.14285714285714285 0.0 0.8602150537634409 0.13978494623655913 0.0 0.9139784946236559 973.4537553336036 23.11610491088128 98
0.8260869565217391 0.17391304347826086 0.0 0.8125 0.1875 0.0 1.0 1069.989159249282 26.318999704150475 69
0.8380952380952381 0.1619047619047619 0.0 0.83 0.17 0.0 0.81 1072.8261150070705 21.231445925974388 105
0.89 0.11 0.0 0.8842105263157894 0.11578947368421053 0.0 0.7578947368421053 1058.1741747368437 22.07927051866194 100
0.7021276595744681 0.2553191489361702 0.0425531914893617 0.6911764705882353 0.2647058823529412 0.04411764705882353 0.7647058823529411 1083.6328647053028 20.508812648639868 141
0.8444444444444444 0.15555555555555556 0.0 0.8461538461538461 0.15384615384615385 0.0 0.7461538461538462 1087.2257970203248 21.277383482492663 135
0.8365384615384616 0.15384615384615385 0.009615384615384616 0.8282828282828283 0.16161616161616163 0.010101010101010102 0.9797979797979798 1061.668670486644 23.7470942730158 104
0.8068181818181818 0.19318181818181818 0.0 0.7951807228915663 0.20481927710843373 0.0 0.9518072289156626 1042.2139086536188 24.935603570088436 88
0.6565656565656566 0.31313131313131315 0.030303030303030304 0.648936170212766 0.3191489361702128 0.031914893617021274 0.7127659574468085 963.0280002033523 22.104209089939054 99
0.900709219858156 0.09929078014184398 0.0 0.9044117647058824 0.09558823529411764 0.0 0.7426470588235294 1003.689277130141 20.1446152738273 141
0.8879310344827587 0.11206896551724138 0.0 0.8828828828828829 0.11711711711711711 0.0 0.8108108108108109 1086.6354062604205 20.283612526929947 116
0.8702290076335878 0.1297709923664122 0.0 0.873015873015873 0.12698412698412698 0.0 0.8412698412698413 1068.2821050636376 20.03346697192588 131
0.9085365853658537 0.09146341463414634 0.0 0.9119496855345912 0.0880503144654088 0.0 0.8050314465408805 989.1184519867187 18.94412181842357 164
0.8921568627450981 0.09803921568627451 0.00980392156862745 0.8865979381443299 0.10309278350515463 0.010309278350515464 0.9690721649484536 1069.5345968943361 23.476709956871044 102
0.8653846153846154 0.1346153846153846 0.0 0.8585858585858586 0.1414141414141414 0.0 0.7171717171717171 1087.4290116499453 23.918232280945965 104
0.785234899328859 0.21476510067114093 0.0 0.7847222222222222 0.2152777777777778 0.0 0.7430555555555556 1087.4606019767716 19.994379817902484 149
0.9 0.1 0.0 0.8941176470588236 0.10588235294117647 0.0 0.7764705882352941 1046.6910475054328 22.70160727236781 90
0.7286821705426356 0.21705426356589147 0.05426356589147287 0.717741935483871 0.22580645161290322 0.056451612903225805 0.7338709677419355 1038.3991815777745 21.679584674905865 129
0.8529411764705882 0.14705882352941177 0.0 0.8412698412698413 0.15873015873015872 0.0 0.9682539682539683 1015.3038211657837 23.811048465166536 68
0.7521367521367521 0.23076923076923078 0.017094017094017096 0.7410714285714286 0.24107142857142858 0.017857142857142856 0.6785714285714286 970.7525074633381 20.96638569190719 117
0.7414965986394558 0.23129251700680273 0.027210884353741496 0.7323943661971831 0.23943661971830985 0.028169014084507043 0.8169014084507042 1066.5906366855736 20.03295765489729 147
0.8028169014084507 0.19718309859154928 0.0 0.7956204379562044 0.20437956204379562 0.0 0.7372262773722628 1087.4635042481975 20.644636489815692 142
0.8217054263565892 0.17829457364341086 0.0 0.8145161290322581 0.18548387096774194 0.0 0.9354838709677419 1074.4589837999597 22.332377638683102 129
0.7863247863247863 0.19658119658119658 0.017094017094017096 0.7857142857142857 0.19642857142857142 0.017857142857142856 0.9553571428571429 1086.229356992903 21.77169007034439 117
0.7837837837837838 0.15315315315315314 0.06306306306306306 0.7735849056603774 0.16037735849056603 0.0660377358490566 0.7830188679245284 1066.6083553281978 21.463185276830064 111
0.8153846153846154 0.17692307692307693 0.007692307692307693 0.808 0.184 0.008 0.864 1086.6322377517088 21.72627732104614 130
0.7634408602150538 0.22580645161290322 0.010752688172043012 0.75 0.23863636363636365 0.011363636363636364 0.9318181818181818 1060.1629568839826 22.252806314310064 93
0.911504424778761 0.08849557522123894 0.0 0.9074074074074074 0.09259259259259259 0.0 0.75 1083.5364607854135 22.272359391012156 113
0.79 0.21 0.0 0.7789473684210526 0.22105263157894736 0.0 0.8736842105263158 1034.7051759254643 23.77234939517682 100
0.7837837837837838 0.21621621621621623 0.0 0.7735849056603774 0.22641509433962265 0.0 0.7547169811320755 1009.7793468644874 21.83513187681667 111
0.8365384615384616 0.16346153846153846 0.0 0.8282828282828283 0.1717171717171717 0.0 0.8282828282828283 1058.6206417441558 21.160019968301015 104
0.8518518518518519 0.14814814814814814 0.0 0.8446601941747572 0.1553398058252427 0.0 0.9223300970873787 1087.345825651949 22.358478612681065 108
0.8790322580645161 0.12096774193548387 0.0 0.8739495798319328 0.12605042016806722 0.0 0.7142857142857143 1086.5866814903961 21.30483515113174 124
0.7777777777777778 0.17777777777777778 0.044444444444444446 0.7647058823529411 0.18823529411764706 0.047058823529411764 0.8823529411764706 1056.1241178796688 23.742825343049656 90
0.8029197080291971 0.19708029197080293 0.0 0.803030303030303 0.19696969696969696 0.0 0.9015151515151515 1077.5539877514075 22.19390704935215 137
0.9122807017543859 0.08771929824561403 0.0 0.908256880733945 0.09174311926605505 0.0 0.7798165137614679 1082.6880674265217 20.898246584978033 114
0.9043478260869565 0.09565217391304348 0.0 0.9 0.1 0.0 0.8909090909090909 1079.600588615458 21.516896017462845 115
0.8990825688073395 0.10091743119266056 0.0 0.8942307692307693 0.10576923076923077 0.0 0.7692307692307693 1087.3604297117834 20.776496403628006 109
0.8901098901098901 0.10989010989010989 0.0 0.8837209302325582 0.11627906976744186 0.0 0.7558139534883721 1043.08088582539 22.300607812572075 91
0.8703703703703703 0.12962962962962962 0.0 0.8640776699029126 0.13592233009708737 0.0 0.9611650485436893 1086.9369539670479 22.888438447478535 108
0.8181818181818182 0.18181818181818182 0.0 0.8085106382978723 0.19148936170212766 0.0 0.776595744680851 1017.9462026323406 21.2291723445378 99
0.7810650887573964 0.20118343195266272 0.01775147928994083 0.774390243902439 0.2073170731707317 0.018292682926829267 0.8414634146341463 1087.0311179803239 19.693051051669578 169
0.7846153846153846 0.16923076923076924 0.046153846153846156 0.7666666666666667 0.18333333333333332 0.05 1.0 986.9753016449117 27.92934828841459 65
0.8761904761904762 0.10476190476190476 0.01904761904761905 0.87 0.11 0.02 0.82 1078.5830388517295 21.851700342311155 105
0.7478260869565218 0.25217391304347825 0.0 0.7363636363636363 0.2636363636363636 0.0 0.6727272727272727 1041.3971019174294 21.032716793289776 115
0.8 0.15714285714285714 0.04285714285714286 0.7846153846153846 0.16923076923076924 0.046153846153846156 1.0 1011.400019450583 26.780618713883715 70
0.8 0.2 0.0 0.8 0.2 0.0 0.9176470588235294 1045.6633063748884 26.09484784191684 90
0.8230088495575221 0.168141592920354 0.008849557522123894 0.8148148148148148 0.17592592592592593 0.009259259259259259 0.7870370370370371 1043.9270271044302 22.972443545385946 113
0.8275862068965517 0.1724137931034483 0.0 0.8288288288288288 0.17117117117117117 0.0 0.6576576576576577 1087.4711781325902 20.323288899730382 116
0.7088607594936709 0.24050632911392406 0.05063291139240506 0.6891891891891891 0.25675675675675674 0.05405405405405406 0.972972972972973 1079.4404874158765 22.66044930986106 79
0.8152173913043478 0.16304347826086957 0.021739130434782608 0.8045977011494253 0.1724137931034483 0.022988505747126436 0.7931034482758621 1069.3333424151608 22.82767052955842 92
0.7657657657657657 0.23423423423423423 0.0 0.7547169811320755 0.24528301886792453 0.0 0.6320754716981132 1087.3827560835916 20.08655996268849 111
0.8034188034188035 0.1794871794871795 0.017094017094017096 0.7946428571428571 0.1875 0.017857142857142856 0.8125 1077.0853037288982 22.49114551443959 117
0.8434782608695652 0.1565217391304348 0.0 0.8454545454545455 0.15454545454545454 0.0 0.7181818181818181 1061.9538023302287 20.647868929290315 115
0.8363636363636363 0.15454545454545454 0.00909090909090909 0.8285714285714286 0.1619047619047619 0.009523809523809525 0.780952380952381 1083.000981663305 22.31834360911731 110
0.8532110091743119 0.14678899082568808 0.0 0.8461538461538461 0.15384615384615385 0.0 0.8653846153846154 1034.9934668336934 23.40222506068027 109
0.81 0.18 0.01 0.8 0.18947368421052632 0.010526315789473684 0.9263157894736842 1043.911774979965 23.61106106855055 100
0.8571428571428571 0.14285714285714285 0.0 0.8515625 0.1484375 0.0 0.6171875 1087.3386783481458 19.640463733716377 133
0.7739130434782608 0.20869565217391303 0.017391304347826087 0.7727272727272727 0.21818181818181817 0.00909090909090909 0.6909090909090909 1070.5674788862798 21.82487149526118 115
0.8253968253968254 0.15873015873015872 0.015873015873015872 0.8181818181818182 0.1652892561983471 0.01652892561983471 0.9917355371900827 1027.3208968839524 22.454071656337977 126
0.8645833333333334 0.125 0.010416666666666666 0.8571428571428571 0.13186813186813187 0.01098901098901099 0.8351648351648352 1064.8657707742593 21.677909101642417 96
0.8513513513513513 0.14864864864864866 0.0 0.8461538461538461 0.15384615384615385 0.0 0.7902097902097902 1079.7737177260549 20.021684755426325 148
0.8761904761904762 0.12380952380952381 0.0 0.87 0.13 0.0 0.99 1020.9835323508785 22.36207365265852 105
0.8761061946902655 0.12389380530973451 0.0 0.8703703703703703 0.12962962962962962 0.0 0.7962962962962963 1086.49044900463 21.718098352600638 113
0.8601398601398601 0.13986013986013987 0.0 0.855072463768116 0.14492753623188406 0.0 0.6884057971014492 1087.4067705805005 20.589542907148537 143
0.7647058823529411 0.22058823529411764 0.014705882352941176 0.7557251908396947 0.22900763358778625 0.015267175572519083 0.9083969465648855 1038.6684907998404 21.479248991621752 136
0.7087378640776699 0.2621359223300971 0.02912621359223301 0.6938775510204082 0.2755102040816326 0.030612244897959183 0.9693877551020408 1026.2402081785406 24.405750488595753 103
0.816 0.184 0.0 0.8083333333333333 0.19166666666666668 0.0 0.7833333333333333 1076.7767945137361 21.723451662826573 125
0.7731958762886598 0.2268041237113402 0.0 0.7608695652173914 0.2391304347826087 0.0 0.9891304347826086 1073.5949795097386 24.97162895188888 97
0.7391304347826086 0.24347826086956523 0.017391304347826087 0.7272727272727273 0.2545454545454545 0.01818181818181818 0.6272727272727273 1084.3033733629088 22.67519314642774 115
0.7008547008547008 0.2905982905982906 0.008547008547008548 0.6875 0.30357142857142855 0.008928571428571428 0.7053571428571429 1083.067220117707 21.499779082227274 117
0.864 0.136 0.0 0.8583333333333333 0.14166666666666666 0.0 0.7666666666666667 1074.9807227520969 21.319189564174117 125
0.8671328671328671 0.13286713286713286 0.0 0.8695652173913043 0.13043478260869565 0.0 0.7246376811594203 1082.749251506815 20.475961009719455 143
0.8240740740740741 0.16666666666666666 0.009259259259259259 0.8252427184466019 0.1650485436893204 0.009708737864077669 0.7766990291262136 1086.3999764917764 22.66994257787853 108
0.8444444444444444 0.15555555555555556 0.0 0.8352941176470589 0.16470588235294117 0.0 0.8235294117647058 1036.1580882920741 23.041689908598705 90
0.759493670886076 0.21518987341772153 0.02531645569620253 0.7432432432432432 0.22972972972972974 0.02702702702702703 0.7837837837837838 1010.290909464648 26.23326157856334 79
0.7934782608695652 0.1956521739130435 0.010869565217391304 0.7816091954022989 0.20689655172413793 0.011494252873563218 0.735632183908046 1082.9234025493581 24.60258094643426 92
0.8032786885245902 0.1885245901639344 0.00819672131147541 0.7948717948717948 0.19658119658119658 0.008547008547008548 0.7521367521367521 1075.6348724657803 21.630335987750403 122
0.8532110091743119 0.14678899082568808 0.0 0.8461538461538461 0.15384615384615385 0.0 0.6730769230769231 1086.4513508423363 20.65497653823565 109
0.8672566371681416 0.13274336283185842 0.0 0.8611111111111112 0.1388888888888889 0.0 0.7222222222222222 1087.124841573393 22.060506094399162 113
0.8780487804878049 0.11382113821138211 0.008130081300813009 0.8728813559322034 0.11864406779661017 0.00847457627118644 0.8813559322033898 988.3832702768451 21.983215332310106 123
0.8805970149253731 0.11940298507462686 0.0 0.875968992248062 0.12403100775193798 0.0 0.627906976744186 1087.3992153188942 20.80066561507772 134
0.9 0.1 0.0 0.8952380952380953 0.10476190476190476 0.0 0.8 1075.985899101447 21.577668509375187 110
0.8775510204081632 0.12244897959183673 0.0 0.8709677419354839 0.12903225806451613 0.0 0.6989247311827957 1087.4284214799031 22.2464874298413 98
0.8620689655172413 0.13793103448275862 0.0 0.8571428571428571 0.14285714285714285 0.0 0.7571428571428571 1082.9641721892137 20.208206077785956 145
0.9278350515463918 0.07216494845360824 0.0 0.9239130434782609 0.07608695652173914 0.0 0.6739130434782609 1086.0778426824018 20.064511496740028 97
0.8266666666666667 0.16 0.013333333333333334 0.8206896551724138 0.16551724137931034 0.013793103448275862 0.8896551724137931 1066.9147304601572 21.433532789101104 150
0.8613861386138614 0.13861386138613863 0.0 0.8541666666666666 0.14583333333333334 0.0 0.71875 1087.4338132753523 22.385619137003147 101
0.865979381443299 0.13402061855670103 0.0 0.8586956521739131 0.14130434782608695 0.0 1.0 999.0235024932763 23.55701781802424 97
0.8981481481481481 0.10185185185185185 0.0 0.8932038834951457 0.10679611650485436 0.0 0.7961165048543689 1064.7799222459225 23.207778873092256 108
0.8695652173913043 0.13043478260869565 0.0 0.8646616541353384 0.13533834586466165 0.0 0.8270676691729323 1076.9784376679406 22.289918672704328 138
0.8773584905660378 0.12264150943396226 0.0 0.8712871287128713 0.12871287128712872 0.0 0.8910891089108911 1075.8709172205854 23.647873467014026 106
0.8130841121495327 0.18691588785046728 0.0 0.803921568627451 0.19607843137254902 0.0 0.9901960784313726 1042.3045232532838 21.403936475332387 107
0.8541666666666666 0.13541666666666666 0.010416666666666666 0.8461538461538461 0.14285714285714285 0.01098901098901099 0.9340659340659341 1078.7011654552887 24.788973794759332 96
0.8490566037735849 0.1509433962264151 0.0 0.8415841584158416 0.15841584158415842 0.0 1.0 1037.9911405457901 22.818443776085115 106
0.8157894736842105 0.18421052631578946 0.0 0.8073394495412844 0.1926605504587156 0.0 0.8073394495412844 1056.771488900953 23.064165505135946 114
0.8205128205128205 0.17094017094017094 0.008547008547008548 0.8125 0.17857142857142858 0.008928571428571428 0.9732142857142857 996.2986846804719 21.89776454785414 117
0.9026548672566371 0.09734513274336283 0.0 0.8981481481481481 0.10185185185185185 0.0 0.7037037037037037 1086.3635533328393 22.209552450557347 113
0.8916666666666667 0.10833333333333334 0.0 0.8869565217391304 0.11304347826086956 0.0 0.8260869565217391 1060.750715054038 20.78438040146112 120
0.839622641509434 0.16037735849056603 0.0 0.8316831683168316 0.16831683168316833 0.0 0.9801980198019802 1044.285866617715 23.770990498545636 106
0.7589285714285714 0.23214285714285715 0.008928571428571428 0.7476635514018691 0.24299065420560748 0.009345794392523364 0.8317757009345794 1073.3473429994335 22.257953226688034 112
0.8347826086956521 0.16521739130434782 0.0 0.8272727272727273 0.17272727272727273 0.0 0.7636363636363637 1070.3702110554937 22.652275536143186 115
0.8611111111111112 0.12962962962962962 0.009259259259259259 0.8543689320388349 0.13592233009708737 0.009708737864077669 0.8252427184466019 1057.4907374740949 21.333321665992386 108
0.8378378378378378 0.15315315315315314 0.009009009009009009 0.8301886792452831 0.16037735849056603 0.009433962264150943 0.7830188679245284 1087.3009226154322 22.324710131413276 111
0.80625 0.19375 0.0 0.8 0.2 0.0 0.7612903225806451 1065.3118243076258 19.61311013924615 160
0.7586206896551724 0.2413793103448276 0.0 0.7439024390243902 0.25609756097560976 0.0 0.8292682926829268 1060.6456281555297 22.860109943520264 87
0.8306451612903226 0.1693548387096774 0.0 0.8319327731092437 0.16806722689075632 0.0 0.7058823529411765 1087.2365533135514 21.295483598857047 124
0.8852459016393442 0.11475409836065574 0.0 0.8803418803418803 0.11965811965811966 0.0 0.8205128205128205 1030.0534391623876 20.777978084161884 122
0.8264462809917356 0.17355371900826447 0.0 0.8275862068965517 0.1724137931034483 0.0 0.7586206896551724 1016.8283098016202 21.333517891448626 121
0.8777777777777778 0.1111111111111111 0.011111111111111112 0.8705882352941177 0.11764705882352941 0.011764705882352941 0.9294117647058824 1084.698942644923 22.622803196240607 90
0.8333333333333334 0.1388888888888889 0.027777777777777776 0.835820895522388 0.14925373134328357 0.014925373134328358 0.6716417910447762 1078.737391989068 21.009247049446614 72
0.8854166666666666 0.11458333333333333 0.0 0.8791208791208791 0.12087912087912088 0.0 0.7802197802197802 1035.6287675240455 22.562759858028226 96
0.8278145695364238 0.17218543046357615 0.0 0.821917808219178 0.1780821917808219 0.0 0.6986301369863014 1017.3565043948688 19.797620459779576 151
0.9152542372881356 0.0847457627118644 0.0 0.911504424778761 0.08849557522123894 0.0 0.8053097345132744 1047.1025780550829 21.835112926611828 118
0.7751937984496124 0.2248062015503876 0.0 0.7661290322580645 0.23387096774193547 0.0 0.8064516129032258 1084.423422739273 21.69383950673124 129
0.7096774193548387 0.25806451612903225 0.03225806451612903 0.6931818181818182 0.2727272727272727 0.03409090909090909 0.9772727272727273 1043.1017364783418 23.748626243824816 93
0.826530612244898 0.16326530612244897 0.01020408163265306 0.8172043010752689 0.17204301075268819 0.010752688172043012 0.989247311827957 1079.620446657504 22.314125901226685 98
0.8495575221238938 0.13274336283185842 0.017699115044247787 0.8425925925925926 0.1388888888888889 0.018518518518518517 0.75 1081.2536153751091 20.73626451106714 113
0.8090909090909091 0.19090909090909092 0.0 0.8 0.2 0.0 0.7333333333333333 1075.0074032789853 22.335772849486776 110
0.801980198019802 0.19801980198019803 0.0 0.7916666666666666 0.20833333333333334 0.0 0.7916666666666666 1085.8746740305942 25.520541400644753 101
0.7545454545454545 0.21818181818181817 0.02727272727272727 0.7428571428571429 0.22857142857142856 0.02857142857142857 0.8476190476190476 1061.5276724448966 23.714542623123954 110
0.8709677419354839 0.12903225806451613 0.0 0.8733333333333333 0.12666666666666668 0.0 0.72 1087.3748886937776 19.02882140972101 155
0.8429752066115702 0.14049586776859505 0.01652892561983471 0.8362068965517241 0.14655172413793102 0.017241379310344827 0.7241379310344828 1086.3431106146172 22.977935072195173 121
0.8909090909090909 0.10909090909090909 0.0 0.8952380952380953 0.10476190476190476 0.0 0.6666666666666666 1057.6772432219839 21.024936776057764 110
0.7931034482758621 0.1896551724137931 0.017241379310344827 0.7927927927927928 0.1891891891891892 0.018018018018018018 0.6666666666666666 1050.8033946187206 22.049598567999183 116
0.7603305785123967 0.23140495867768596 0.008264462809917356 0.75 0.2413793103448276 0.008620689655172414 0.7758620689655172 1086.4647418335787 20.50939441192255 121
0.8476190476190476 0.1523809523809524 0.0 0.84 0.16 0.0 0.78 1078.6806971373894 23.289071064447022 105
0.8306451612903226 0.1532258064516129 0.016129032258064516 0.8235294117647058 0.15966386554621848 0.01680672268907563 0.7058823529411765 1054.1444206559163 22.98538266529797 124
0.8361581920903954 0.1638418079096045 0.0 0.8313953488372093 0.1686046511627907 0.0 0.8546511627906976 1087.4043552383944 19.873131439700092 177
0.7792207792207793 0.21428571428571427 0.006493506493506494 0.7718120805369127 0.2214765100671141 0.006711409395973154 0.8389261744966443 1079.943380595994 20.880304354155697 154
0.8319327731092437 0.15126050420168066 0.01680672268907563 0.8245614035087719 0.15789473684210525 0.017543859649122806 0.9385964912280702 1044.5433480429851 21.575484514855322 119
0.8622448979591837 0.1326530612244898 0.00510204081632653 0.8586387434554974 0.13612565445026178 0.005235602094240838 0.7486910994764397 1085.6480564181954 18.81173919429272 196
0.8333333333333334 0.16666666666666666 0.0 0.8264462809917356 0.17355371900826447 0.0 0.768595041322314 1087.3967153111323 21.068259136787685 126
0.8640776699029126 0.13592233009708737 0.0 0.8571428571428571 0.14285714285714285 0.0 1.0 1078.7563808327689 23.725057760731794 103
0.8777777777777778 0.12222222222222222 0.0 0.8705882352941177 0.12941176470588237 0.0 1.0 1006.4435986833258 23.78790591418111 90
0.7692307692307693 0.21678321678321677 0.013986013986013986 0.7608695652173914 0.2246376811594203 0.014492753623188406 0.7246376811594203 1086.4461433201056 21.356125545469546 143
0.8620689655172413 0.12643678160919541 0.011494252873563218 0.8536585365853658 0.13414634146341464 0.012195121951219513 0.7195121951219512 1012.0405529304869 20.406567975274136 87
0.8916666666666667 0.10833333333333334 0.0 0.8869565217391304 0.11304347826086956 0.0 0.7652173913043478 1076.2680904125173 21.400074483140454 120
0.8706896551724138 0.12931034482758622 0.0 0.8648648648648649 0.13513513513513514 0.0 0.972972972972973 1084.583838101156 22.854741835977396 116
0.9038461538461539 0.09615384615384616 0.0 0.898989898989899 0.10101010101010101 0.0 0.8484848484848485 1075.1724252428264 23.52223823174781 104
0.8205128205128205 0.15384615384615385 0.02564102564102564 0.8125 0.16071428571428573 0.026785714285714284 0.75 1047.8692531319584 22.159504028316494 117
0.7191011235955056 0.25842696629213485 0.02247191011235955 0.7261904761904762 0.25 0.023809523809523808 0.9166666666666666 1074.0899389484016 23.049948779935782 89
0.8333333333333334 0.15625 0.010416666666666666 0.8241758241758241 0.16483516483516483 0.01098901098901099 0.7692307692307693 1079.7822680617915 23.96336621693065 96
0.7959183673469388 0.17687074829931973 0.027210884353741496 0.7887323943661971 0.18309859154929578 0.028169014084507043 0.823943661971831 1086.992767224454 20.83733065066534 147
0.8990825688073395 0.10091743119266056 0.0 0.9038461538461539 0.09615384615384616 0.0 0.6923076923076923 1086.4230700191206 22.702235956304243 109
0.7058823529411765 0.29411764705882354 0.0 0.6907216494845361 0.30927835051546393 0.0 0.979381443298969 1039.4183593267169 23.940395427601253 102
0.8389830508474576 0.16101694915254236 0.0 0.831858407079646 0.168141592920354 0.0 0.7345132743362832 1078.4254178529457 21.3956104647404 118
0.7777777777777778 0.2111111111111111 0.011111111111111112 0.7647058823529411 0.2235294117647059 0.011764705882352941 0.9529411764705882 1019.5770323773295 22.251861719989005 90
0.808695652173913 0.19130434782608696 0.0 0.8 0.2 0.0 0.8272727272727273 1081.8239696653231 22.82219506939164 115
0.8425925925925926 0.1574074074074074 0.0 0.8349514563106796 0.1650485436893204 0.0 0.8446601941747572 1057.3279595516133 23.992574171464977 108
0.8953488372093024 0.10465116279069768 0.0 0.8922155688622755 0.10778443113772455 0.0 0.8502994011976048 1055.159221251552 20.25076828252207 172
0.8640776699029126 0.13592233009708737 0.0 0.8673469387755102 0.1326530612244898 0.0 0.7040816326530612 1087.3861640033822 21.318406638178928 103
0.8222222222222222 0.17777777777777778 0.0 0.8117647058823529 0.18823529411764706 0.0 0.6470588235294118 1082.4908737670082 22.19791619992225 90
0.7815126050420168 0.2184873949579832 0.0 0.7719298245614035 0.22807017543859648 0.0 0.7105263157894737 1087.196167056171 21.350684759449766 119
0.8839285714285714 0.11607142857142858 0.0 0.8785046728971962 0.12149532710280374 0.0 0.7850467289719626 1083.6238937634616 21.66297255641055 112
0.8521739130434782 0.14782608695652175 0.0 0.8545454545454545 0.14545454545454545 0.0 0.8454545454545455 1080.711449798373 21.187355174835005 115
0.7919463087248322 0.2080536912751678 0.0 0.7847222222222222 0.2152777777777778 0.0 0.7916666666666666 1085.780826565248 20.61396781876217 149
0.8061224489795918 0.1836734693877551 0.01020408163265306 0.7956989247311828 0.1935483870967742 0.010752688172043012 0.989247311827957 1014.8064817465994 25.42241304547971 98
0.8 0.18333333333333332 0.016666666666666666 0.7913043478260869 0.19130434782608696 0.017391304347826087 0.8173913043478261 1075.7873291552687 22.119609708243974 120
0.8333333333333334 0.16666666666666666 0.0 0.8273381294964028 0.17266187050359713 0.0 0.8129496402877698 1086.7469635469752 20.773836468693425 144
0.8105263157894737 0.18947368421052632 0.0 0.8 0.2 0.0 0.9666666666666667 1062.5268902484017 23.01909579230735 95
0.8380952380952381 0.1523809523809524 0.009523809523809525 0.83 0.16 0.01 0.85 1053.0726695723727 23.068719288434373 105
0.851063829787234 0.13829787234042554 0.010638297872340425 0.8426966292134831 0.14606741573033707 0.011235955056179775 0.8314606741573034 1081.3411921118916 24.379799268386837 94
0.816 0.184 0.0 0.8083333333333333 0.19166666666666668 0.0 0.85 1087.4128898090241 22.07641395238668 125
0.7850467289719626 0.19626168224299065 0.018691588785046728 0.7745098039215687 0.20588235294117646 0.0196078431372549 0.6078431372549019 1007.1658023647026 20.983086439813885 107
0.8854961832061069 0.11450381679389313 0.0 0.8809523809523809 0.11904761904761904 0.0 0.753968253968254 1058.3226594158666 21.115279448472613 131
0.7651006711409396 0.21476510067114093 0.020134228187919462 0.7569444444444444 0.2222222222222222 0.020833333333333332 0.8263888888888888 985.9456003974993 19.875887908008536 149
0.8661417322834646 0.13385826771653545 0.0 0.860655737704918 0.13934426229508196 0.0 0.7049180327868853 1087.4764790630745 21.978299619368844 127
0.8679245283018868 0.1320754716981132 0.0 0.8613861386138614 0.13861386138613863 0.0 0.6336633663366337 1067.410584549229 23.26474550202255 106
0.859375 0.140625 0.0 0.8536585365853658 0.14634146341463414 0.0 0.7235772357723578 1022.7572575890991 20.545068025771748 128
0.8556701030927835 0.13402061855670103 0.010309278350515464 0.8478260869565217 0.14130434782608695 0.010869565217391304 1.0 1036.118511191563 23.357915509481902 97
0.811965811965812 0.1794871794871795 0.008547008547008548 0.8035714285714286 0.1875 0.008928571428571428 0.8214285714285714 1082.7181578779757 22.517459648154915 117
0.8955223880597015 0.1044776119402985 0.0 0.8914728682170543 0.10852713178294573 0.0 0.7674418604651163 1076.6670387903016 20.22909965676982 134
0.7473684210526316 0.23157894736842105 0.021052631578947368 0.7444444444444445 0.23333333333333334 0.022222222222222223 0.7111111111111111 1034.3414028748196 23.662421234011703 95
0.5298507462686567 0.31343283582089554 0.15671641791044777 0.5116279069767442 0.32558139534883723 0.16279069767441862 0.8372093023255814 1084.8059457888176 20.64181815238805 134
0.863013698630137 0.136986301369863 0.0 0.8581560283687943 0.14184397163120568 0.0 0.8439716312056738 1018.2992067402058 21.46411213056509 146
0.8640776699029126 0.13592233009708737 0.0 0.8571428571428571 0.14285714285714285 0.0 0.7551020408163265 1025.911009653544 22.77335870074476 103
0.9019607843137255 0.09803921568627451 0.0 0.9072164948453608 0.09278350515463918 0.0 0.5257731958762887 1083.6249312446685 20.63783716217812 102
0.8333333333333334 0.14814814814814814 0.018518518518518517 0.8252427184466019 0.1553398058252427 0.019417475728155338 0.7669902912621359 1075.7554183841335 22.639926184744315 108
0.7066666666666667 0.28 0.013333333333333334 0.6857142857142857 0.3 0.014285714285714285 1.0 1059.9224686187806 29.1086873039051 75
0.7310924369747899 0.24369747899159663 0.025210084033613446 0.7192982456140351 0.2543859649122807 0.02631578947368421 0.8859649122807017 1032.2277327580923 23.241829898761686 119
0.8974358974358975 0.10256410256410256 0.0 0.8928571428571429 0.10714285714285714 0.0 0.6607142857142857 1087.344325869972 21.510992840529635 117
0.8613861386138614 0.13861386138613863 0.0 0.8541666666666666 0.14583333333333334 0.0 0.6354166666666666 1086.4230562322682 21.102233217022437 101
0.86 0.14 0.0 0.8526315789473684 0.14736842105263157 0.0 0.8842105263157894 935.5942699558491 22.033316857805954 100
0.900990099009901 0.09900990099009901 0.0 0.8958333333333334 0.10416666666666667 0.0 0.9270833333333334 1022.6363122560067 22.64312717546522 101
0.865979381443299 0.13402061855670103 0.0 0.8586956521739131 0.14130434782608695 0.0 0.6847826086956522 1087.4189713675617 19.51280466159789 97
0.8811881188118812 0.1188118811881188 0.0 0.875 0.125 0.0 0.7395833333333334 1003.2539540116296 20.825262790678266 101
0.8220338983050848 0.17796610169491525 0.0 0.8230088495575221 0.17699115044247787 0.0 0.7964601769911505 1087.1596152293205 20.624162757345246 118
0.8108108108108109 0.1891891891891892 0.0 0.8018867924528302 0.19811320754716982 0.0 0.6698113207547169 1087.4556290580679 20.05351429322969 111
0.8790322580645161 0.12096774193548387 0.0 0.8739495798319328 0.12605042016806722 0.0 0.8991596638655462 1058.9294807453223 22.78125969906655 124
0.7297297297297297 0.24324324324324326 0.02702702702702703 0.7169811320754716 0.25471698113207547 0.02830188679245283 0.8207547169811321 1058.4498376405986 22.386135746079322 111
0.78 0.17 0.05 0.7789473684210526 0.16842105263157894 0.05263157894736842 0.8526315789473684 1025.5031482386971 22.859148435264107 100
0.7785714285714286 0.22142857142857142 0.0 0.7777777777777778 0.2222222222222222 0.0 0.8074074074074075 1071.479152916616 21.804712316373593 140
0.8275862068965517 0.1724137931034483 0.0 0.8198198198198198 0.18018018018018017 0.0 0.6306306306306306 1066.5969200156715 21.790405396787538 116
0.8046875 0.1953125 0.0 0.7967479674796748 0.2032520325203252 0.0 0.8780487804878049 1068.4107682711622 20.711975140190127 128
0.78125 0.21875 0.0 0.7692307692307693 0.23076923076923078 0.0 0.8791208791208791 997.3175866770233 21.58432157672749 96
0.8533333333333334 0.13333333333333333 0.013333333333333334 0.8428571428571429 0.14285714285714285 0.014285714285714285 0.9714285714285714 1076.4324947510256 25.612486888688192 75
0.8454545454545455 0.14545454545454545 0.00909090909090909 0.8476190476190476 0.14285714285714285 0.009523809523809525 0.9333333333333333 1012.8018953729379 23.406418164590082 110
0.8613861386138614 0.13861386138613863 0.0 0.8541666666666666 0.14583333333333334 0.0 0.6666666666666666 1061.0161423892919 21.997166256092054 101
0.9090909090909091 0.09090909090909091 0.0 0.905511811023622 0.09448818897637795 0.0 0.7795275590551181 1030.0538026517838 21.11614924920541 132
0.8404255319148937 0.1595744680851064 0.0 0.8314606741573034 0.16853932584269662 0.0 0.6853932584269663 1076.5734073400326 23.187755280882026 94
0.8876404494382022 0.10112359550561797 0.011235955056179775 0.8809523809523809 0.10714285714285714 0.011904761904761904 0.7976190476190477 1047.2794695723321 22.952040112665404 89
0.864406779661017 0.11016949152542373 0.025423728813559324 0.8584070796460177 0.11504424778761062 0.02654867256637168 0.831858407079646 1058.0868739808052 21.66019451257165 118
0.72 0.26 0.02 0.7052631578947368 0.2736842105263158 0.021052631578947368 0.8315789473684211 1062.918315528791 22.670546142335894 100
0.8795180722891566 0.10843373493975904 0.012048192771084338 0.8717948717948718 0.11538461538461539 0.01282051282051282 0.8589743589743589 1053.2437972879222 23.975626222781834 83
0.851063829787234 0.13829787234042554 0.010638297872340425 0.8426966292134831 0.14606741573033707 0.011235955056179775 0.9101123595505618 1038.1802391163753 22.429018707610343 94
0.8350515463917526 0.15463917525773196 0.010309278350515464 0.8260869565217391 0.16304347826086957 0.010869565217391304 0.7717391304347826 1076.7337751104994 24.911576831831844 97
0.8611111111111112 0.1388888888888889 0.0 0.8543689320388349 0.14563106796116504 0.0 0.9223300970873787 1034.3573302783905 22.08536629200573 108
0.8672566371681416 0.13274336283185842 0.0 0.8611111111111112 0.1388888888888889 0.0 0.8981481481481481 1003.2725380351976 23.568628250554507 113
0.8256880733944955 0.1743119266055046 0.0 0.8173076923076923 0.18269230769230768 0.0 0.8269230769230769 1018.306301977322 22.224362318593545 109
0.8181818181818182 0.18181818181818182 0.0 0.8115942028985508 0.18840579710144928 0.0 0.782608695652174 1087.1778535019037 21.61462067495888 143
0.8677685950413223 0.1322314049586777 0.0 0.8620689655172413 0.13793103448275862 0.0 0.8189655172413793 1053.5645646414039 21.82850386630082 121
0.8547008547008547 0.1452991452991453 0.0 0.8482142857142857 0.15178571428571427 0.0 0.7678571428571429 1064.6848721393303 22.35514035351279 117
0.8514851485148515 0.1485148514851485 0.0 0.84375 0.15625 0.0 0.84375 1040.9820422094897 23.77596106178175 101
0.8048780487804879 0.16260162601626016 0.032520325203252036 0.7966101694915254 0.1694915254237288 0.03389830508474576 0.7033898305084746 1087.3438492248893 21.3805674901989 123
0.7796610169491526 0.211864406779661 0.00847457627118644 0.7699115044247787 0.22123893805309736 0.008849557522123894 1.0 1054.0863849639484 24.44025621064461 118
0.851063829787234 0.13829787234042554 0.010638297872340425 0.8426966292134831 0.14606741573033707 0.011235955056179775 0.7303370786516854 949.8075044862668 22.711911821412045 94
0.8404255319148937 0.1595744680851064 0.0 0.8314606741573034 0.16853932584269662 0.0 0.6853932584269663 1078.2429522256214 23.218345818918916 94
0.4074074074074074 0.24074074074074073 0.35185185185185186 0.3786407766990291 0.2524271844660194 0.36893203883495146 0.9902912621359223 1066.8220791959054 24.19471679168291 108
0.7777777777777778 0.21367521367521367 0.008547008547008548 0.7678571428571429 0.22321428571428573 0.008928571428571428 0.8214285714285714 1072.5142451047652 22.19651618410431 117
0.752 0.248 0.0 0.7416666666666667 0.25833333333333336 0.0 0.975 1031.4348527518198 22.8868649342442 125
0.8584905660377359 0.14150943396226415 0.0 0.8514851485148515 0.1485148514851485 0.0 0.9405940594059405 1041.5635914352945 22.149009730029963 106
0.7297297297297297 0.2072072072072072 0.06306306306306306 0.7169811320754716 0.2169811320754717 0.0660377358490566 1.0 1046.6415667768697 23.00726175780253 111
0.76 0.224 0.016 0.7583333333333333 0.225 0.016666666666666666 0.8 1086.7512486332462 21.252079804253125 125
0.7651515151515151 0.23484848484848486 0.0 0.7559055118110236 0.2440944881889764 0.0 0.8582677165354331 1074.6977132903357 21.251755762607193 132
0.832 0.168 0.0 0.825 0.175 0.0 0.7833333333333333 1087.4872458906495 20.606431500328853 125
0.743801652892562 0.23140495867768596 0.024793388429752067 0.7327586206896551 0.2413793103448276 0.02586206896551724 0.7931034482758621 1077.475723289038 22.85352229393356 121
0.83 0.15 0.02 0.8210526315789474 0.15789473684210525 0.021052631578947368 0.968421052631579 1060.9753103011612 23.548476511992547 100
0.8461538461538461 0.15384615384615385 0.0 0.8392857142857143 0.16071428571428573 0.0 0.875 1081.8417555056621 22.194983727806953 117
0.6428571428571429 0.3125 0.044642857142857144 0.6355140186915887 0.3177570093457944 0.04672897196261682 0.822429906542056 1074.191568337356 23.9621081412902 112
0.7777777777777778 0.2222222222222222 0.0 0.7702702702702703 0.22972972972972974 0.0 0.831081081081081 1086.6833372003514 20.54104009669397 153
0.4482758620689655 0.28448275862068967 0.2672413793103448 0.42342342342342343 0.2972972972972973 0.27927927927927926 0.7027027027027027 1051.6160741081453 21.644919331416048 116
0.6722689075630253 0.31092436974789917 0.01680672268907563 0.6578947368421053 0.32456140350877194 0.017543859649122806 0.8508771929824561 998.4268011661592 21.358403206386516 119
0.8823529411764706 0.11764705882352941 0.0 0.8859649122807017 0.11403508771929824 0.0 0.6929824561403509 1005.9018097374353 20.386092947851374 119
0.7142857142857143 0.2631578947368421 0.022556390977443608 0.703125 0.2734375 0.0234375 0.703125 1086.4828315394018 20.9316998309155 133
0.75 0.20967741935483872 0.04032258064516129 0.7394957983193278 0.2184873949579832 0.04201680672268908 0.9831932773109243 1022.917832853357 21.864137915942678 124
0.8376068376068376 0.1623931623931624 0.0 0.8392857142857143 0.16071428571428573 0.0 0.6339285714285714 1086.604412707909 21.922171783641385 117
0.8333333333333334 0.16666666666666666 0.0 0.8350515463917526 0.16494845360824742 0.0 0.8969072164948454 1077.8587033116758 23.24572820924401 102
0.8831168831168831 0.11688311688311688 0.0 0.8859060402684564 0.11409395973154363 0.0 0.6711409395973155 1046.6930698392769 20.021610195607174 154
0.8229166666666666 0.17708333333333334 0.0 0.8131868131868132 0.18681318681318682 0.0 0.978021978021978 959.3887013990801 24.509924180886056 96
0.8869565217391304 0.11304347826086956 0.0 0.8909090909090909 0.10909090909090909 0.0 0.7 1050.828594972608 21.03271692337777 115
0.8828828828828829 0.11711711711711711 0.0 0.8773584905660378 0.12264150943396226 0.0 0.7452830188679245 1079.2455023668952 21.741172163956033 111
0.8484848484848485 0.15151515151515152 0.0 0.8360655737704918 0.16393442622950818 0.0 0.8360655737704918 1087.0510020770764 20.173514094157166 66
0.794392523364486 0.17757009345794392 0.028037383177570093 0.7843137254901961 0.18627450980392157 0.029411764705882353 0.8529411764705882 1049.7685139765797 23.24079053887298 107
0.819047619047619 0.17142857142857143 0.009523809523809525 0.81 0.18 0.01 0.73 1065.61582888052 23.026960819194702 105
0.7570093457943925 0.22429906542056074 0.018691588785046728 0.7450980392156863 0.23529411764705882 0.0196078431372549 0.7450980392156863 1076.0227257848471 22.62564629394573 107
0.6083333333333333 0.25833333333333336 0.13333333333333333 0.591304347826087 0.26956521739130435 0.1391304347826087 0.7130434782608696 1021.1216915075132 22.63778454044291 120
0.7037037037037037 0.25925925925925924 0.037037037037037035 0.6893203883495146 0.27184466019417475 0.038834951456310676 0.5825242718446602 1087.1861819232895 23.037572505854488 108
0.8785046728971962 0.11214953271028037 0.009345794392523364 0.8725490196078431 0.11764705882352941 0.00980392156862745 0.7549019607843137 1043.9680695047862 20.603187143023227 107
0.8869565217391304 0.11304347826086956 0.0 0.8818181818181818 0.11818181818181818 0.0 0.7818181818181819 1065.45862840203 21.64659006417283 115
0.8378378378378378 0.15315315315315314 0.009009009009009009 0.8301886792452831 0.16037735849056603 0.009433962264150943 0.6320754716981132 1087.1286396269995 21.517448428591038 111
0.84 0.16 0.0 0.8315789473684211 0.16842105263157894 0.0 0.8526315789473684 1084.7007943702588 23.591212664648836 100
0.8125 0.175 0.0125 0.8 0.18666666666666668 0.013333333333333334 0.9066666666666666 1068.0984482069666 25.771440978338642 80
0.8636363636363636 0.13636363636363635 0.0 0.8582677165354331 0.14173228346456693 0.0 0.8267716535433071 1070.7201945930858 20.613935930544436 132
0.8541666666666666 0.13541666666666666 0.010416666666666666 0.8461538461538461 0.14285714285714285 0.01098901098901099 0.7362637362637363 1072.4315627297615 23.82332414216161 96
0.8429752066115702 0.15702479338842976 0.0 0.8362068965517241 0.16379310344827586 0.0 0.6810344827586207 1087.3893080743842 20.877723921761724 121
0.8865979381443299 0.1134020618556701 0.0 0.8804347826086957 0.11956521739130435 0.0 0.782608695652174 1087.3475676787345 21.309751501550807 97
0.8571428571428571 0.14285714285714285 0.0 0.8488372093023255 0.1511627906976744 0.0 0.7558139534883721 1040.8903020287762 22.774549169369298 91
0.9051094890510949 0.0948905109489051 0.0 0.9015151515151515 0.09848484848484848 0.0 0.7196969696969697 1041.3635147909968 21.32247877739555 137
0.7345132743362832 0.25663716814159293 0.008849557522123894 0.7222222222222222 0.26851851851851855 0.009259259259259259 0.7592592592592593 1048.963433587149 21.57138729274308 113
0.8943089430894309 0.10569105691056911 0.0 0.8898305084745762 0.11016949152542373 0.0 0.7966101694915254 1080.3357291557816 20.45143908564326 123
0.71900826446281 0.2396694214876033 0.04132231404958678 0.7068965517241379 0.25 0.04310344827586207 0.9482758620689655 1050.1939687120816 23.736274017313377 121
0.8181818181818182 0.18181818181818182 0.0 0.8072289156626506 0.1927710843373494 0.0 0.7108433734939759 1081.898246542645 21.580038952315128 88
0.8782608695652174 0.12173913043478261 0.0 0.8727272727272727 0.12727272727272726 0.0 0.8090909090909091 1082.7593947023574 24.41787096093413 115
0.8541666666666666 0.14583333333333334 0.0 0.8461538461538461 0.15384615384615385 0.0 0.978021978021978 1058.034583660263 23.974897365921397 96
0.7857142857142857 0.20408163265306123 0.01020408163265306 0.7741935483870968 0.21505376344086022 0.010752688172043012 0.6881720430107527 1087.0248447661472 22.115139140006292 98
0.8415841584158416 0.15841584158415842 0.0 0.84375 0.15625 0.0 0.9479166666666666 1075.9125554468278 20.16594597147351 101
0.9230769230769231 0.07692307692307693 0.0 0.9191919191919192 0.08080808080808081 0.0 0.696969696969697 1078.6010864636323 21.52790713063814 104
0.8114754098360656 0.18032786885245902 0.00819672131147541 0.8034188034188035 0.18803418803418803 0.008547008547008548 0.7008547008547008 1071.344835514699 21.579914136956646 122
0.78125 0.2109375 0.0078125 0.7723577235772358 0.21951219512195122 0.008130081300813009 0.7235772357723578 1047.983182148448 21.916422810856186 128
0.7961165048543689 0.1941747572815534 0.009708737864077669 0.7959183673469388 0.19387755102040816 0.01020408163265306 0.8571428571428571 1058.3303394783431 23.85007871540723 103
0.8818181818181818 0.11818181818181818 0.0 0.8761904761904762 0.12380952380952381 0.0 0.9333333333333333 1055.0490291284384 22.67550718811367 110
0.7954545454545454 0.20454545454545456 0.0 0.7831325301204819 0.21686746987951808 0.0 0.7590361445783133 1034.3598839040196 24.396480365405285 88
0.8923076923076924 0.1076923076923077 0.0 0.888 0.112 0.0 0.968 1072.2273412787902 21.031760637200822 130
0.8991596638655462 0.10084033613445378 0.0 0.8947368421052632 0.10526315789473684 0.0 0.7631578947368421 1072.3839759474797 21.408209020136574 119
0.8446601941747572 0.14563106796116504 0.009708737864077669 0.8367346938775511 0.15306122448979592 0.01020408163265306 0.8673469387755102 1043.9419859034576 23.22039633913188 103
0.695364238410596 0.304635761589404 0.0 0.684931506849315 0.3150684931506849 0.0 0.815068493150685 1086.75202002447 20.117111736324965 151
0.821656050955414 0.17834394904458598 0.0 0.8223684210526315 0.17763157894736842 0.0 0.8157894736842105 1087.131457561153 20.467492387402523 157
0.8080808080808081 0.1919191919191919 0.0 0.7978723404255319 0.20212765957446807 0.0 0.9148936170212766 1043.2545175229775 23.75872106715055 99
0.8689655172413793 0.1310344827586207 0.0 0.8642857142857143 0.1357142857142857 0.0 0.8428571428571429 1087.4171016771884 20.551734632679743 145
0.8131868131868132 0.17582417582417584 0.01098901098901099 0.8023255813953488 0.18604651162790697 0.011627906976744186 0.9767441860465116 1012.0460386202892 24.308144035570056 91
0.839622641509434 0.1509433962264151 0.009433962264150943 0.8415841584158416 0.1485148514851485 0.009900990099009901 0.7029702970297029 1077.5519822476629 22.639755068625952 106
0.8933333333333333 0.10666666666666667 0.0 0.896551724137931 0.10344827586206896 0.0 0.896551724137931 1064.437782448863 20.004176646336113 150
0.831858407079646 0.1592920353982301 0.008849557522123894 0.8240740740740741 0.16666666666666666 0.009259259259259259 0.8148148148148148 1062.583157006029 21.656921206931045 113
0.7474747474747475 0.2222222222222222 0.030303030303030304 0.7340425531914894 0.23404255319148937 0.031914893617021274 0.9574468085106383 1056.240617424374 25.050826952139783 99
0.8627450980392157 0.13725490196078433 0.0 0.8556701030927835 0.14432989690721648 0.0 0.7422680412371134 1087.4090361646165 24.408141474904614 102
0.7402597402597403 0.24675324675324675 0.012987012987012988 0.7222222222222222 0.2638888888888889 0.013888888888888888 0.9861111111111112 1051.5205083077822 27.063593836456192 77
0.7216494845360825 0.2268041237113402 0.05154639175257732 0.7065217391304348 0.2391304347826087 0.05434782608695652 0.9130434782608695 1059.0869275073971 25.680353617284325 97
0.8198198198198198 0.16216216216216217 0.018018018018018018 0.8113207547169812 0.16981132075471697 0.018867924528301886 1.0 1057.9478598438216 24.916064490207315 111
0.8920863309352518 0.1079136690647482 0.0 0.8880597014925373 0.11194029850746269 0.0 0.6791044776119403 1087.4249149491907 21.050276680781508 139
0.8521739130434782 0.14782608695652175 0.0 0.8454545454545455 0.15454545454545454 0.0 0.7818181818181819 1086.2293182823478 22.654906140493328 115
0.8636363636363636 0.13636363636363635 0.0 0.8571428571428571 0.14285714285714285 0.0 0.7904761904761904 1083.8345872147977 22.099915425182296 110
0.9058823529411765 0.09411764705882353 0.0 0.9 0.1 0.0 0.7 1041.6941360719675 23.003992369764546 85
0.8777777777777778 0.12222222222222222 0.0 0.8705882352941177 0.12941176470588237 0.0 0.6823529411764706 1087.3981821834086 20.677461088897722 90
0.8702290076335878 0.1297709923664122 0.0 0.8650793650793651 0.1349206349206349 0.0 0.9206349206349206 1045.4559316531195 21.999490575094338 131
0.7941176470588235 0.19852941176470587 0.007352941176470588 0.7862595419847328 0.20610687022900764 0.007633587786259542 0.7709923664122137 1071.5986664904015 20.891198380466697 136
0.7941176470588235 0.19607843137254902 0.00980392156862745 0.7835051546391752 0.20618556701030927 0.010309278350515464 0.7628865979381443 1080.8237457360942 22.46688927247772 102
0.7923076923076923 0.2076923076923077 0.0 0.8 0.2 0.0 0.776 1078.1972890141303 21.022590924368792 130
0.7916666666666666 0.2013888888888889 0.006944444444444444 0.7841726618705036 0.20863309352517986 0.007194244604316547 0.7769784172661871 1086.8611989046838 21.88546464255901 144
0.848 0.152 0.0 0.8416666666666667 0.15833333333333333 0.0 0.7833333333333333 1084.8099978346586 21.099388783449978 125
0.8247422680412371 0.17525773195876287 0.0 0.8152173913043478 0.18478260869565216 0.0 0.8586956521739131 1083.26816047804 22.287423290391636 97
0.8260869565217391 0.16304347826086957 0.010869565217391304 0.8160919540229885 0.1724137931034483 0.011494252873563218 0.7586206896551724 1086.833382863311 23.744618522482874 92
0.8333333333333334 0.16666666666666666 0.0 0.8273381294964028 0.17266187050359713 0.0 0.7553956834532374 1087.387276522233 20.15331970517595 144
0.9014084507042254 0.09859154929577464 0.0 0.8939393939393939 0.10606060606060606 0.0 0.6818181818181818 1027.7962248323204 22.453534618628275 71
0.8793103448275862 0.1206896551724138 0.0 0.8738738738738738 0.12612612612612611 0.0 0.6936936936936937 1041.4764796733243 21.414464668710558 116
0.7570093457943925 0.24299065420560748 0.0 0.7450980392156863 0.2549019607843137 0.0 0.6764705882352942 1087.1332392242962 20.96464766657656 107
0.8482142857142857 0.15178571428571427 0.0 0.8411214953271028 0.1588785046728972 0.0 0.7102803738317757 1067.1142158681034 21.318991539394087 112
0.8503937007874016 0.14960629921259844 0.0 0.8442622950819673 0.1557377049180328 0.0 0.7950819672131147 1040.7213439316145 22.43580708254289 127
0.8333333333333334 0.14814814814814814 0.018518518518518517 0.8252427184466019 0.1553398058252427 0.019417475728155338 0.8155339805825242 1001.5688041989357 22.821914103220436 108
0.7024793388429752 0.2644628099173554 0.03305785123966942 0.6896551724137931 0.27586206896551724 0.034482758620689655 0.9137931034482759 1067.264074846253 23.969462148861076 121
0.875 0.10833333333333334 0.016666666666666666 0.8695652173913043 0.11304347826086956 0.017391304347826087 0.991304347826087 1009.3983932898104 21.382707592472038 120
0.8195488721804511 0.18045112781954886 0.0 0.8125 0.1875 0.0 0.7421875 1087.3819380901753 19.888037683518125 133
0.7865168539325843 0.20224719101123595 0.011235955056179775 0.7738095238095238 0.21428571428571427 0.011904761904761904 0.8095238095238095 1071.3653649330604 22.73477169336343 89
0.8362573099415205 0.16374269005847952 0.0 0.8313253012048193 0.1686746987951807 0.0 0.7831325301204819 1086.248547480302 20.233702233530106 171
0.8373983739837398 0.15447154471544716 0.008130081300813009 0.8305084745762712 0.16101694915254236 0.00847457627118644 0.7203389830508474 1087.4384122703843 21.9100463290635 123
0.8280254777070064 0.17197452229299362 0.0 0.8289473684210527 0.17105263157894737 0.0 0.8092105263157895 1086.6063255769682 20.03945359863167 157
0.8285714285714286 0.17142857142857143 0.0 0.82 0.18 0.0 0.75 1087.1942418297842 21.905499077314268 105
0.8383838383838383 0.16161616161616163 0.0 0.8404255319148937 0.1595744680851064 0.0 0.9574468085106383 1041.5671725510053 22.022874585794458 99
0.8305084745762712 0.1694915254237288 0.0 0.8230088495575221 0.17699115044247787 0.0 0.8761061946902655 1086.010819725148 21.418845639056407 118
0.8 0.18181818181818182 0.01818181818181818 0.7904761904761904 0.19047619047619047 0.01904761904761905 0.8761904761904762 1024.5240010490932 23.058165733983103 110
0.8907563025210085 0.1092436974789916 0.0 0.8859649122807017 0.11403508771929824 0.0 0.8859649122807017 1010.6057875301763 21.15697899474129 119
0.8761061946902655 0.12389380530973451 0.0 0.8796296296296297 0.12037037037037036 0.0 0.6388888888888888 1087.0267622812125 22.336643558449783 113
0.6666666666666666 0.30158730158730157 0.031746031746031744 0.6528925619834711 0.3140495867768595 0.03305785123966942 0.9917355371900827 1037.775342212043 22.153543290463368 126
0.8541666666666666 0.14583333333333334 0.0 0.8372093023255814 0.16279069767441862 0.0 0.9069767441860465 901.7222720175484 20.773845181734533 48
0.8181818181818182 0.17272727272727273 0.00909090909090909 0.8095238095238095 0.18095238095238095 0.009523809523809525 0.7523809523809524 1087.4570885637745 21.49790805705664 110
0.7972027972027972 0.1888111888111888 0.013986013986013986 0.7898550724637681 0.1956521739130435 0.014492753623188406 0.9782608695652174 1083.012203820261 23.494785279996496 143
0.752 0.248 0.0 0.75 0.25 0.0 0.7083333333333334 1086.4676934893669 20.58367351845534 125
0.90625 0.09375 0.0 0.8983050847457628 0.1016949152542373 0.0 0.9830508474576272 1018.8437947334127 25.462792875868768 64
0.8279569892473119 0.17204301075268819 0.0 0.8181818181818182 0.18181818181818182 0.0 0.9545454545454546 1069.3216005606282 23.783757044968574 93
0.8303571428571429 0.16964285714285715 0.0 0.822429906542056 0.17757009345794392 0.0 0.8878504672897196 1087.3515838704309 22.055324044148033 112
0.8787878787878788 0.12121212121212122 0.0 0.8723404255319149 0.1276595744680851 0.0 0.776595744680851 1069.295055159691 22.989334768510673 99
0.8488372093023255 0.13953488372093023 0.011627906976744186 0.8395061728395061 0.14814814814814814 0.012345679012345678 0.7901234567901234 1054.9448688875461 22.679605145787104 86
0.8346456692913385 0.15748031496062992 0.007874015748031496 0.8278688524590164 0.16393442622950818 0.00819672131147541 0.6885245901639344 1087.4173962159355 22.993213719848335 127
0.8679245283018868 0.1320754716981132 0.0 0.8613861386138614 0.13861386138613863 0.0 0.8910891089108911 1081.6543580196135 21.855192067191222 106
0.89 0.11 0.0 0.8842105263157894 0.11578947368421053 0.0 0.7894736842105263 1087.3644573545419 21.086515189649905 100
0.9292929292929293 0.0707070707070707 0.0 0.925531914893617 0.07446808510638298 0.0 0.7872340425531915 984.1703863452797 22.846850275416635 99
0.9247311827956989 0.07526881720430108 0.0 0.9204545454545454 0.07954545454545454 0.0 0.6931818181818182 1085.929961206671 20.11895688794591 93
0.8561643835616438 0.14383561643835616 0.0 0.851063829787234 0.14893617021276595 0.0 0.8581560283687943 1068.1429772038664 20.677829308147885 146
0.7522935779816514 0.22018348623853212 0.027522935779816515 0.7403846153846154 0.23076923076923078 0.028846153846153848 0.8461538461538461 1044.3907968958251 22.243612272815902 109
0.8609271523178808 0.1390728476821192 0.0 0.863013698630137 0.136986301369863 0.0 0.7602739726027398 1087.3824482516234 19.39758223033673 151
0.9157894736842105 0.08421052631578947 0.0 0.9111111111111111 0.08888888888888889 0.0 0.5666666666666667 1033.1749337109425 20.837796893629193 95
0.7928571428571428 0.19285714285714287 0.014285714285714285 0.7851851851851852 0.2 0.014814814814814815 0.8740740740740741 1086.6565228328718 20.835201887068244 140
0.8288288288288288 0.17117117117117117 0.0 0.8207547169811321 0.1792452830188679 0.0 0.7452830188679245 1023.4950083847879 22.461147419961694 111
0.7426900584795322 0.24561403508771928 0.011695906432748537 0.7409638554216867 0.2469879518072289 0.012048192771084338 0.7530120481927711 1065.3419829458637 20.295521603394064 171
0.8780487804878049 0.12195121951219512 0.0 0.8728813559322034 0.1271186440677966 0.0 0.652542372881356 1087.451546099391 21.230849635622395 123
0.7857142857142857 0.20535714285714285 0.008928571428571428 0.7757009345794392 0.21495327102803738 0.009345794392523364 0.7757009345794392 1040.535721230992 23.82835136686267 112
0.8990825688073395 0.10091743119266056 0.0 0.8942307692307693 0.10576923076923077 0.0 0.6634615384615384 1068.0681509706385 22.94312096858044 109
0.7941176470588235 0.20588235294117646 0.0 0.7835051546391752 0.21649484536082475 0.0 1.0 1068.859107464788 23.13437860177461 102
0.8662420382165605 0.1337579617834395 0.0 0.8618421052631579 0.13815789473684212 0.0 0.7894736842105263 1087.464676443497 20.4356816754712 157
0.873015873015873 0.12698412698412698 0.0 0.8677685950413223 0.1322314049586777 0.0 0.768595041322314 1035.4367830841766 22.777870040342233 126
0.7225806451612903 0.2645161290322581 0.012903225806451613 0.7133333333333334 0.2733333333333333 0.013333333333333334 0.78 1082.0546207296595 20.32490213399165 155
0.9047619047619048 0.09523809523809523 0.0 0.9 0.1 0.0 1.0 1074.9527014099574 23.190418036058976 105
0.8602150537634409 0.12903225806451613 0.010752688172043012 0.8636363636363636 0.125 0.011363636363636364 0.75 1087.40913822692 25.28142750819465 93
0.8571428571428571 0.14285714285714285 0.0 0.8494623655913979 0.15053763440860216 0.0 0.989247311827957 1042.1506366760254 22.825319499499134 98
0.8020833333333334 0.18229166666666666 0.015625 0.7967914438502673 0.18716577540106952 0.016042780748663103 0.7112299465240641 1086.365986453426 19.180697499295892 192
0.865979381443299 0.13402061855670103 0.0 0.8586956521739131 0.14130434782608695 0.0 0.7934782608695652 1056.6538260265852 22.049916666387055 97
0.824 0.176 0.0 0.825 0.175 0.0 0.675 1029.55039593287 20.818299441495714 125
0.768 0.224 0.008 0.7583333333333333 0.23333333333333334 0.008333333333333333 0.75 1087.4532502232757 20.540428647629277 125
0.9010989010989011 0.0989010989010989 0.0 0.8953488372093024 0.10465116279069768 0.0 0.8023255813953488 1040.370000818037 25.122926125819525 91
0.9173553719008265 0.08264462809917356 0.0 0.9137931034482759 0.08620689655172414 0.0 0.9913793103448276 1030.3871550274591 20.50561217134914 121
0.8636363636363636 0.13636363636363635 0.0 0.8571428571428571 0.14285714285714285 0.0 0.7333333333333333 1087.4631512020069 21.378091738061475 110
0.8425925925925926 0.14814814814814814 0.009259259259259259 0.8349514563106796 0.1553398058252427 0.009708737864077669 0.7669902912621359 1059.3140376864555 22.636378056390626 108
0.916030534351145 0.08396946564885496 0.0 0.9126984126984127 0.0873015873015873 0.0 0.753968253968254 1087.3248707349405 19.806132126879962 131
0.8173076923076923 0.18269230769230768 0.0 0.8181818181818182 0.18181818181818182 0.0 0.7878787878787878 1062.0240113802356 21.364872034886925 104
0.8983050847457628 0.1016949152542373 0.0 0.8938053097345132 0.10619469026548672 0.0 0.7787610619469026 980.0390822058548 22.313123224409246 118
0.8671875 0.1328125 0.0 0.8617886178861789 0.13821138211382114 0.0 0.7154471544715447 1086.617082952342 20.38622899218325 128
0.8596491228070176 0.14035087719298245 0.0 0.8532110091743119 0.14678899082568808 0.0 0.7064220183486238 1078.5649437626776 21.37144321750582 114
0.8828828828828829 0.11711711711711711 0.0 0.8773584905660378 0.12264150943396226 0.0 0.7264150943396226 1087.408914822297 21.013578990722397 111
0.8598130841121495 0.14018691588785046 0.0 0.8529411764705882 0.14705882352941177 0.0 0.6274509803921569 1070.1724354849373 20.43695275756766 107
0.8888888888888888 0.1111111111111111 0.0 0.8936170212765957 0.10638297872340426 0.0 0.776595744680851 1061.4607249467515 24.322537929361367 99
0.7924528301886793 0.19811320754716982 0.009433962264150943 0.7920792079207921 0.19801980198019803 0.009900990099009901 0.8613861386138614 1060.163504756567 22.945972983321674 106
0.839622641509434 0.1509433962264151 0.009433962264150943 0.8316831683168316 0.15841584158415842 0.009900990099009901 0.7623762376237624 1046.2345982679935 21.836749780934728 106
0.8114754098360656 0.1721311475409836 0.01639344262295082 0.811965811965812 0.17094017094017094 0.017094017094017096 0.7948717948717948 1086.5059664051448 22.372279883146113 122
0.8173076923076923 0.18269230769230768 0.0 0.8080808080808081 0.1919191919191919 0.0 0.8383838383838383 1071.5656052057766 23.125664512541206 104
0.9146341463414634 0.08536585365853659 0.0 0.9090909090909091 0.09090909090909091 0.0 0.7142857142857143 1035.578816279658 22.280506026798054 82
0.8015267175572519 0.19083969465648856 0.007633587786259542 0.7936507936507936 0.1984126984126984 0.007936507936507936 0.9047619047619048 1019.7695999085407 20.51916003505258 131
0.8144329896907216 0.18556701030927836 0.0 0.8043478260869565 0.1956521739130435 0.0 0.9565217391304348 1060.6253601857177 24.748646230799373 97
0.8990825688073395 0.10091743119266056 0.0 0.8942307692307693 0.10576923076923077 0.0 0.7788461538461539 1053.3268509890568 22.254677039655242 109
0.8762886597938144 0.12371134020618557 0.0 0.8695652173913043 0.13043478260869565 0.0 0.8043478260869565 1072.4143543081302 21.732994732742874 97
0.8790322580645161 0.12096774193548387 0.0 0.8739495798319328 0.12605042016806722 0.0 0.7478991596638656 1087.4829771545346 20.956400121403703 124
0.8176470588235294 0.18235294117647058 0.0 0.8121212121212121 0.18787878787878787 0.0 0.6242424242424243 1087.344867550581 20.190396932764134 170
0.8395061728395061 0.16049382716049382 0.0 0.8343949044585988 0.16560509554140126 0.0 0.8343949044585988 1066.6320998609585 21.313425519036688 162
0.8363636363636363 0.15454545454545454 0.00909090909090909 0.8285714285714286 0.1619047619047619 0.009523809523809525 0.7619047619047619 1025.8742034727375 24.001023736079013 110
0.7857142857142857 0.20238095238095238 0.011904761904761904 0.7721518987341772 0.21518987341772153 0.012658227848101266 0.9240506329113924 1027.3704108298473 25.757721034411 84
0.8583333333333333 0.14166666666666666 0.0 0.8521739130434782 0.14782608695652175 0.0 0.7304347826086957 1083.872913921419 21.506063193340026 120
0.784 0.192 0.024 0.775 0.2 0.025 0.9083333333333333 1073.2657919867722 22.86185449873018 125
0.7659574468085106 0.23404255319148937 0.0 0.7528089887640449 0.24719101123595505 0.0 0.797752808988764 1072.02826902765 24.43169263991289 94
0.7933884297520661 0.2066115702479339 0.0 0.7931034482758621 0.20689655172413793 0.0 0.7586206896551724 1081.3021514872887 21.991500262883427 121
0.8571428571428571 0.13445378151260504 0.008403361344537815 0.8508771929824561 0.14035087719298245 0.008771929824561403 0.8333333333333334 1086.7156931926124 21.78653121845447 119
0.8226950354609929 0.1702127659574468 0.0070921985815602835 0.8161764705882353 0.17647058823529413 0.007352941176470588 0.7867647058823529 1071.1104989084067 20.497840623494977 141
0.7777777777777778 0.2222222222222222 0.0 0.7647058823529411 0.23529411764705882 0.0 0.8 1087.0515894506227 23.684342705492977 90
0.8166666666666667 0.18333333333333332 0.0 0.808695652173913 0.19130434782608696 0.0 0.7304347826086957 1052.1397908275674 21.060033227035305 120
0.9101123595505618 0.0898876404494382 0.0 0.9047619047619048 0.09523809523809523 0.0 0.75 1066.3009586945302 22.329160668507573 89
0.7664670658682635 0.23353293413173654 0.0 0.7592592592592593 0.24074074074074073 0.0 0.7716049382716049 1087.3024474954173 20.06127792748366 167
0.8145695364238411 0.18543046357615894 0.0 0.8082191780821918 0.1917808219178082 0.0 0.7671232876712328 1087.298702481621 19.304912149724665 151
0.8357142857142857 0.15714285714285714 0.007142857142857143 0.8296296296296296 0.16296296296296298 0.007407407407407408 0.9703703703703703 1056.064480806724 22.325143213082075 140
0.7176470588235294 0.27058823529411763 0.011764705882352941 0.7 0.2875 0.0125 0.9625 1063.115958888639 25.346381894843265 85
0.8508771929824561 0.14912280701754385 0.0 0.8440366972477065 0.1559633027522936 0.0 0.7522935779816514 1052.6124035609694 22.175074669807277 114
0.8387096774193549 0.15483870967741936 0.0064516129032258064 0.8333333333333334 0.16 0.006666666666666667 0.68 1087.434993155845 20.911481374119933 155
0.849624060150376 0.15037593984962405 0.0 0.84375 0.15625 0.0 0.609375 1087.4534416976348 21.191280544806336 133
0.8571428571428571 0.12380952380952381 0.01904761904761905 0.85 0.13 0.02 0.84 1057.4733015718386 22.53125564410238 105
0.717391304347826 0.2753623188405797 0.007246376811594203 0.706766917293233 0.2857142857142857 0.007518796992481203 0.6541353383458647 1087.3944479000077 20.86816653360127 138
0.8974358974358975 0.10256410256410256 0.0 0.8928571428571429 0.10714285714285714 0.0 0.9017857142857143 1060.8119809512445 21.872762403592414 117
0.7592592592592593 0.2222222222222222 0.018518518518518517 0.7475728155339806 0.23300970873786409 0.019417475728155338 0.8543689320388349 1067.068765108332 23.46544887268638 108
0.6802721088435374 0.2857142857142857 0.034013605442176874 0.6690140845070423 0.29577464788732394 0.035211267605633804 0.7323943661971831 1084.4817837835371 21.58613338872702 147
0.8372093023255814 0.1511627906976744 0.011627906976744186 0.8271604938271605 0.16049382716049382 0.012345679012345678 0.9259259259259259 1068.8948135933506 25.87684044194366 86
0.8604651162790697 0.13953488372093023 0.0 0.8548387096774194 0.14516129032258066 0.0 0.6612903225806451 1087.2832692064756 20.16731976567413 129
0.8253012048192772 0.1746987951807229 0.0 0.8198757763975155 0.18012422360248448 0.0 0.7453416149068323 1087.4055524257913 19.646980483033396 166
0.7786259541984732 0.22137404580152673 0.0 0.7857142857142857 0.21428571428571427 0.0 0.6746031746031746 1085.4292220541254 20.754103613281696 131
0.8333333333333334 0.15789473684210525 0.008771929824561403 0.8256880733944955 0.1651376146788991 0.009174311926605505 0.7798165137614679 1061.260984062064 22.708247331280884 114
0.8913043478260869 0.10869565217391304 0.0 0.8850574712643678 0.11494252873563218 0.0 0.8045977011494253 1080.3382191560552 23.48738233528964 92
0.8478260869565217 0.15217391304347827 0.0 0.8390804597701149 0.16091954022988506 0.0 0.7931034482758621 1087.3140667060613 23.440837915942765 92
0.8983050847457628 0.1016949152542373 0.0 0.8938053097345132 0.10619469026548672 0.0 0.6460176991150443 1087.0601966224185 21.054813320282793 118
0.9292929292929293 0.0707070707070707 0.0 0.925531914893617 0.07446808510638298 0.0 0.776595744680851 1035.5326055306114 23.620989007249932 99
0.7924528301886793 0.18867924528301888 0.018867924528301886 0.7821782178217822 0.19801980198019803 0.019801980198019802 0.7425742574257426 1085.492977362786 21.566402966124535 106
0.8454545454545455 0.14545454545454545 0.00909090909090909 0.8380952380952381 0.1523809523809524 0.009523809523809525 0.6761904761904762 1002.3833620553896 21.63630411387781 110
0.8317757009345794 0.1588785046728972 0.009345794392523364 0.8235294117647058 0.16666666666666666 0.00980392156862745 0.7058823529411765 1087.348234927105 21.00417824640014 107
