0.9285714285714286 0.07142857142857142 0.0 0.9247311827956989 0.07526881720430108 0.0 0.8602150537634409 1084.4061462997922 21.997642065418084 98
0.8947368421052632 0.10526315789473684 0.0 0.890625 0.109375 0.0 0.7265625 1087.3539710580524 20.060706033828218 133
0.9516129032258065 0.04838709677419355 0.0 0.9495798319327731 0.05042016806722689 0.0 0.9243697478991597 1018.535863583597 19.15168349971718 124
0.9230769230769231 0.07692307692307693 0.0 0.9285714285714286 0.07142857142857142 0.0 0.75 1051.3564486641023 22.141195357126346 117
0.92 0.08 0.0 0.9166666666666666 0.08333333333333333 0.0 0.85 1035.705051417673 20.074375857005673 125
0.9166666666666666 0.08333333333333333 0.0 0.9133858267716536 0.08661417322834646 0.0 0.6850393700787402 1071.3551123877662 19.827867374129784 132
0.9130434782608695 0.08695652173913043 0.0 0.9090909090909091 0.09090909090909091 0.0 0.7727272727272727 1052.0577663630636 20.763660822559064 115
0.8818181818181818 0.1 0.01818181818181818 0.8761904761904762 0.10476190476190476 0.01904761904761905 0.9047619047619048 1052.1963988737475 23.479197022799887 110
0.943089430894309 0.056910569105691054 0.0 0.940677966101695 0.059322033898305086 0.0 1.0 1065.3047410867669 20.6668431625488 123
0.9363636363636364 0.06363636363636363 0.0 0.9333333333333333 0.06666666666666667 0.0 0.8666666666666667 1016.1409985082867 22.43981412814067 110
0.8476190476190476 0.11428571428571428 0.0380952380952381 0.84 0.12 0.04 0.91 1035.0078299378129 23.76355554304796 105
0.9491525423728814 0.05084745762711865 0.0 0.9469026548672567 0.05309734513274336 0.0 0.7876106194690266 1056.8041906281228 19.845641342045912 118
0.9351851851851852 0.06481481481481481 0.0 0.9320388349514563 0.06796116504854369 0.0 0.912621359223301 1079.2440670073854 21.411852889668964 108
0.8602150537634409 0.13978494623655913 0.0 0.8522727272727273 0.14772727272727273 0.0 0.9659090909090909 1065.8862746622317 18.723130176295808 93
0.9166666666666666 0.08333333333333333 0.0 0.9280575539568345 0.07194244604316546 0.0 0.6330935251798561 1088.1102239116722 20.085736984711374 144
0.9629629629629629 0.037037037037037035 0.0 0.9615384615384616 0.038461538461538464 0.0 0.7769230769230769 1058.5785617878325 20.49095426568307 135
0.8581081081081081 0.14189189189189189 0.0 0.8531468531468531 0.14685314685314685 0.0 0.7832167832167832 1087.0446115325283 20.502208927888706 148
0.8977272727272727 0.10227272727272728 0.0 0.891566265060241 0.10843373493975904 0.0 0.7951807228915663 1050.109810499109 21.28067317333031 88
0.911504424778761 0.08849557522123894 0.0 0.9074074074074074 0.09259259259259259 0.0 0.8055555555555556 1033.6123750623378 22.556650970316372 113
0.9 0.08181818181818182 0.01818181818181818 0.8952380952380953 0.08571428571428572 0.01904761904761905 0.9714285714285714 1005.6843525074847 20.433776704635612 110
0.9513888888888888 0.04861111111111111 0.0 0.9496402877697842 0.050359712230215826 0.0 0.7266187050359713 987.0753180130375 19.54074473731681 144
0.9323308270676691 0.06766917293233082 0.0 0.9296875 0.0703125 0.0 0.7578125 1053.7437738746187 19.959279463905634 133
0.9444444444444444 0.05555555555555555 0.0 0.9411764705882353 0.058823529411764705 0.0 0.8705882352941177 1064.865840605858 21.985661984973714 90
0.9230769230769231 0.07692307692307693 0.0 0.9191919191919192 0.08080808080808081 0.0 0.7070707070707071 976.3268193849258 18.033553217631706 104
0.8774193548387097 0.12258064516129032 0.0 0.8733333333333333 0.12666666666666668 0.0 0.7733333333333333 1044.185560627743 18.9501564988412 155
0.9459459459459459 0.05405405405405406 0.0 0.9528301886792453 0.04716981132075472 0.0 0.7735849056603774 1030.6888711895913 20.096950852472773 111
0.8768115942028986 0.12318840579710146 0.0 0.8796992481203008 0.12030075187969924 0.0 0.849624060150376 1085.7655097333513 21.262075808746697 138
0.9320388349514563 0.06796116504854369 0.0 0.9285714285714286 0.07142857142857142 0.0 0.7857142857142857 1033.2512105863036 21.578178072194476 103
0.8925619834710744 0.09917355371900827 0.008264462809917356 0.896551724137931 0.09482758620689655 0.008620689655172414 0.9568965517241379 1076.2752669138315 22.324881394066566 121
0.8151260504201681 0.18487394957983194 0.0 0.8070175438596491 0.19298245614035087 0.0 0.7894736842105263 1059.0923234776308 21.58528135045593 119
0.9203539823008849 0.07964601769911504 0.0 0.9166666666666666 0.08333333333333333 0.0 0.8888888888888888 1065.3183696156939 21.293886741445444 113
0.8793103448275862 0.1206896551724138 0.0 0.8738738738738738 0.12612612612612611 0.0 0.7927927927927928 1085.7072423854243 21.07165964039703 116
0.9368421052631579 0.06315789473684211 0.0 0.9333333333333333 0.06666666666666667 0.0 0.8111111111111111 1021.2216818284436 20.885662968907756 95
0.9112903225806451 0.08870967741935484 0.0 0.907563025210084 0.09243697478991597 0.0 0.7563025210084033 1059.7696237516511 20.852424563981845 124
0.8434782608695652 0.1565217391304348 0.0 0.8363636363636363 0.16363636363636364 0.0 0.7727272727272727 1087.3910046807232 21.643656590063213 115
0.8091603053435115 0.15267175572519084 0.03816793893129771 0.8095238095238095 0.15079365079365079 0.03968253968253968 0.8650793650793651 1087.1182988434487 20.52667165458733 131
0.8962264150943396 0.10377358490566038 0.0 0.900990099009901 0.09900990099009901 0.0 0.6435643564356436 1087.3173869886195 20.857337755402114 106
0.8939393939393939 0.09848484848484848 0.007575757575757576 0.889763779527559 0.10236220472440945 0.007874015748031496 0.7716535433070866 1076.8485869640042 22.016984133402744 132
0.868421052631579 0.13157894736842105 0.0 0.8623853211009175 0.13761467889908258 0.0 0.8256880733944955 1024.9489334161594 21.225224379074287 114
0.9246575342465754 0.07534246575342465 0.0 0.9219858156028369 0.07801418439716312 0.0 0.7092198581560284 1083.4893314492065 20.989569875665122 146
0.9259259259259259 0.07407407407407407 0.0 0.9223300970873787 0.07766990291262135 0.0 0.6601941747572816 1087.434093691293 18.50824078865577 108
0.9060402684563759 0.09395973154362416 0.0 0.9027777777777778 0.09722222222222222 0.0 0.7291666666666666 1072.4180616378324 20.324091808639075 149
0.875 0.125 0.0 0.8656716417910447 0.13432835820895522 0.0 0.9701492537313433 1021.0018587512467 24.533012032003896 72
0.8923076923076924 0.1076923076923077 0.0 0.888 0.112 0.0 0.752 1055.009093576094 21.044889064574416 130
0.9014084507042254 0.09859154929577464 0.0 0.8978102189781022 0.10218978102189781 0.0 0.8248175182481752 1066.4572160928358 19.303157882624408 142
0.9459459459459459 0.05405405405405406 0.0 0.9433962264150944 0.05660377358490566 0.0 0.7358490566037735 1082.144053018211 20.298109423466485 111
0.9349593495934959 0.06504065040650407 0.0 0.9322033898305084 0.06779661016949153 0.0 0.6949152542372882 1047.7301877991406 20.207441715440705 123
0.8952380952380953 0.10476190476190476 0.0 0.89 0.11 0.0 0.84 1085.7843280054642 22.0280041984159 105
0.9259259259259259 0.07407407407407407 0.0 0.9223300970873787 0.07766990291262135 0.0 0.7766990291262136 1087.3902478161542 20.403551579837796 108
0.9545454545454546 0.045454545454545456 0.0 0.952755905511811 0.047244094488188976 0.0 0.984251968503937 1072.3902215318678 19.690941105928367 132
0.78125 0.1875 0.03125 0.7804878048780488 0.18699186991869918 0.032520325203252036 0.7398373983739838 997.7465938004118 21.432602069066064 128
0.9230769230769231 0.07692307692307693 0.0 0.9196428571428571 0.08035714285714286 0.0 0.7321428571428571 978.9766326197755 21.15809892924785 117
0.8741258741258742 0.1258741258741259 0.0 0.8695652173913043 0.13043478260869565 0.0 0.8188405797101449 1086.7559803659474 20.484411635908657 143
0.9212598425196851 0.07874015748031496 0.0 0.9180327868852459 0.08196721311475409 0.0 0.9590163934426229 1085.2961146209045 22.17048591176594 127
0.9122807017543859 0.08771929824561403 0.0 0.908256880733945 0.09174311926605505 0.0 0.8807339449541285 1081.7511241454015 21.55149809875664 114
0.8496732026143791 0.1437908496732026 0.006535947712418301 0.8445945945945946 0.14864864864864866 0.006756756756756757 0.8040540540540541 1048.9278785725407 19.15744907465111 153
0.8229166666666666 0.15625 0.020833333333333332 0.8131868131868132 0.16483516483516483 0.02197802197802198 1.0 1038.1897282070913 22.341767954361682 96
0.9328859060402684 0.06040268456375839 0.006711409395973154 0.9305555555555556 0.0625 0.006944444444444444 0.7569444444444444 1087.4306039964022 19.628555193864834 149
0.948905109489051 0.051094890510948905 0.0 0.946969696969697 0.05303030303030303 0.0 0.7954545454545454 1080.0748170939837 20.184453620987473 137
0.9523809523809523 0.047619047619047616 0.0 0.95 0.05 0.0 0.92 926.3220802981274 23.679807216120622 105
0.7931034482758621 0.1896551724137931 0.017241379310344827 0.7837837837837838 0.1981981981981982 0.018018018018018018 0.7747747747747747 1059.819121368679 21.976996595718397 116
0.88 0.12 0.0 0.8833333333333333 0.11666666666666667 0.0 0.775 1051.926074172581 20.73030654253141 125
0.9382716049382716 0.06172839506172839 0.0 0.9342105263157895 0.06578947368421052 0.0 0.8157894736842105 1082.3147600477748 22.767347540572125 81
0.9333333333333333 0.06666666666666667 0.0 0.9310344827586207 0.06896551724137931 0.0 0.5862068965517241 1015.4746910874329 20.09633932870706 150
0.9166666666666666 0.08333333333333333 0.0 0.9130434782608695 0.08695652173913043 0.0 0.8260869565217391 1051.8056255277834 21.55131856311685 120
0.972972972972973 0.02702702702702703 0.0 0.9716981132075472 0.02830188679245283 0.0 0.7924528301886793 1078.3999042752134 20.025767095316393 111
0.8721804511278195 0.12781954887218044 0.0 0.8671875 0.1328125 0.0 0.8203125 1068.968951023889 21.842062822857496 133
0.971830985915493 0.028169014084507043 0.0 0.9696969696969697 0.030303030303030304 0.0 0.8181818181818182 1077.0278420084387 25.11309893680796 71
0.875 0.125 0.0 0.8681318681318682 0.13186813186813187 0.0 0.7142857142857143 1083.1536613147903 23.62754738061119 96
0.8914728682170543 0.10852713178294573 0.0 0.8951612903225806 0.10483870967741936 0.0 0.782258064516129 1086.9212811736404 20.2555016072277 129
0.93 0.07 0.0 0.9263157894736842 0.07368421052631578 0.0 0.7157894736842105 1075.9623655350379 23.00292960434488 100
0.9246575342465754 0.07534246575342465 0.0 0.9219858156028369 0.07801418439716312 0.0 0.7659574468085106 1085.5817689940716 19.967234824480578 146
0.9591836734693877 0.04081632653061224 0.0 0.956989247311828 0.043010752688172046 0.0 0.978494623655914 1049.4825304963622 23.27621938927611 98
0.8796992481203008 0.12030075187969924 0.0 0.875 0.125 0.0 0.671875 1087.3413159249324 19.255988033494532 133
0.8508771929824561 0.14912280701754385 0.0 0.8532110091743119 0.14678899082568808 0.0 0.8623853211009175 1083.8331259906752 21.18576190268226 114
0.8348623853211009 0.1651376146788991 0.0 0.8365384615384616 0.16346153846153846 0.0 0.7788461538461539 1074.676714896099 22.803569560188844 109
0.9557522123893806 0.04424778761061947 0.0 0.9537037037037037 0.046296296296296294 0.0 0.8055555555555556 1057.516587094517 20.515651285321315 113
0.9405940594059405 0.0594059405940594 0.0 0.9375 0.0625 0.0 0.96875 1020.6907329967656 22.06024244592556 101
0.8728813559322034 0.1271186440677966 0.0 0.8672566371681416 0.13274336283185842 0.0 0.7964601769911505 1048.276259846838 19.219384347134337 118
0.9380530973451328 0.061946902654867256 0.0 0.9351851851851852 0.06481481481481481 0.0 0.6759259259259259 1087.1867904635465 19.683091959531946 113
0.9194630872483222 0.08053691275167785 0.0 0.9166666666666666 0.08333333333333333 0.0 0.8402777777777778 1014.6020829304205 19.20164548700818 149
0.9285714285714286 0.05357142857142857 0.017857142857142856 0.9252336448598131 0.056074766355140186 0.018691588785046728 0.9813084112149533 1049.8714669363355 23.077164754537172 112
0.8990825688073395 0.10091743119266056 0.0 0.9038461538461539 0.09615384615384616 0.0 0.9519230769230769 1015.7034971422178 22.18993122690326 109
0.8366013071895425 0.16339869281045752 0.0 0.831081081081081 0.16891891891891891 0.0 0.75 932.3796072085077 18.320794902371006 153
0.9 0.1 0.0 0.8956521739130435 0.10434782608695652 0.0 0.7565217391304347 1069.4253395570474 20.352460027231686 120
0.8956521739130435 0.10434782608695652 0.0 0.8909090909090909 0.10909090909090909 0.0 0.8090909090909091 1024.1895915215719 21.49817634715026 115
0.9428571428571428 0.05714285714285714 0.0 0.94 0.06 0.0 0.78 1047.0419275179995 22.46773659265559 105
0.9290780141843972 0.07092198581560284 0.0 0.9264705882352942 0.07352941176470588 0.0 0.6691176470588235 1016.0463346491705 19.408986893515493 141
0.9157894736842105 0.07368421052631578 0.010526315789473684 0.9111111111111111 0.07777777777777778 0.011111111111111112 0.8888888888888888 988.181869769039 23.008352030608943 95
0.8873239436619719 0.11267605633802817 0.0 0.8832116788321168 0.11678832116788321 0.0 0.7226277372262774 1056.8746488834852 19.295849898302976 142
0.9225352112676056 0.07746478873239436 0.0 0.9197080291970803 0.08029197080291971 0.0 0.6861313868613139 1085.6057524923535 20.787770219264893 142
0.9230769230769231 0.07692307692307693 0.0 0.92 0.08 0.0 0.656 1079.8056363559183 19.906757337489502 130
0.8705035971223022 0.1223021582733813 0.007194244604316547 0.8656716417910447 0.12686567164179105 0.007462686567164179 0.8134328358208955 1085.4825342174165 20.34244285727211 139
0.9416058394160584 0.058394160583941604 0.0 0.9393939393939394 0.06060606060606061 0.0 0.8181818181818182 1071.3763226484807 20.864389013304535 137
0.9176470588235294 0.07058823529411765 0.011764705882352941 0.9125 0.075 0.0125 0.95 1077.003689851313 23.591622084799 85
0.8896103896103896 0.11038961038961038 0.0 0.8926174496644296 0.10738255033557047 0.0 0.7986577181208053 1086.731029648235 19.714043165632827 154
0.9090909090909091 0.09090909090909091 0.0 0.9047619047619048 0.09523809523809523 0.0 0.5904761904761905 1051.5925666761507 21.372626316594616 110
0.9387755102040817 0.061224489795918366 0.0 0.946236559139785 0.053763440860215055 0.0 0.7096774193548387 1031.0241324885883 19.072002027235328 98
0.8333333333333334 0.15625 0.010416666666666666 0.8241758241758241 0.16483516483516483 0.01098901098901099 1.0 1037.430467213232 23.91945631862144 96
0.9186991869918699 0.08130081300813008 0.0 0.9152542372881356 0.0847457627118644 0.0 0.9067796610169492 1016.5569257022578 21.4778885654001 123
0.9477124183006536 0.05228758169934641 0.0 0.9527027027027027 0.0472972972972973 0.0 0.7837837837837838 1086.4631297078895 19.439948884654754 153
0.925 0.06666666666666667 0.008333333333333333 0.9217391304347826 0.06956521739130435 0.008695652173913044 0.7217391304347827 1086.9516149938913 20.23202712119071 120
0.94 0.06 0.0 0.9473684210526315 0.05263157894736842 0.0 0.6526315789473685 1084.9786809381915 20.975180916556493 100
0.8888888888888888 0.1111111111111111 0.0 0.8853503184713376 0.11464968152866242 0.0 0.732484076433121 1087.0324149816975 19.266681195693113 162
0.8951612903225806 0.10483870967741936 0.0 0.8907563025210085 0.1092436974789916 0.0 0.8067226890756303 1067.9005399276364 21.643106463383102 124
0.8721804511278195 0.12030075187969924 0.007518796992481203 0.8671875 0.125 0.0078125 0.796875 1086.6010181814934 20.511504139471878 133
0.8518518518518519 0.12037037037037036 0.027777777777777776 0.8446601941747572 0.1262135922330097 0.02912621359223301 0.883495145631068 1086.0008721777974 22.12891832661025 108
0.7821782178217822 0.21782178217821782 0.0 0.78125 0.21875 0.0 0.75 1078.732024650089 21.222203644511612 101
0.91 0.08 0.01 0.9052631578947369 0.08421052631578947 0.010526315789473684 0.8631578947368421 1025.1023585567893 21.460040739911094 100
0.8617886178861789 0.13008130081300814 0.008130081300813009 0.864406779661017 0.1271186440677966 0.00847457627118644 0.7288135593220338 1087.3358249217972 20.44960213832393 123
0.9495798319327731 0.05042016806722689 0.0 0.9473684210526315 0.05263157894736842 0.0 0.8070175438596491 1052.1598076889452 21.290005870235863 119
0.9024390243902439 0.0975609756097561 0.0 0.8983050847457628 0.1016949152542373 0.0 0.847457627118644 985.2753612661331 20.88762623044149 123
0.8828828828828829 0.11711711711711711 0.0 0.8773584905660378 0.12264150943396226 0.0 0.9905660377358491 1086.070432927866 23.539678519221425 111
0.875 0.125 0.0 0.88 0.12 0.0 0.8933333333333333 1069.8745518729286 22.192328660602204 80
0.896551724137931 0.10344827586206896 0.0 0.8918918918918919 0.10810810810810811 0.0 0.7837837837837838 1068.4923468552938 20.528614309466434 116
0.8952380952380953 0.10476190476190476 0.0 0.89 0.11 0.0 0.78 1087.1442967908458 19.931046398948062 105
0.9415584415584416 0.05844155844155844 0.0 0.9395973154362416 0.06040268456375839 0.0 0.7583892617449665 1085.2713050704785 19.525383875138782 154
0.9312977099236641 0.06870229007633588 0.0 0.9285714285714286 0.07142857142857142 0.0 0.6904761904761905 1038.566024799389 20.277475886004662 131
0.8494623655913979 0.12903225806451613 0.021505376344086023 0.8409090909090909 0.13636363636363635 0.022727272727272728 0.9772727272727273 1081.446737155761 22.758238216434428 93
0.9385964912280702 0.06140350877192982 0.0 0.9357798165137615 0.06422018348623854 0.0 0.7155963302752294 1087.3453041599512 20.82621396613556 114
0.9333333333333333 0.06666666666666667 0.0 0.94 0.06 0.0 0.85 1087.1098616806091 21.371413637921016 105
0.9339622641509434 0.0660377358490566 0.0 0.9306930693069307 0.06930693069306931 0.0 0.7524752475247525 1082.2200793913444 20.208467785110894 106
0.9509803921568627 0.049019607843137254 0.0 0.9484536082474226 0.05154639175257732 0.0 0.9072164948453608 1076.4356150644787 22.795083224794215 102
0.86 0.14 0.0 0.8631578947368421 0.1368421052631579 0.0 0.8631578947368421 1071.6055237489331 22.32586827995713 100
0.9090909090909091 0.09090909090909091 0.0 0.9047619047619048 0.09523809523809523 0.0 0.819047619047619 1087.2215364658264 20.633937336965904 110
0.9029850746268657 0.09701492537313433 0.0 0.8992248062015504 0.10077519379844961 0.0 0.7984496124031008 1086.474337228788 20.61574647728757 134
0.7913043478260869 0.2 0.008695652173913044 0.7909090909090909 0.2 0.00909090909090909 0.8181818181818182 1086.8387067460062 20.91380780550331 115
0.8543689320388349 0.14563106796116504 0.0 0.8469387755102041 0.15306122448979592 0.0 0.8877551020408163 1082.165997127109 21.9875971686221 103
0.9065420560747663 0.09345794392523364 0.0 0.9019607843137255 0.09803921568627451 0.0 0.7843137254901961 1065.063640020631 21.053130299658978 107
0.9263157894736842 0.07368421052631578 0.0 0.9222222222222223 0.07777777777777778 0.0 0.8444444444444444 1076.5298839843967 22.17260473227018 95
0.8321167883211679 0.15328467153284672 0.014598540145985401 0.8257575757575758 0.1590909090909091 0.015151515151515152 0.6363636363636364 1072.16188550964 20.515988427951488 137
0.9215686274509803 0.0784313725490196 0.0 0.918918918918919 0.08108108108108109 0.0 0.7702702702702703 1076.8195647836167 19.191572436704583 153
0.7786259541984732 0.1984732824427481 0.022900763358778626 0.7698412698412699 0.20634920634920634 0.023809523809523808 0.8174603174603174 1072.9526630948108 21.121047986909968 131
0.9134615384615384 0.08653846153846154 0.0 0.9090909090909091 0.09090909090909091 0.0 0.9090909090909091 1071.3160032173048 23.221874939059937 104
0.9690721649484536 0.030927835051546393 0.0 0.967391304347826 0.03260869565217391 0.0 0.8260869565217391 1036.3713352117404 21.761936786746148 97
0.8632478632478633 0.1282051282051282 0.008547008547008548 0.8571428571428571 0.13392857142857142 0.008928571428571428 0.8125 1084.4802462177079 22.262773191362655 117
0.956989247311828 0.043010752688172046 0.0 0.9545454545454546 0.045454545454545456 0.0 0.8977272727272727 932.5180424895855 21.433853997355946 93
0.9666666666666667 0.03333333333333333 0.0 0.9652173913043478 0.034782608695652174 0.0 0.6695652173913044 1054.7366667681083 20.687664694051843 120
0.9298245614035088 0.07017543859649122 0.0 0.926605504587156 0.07339449541284404 0.0 0.7981651376146789 1053.8237513768013 22.056047374241974 114
0.9338842975206612 0.06611570247933884 0.0 0.9396551724137931 0.0603448275862069 0.0 0.8017241379310345 1077.2860321014152 20.329059425596224 121
0.9097222222222222 0.09027777777777778 0.0 0.9064748201438849 0.09352517985611511 0.0 0.6834532374100719 1053.2750713822911 19.888499060199983 144
0.9181818181818182 0.08181818181818182 0.0 0.9142857142857143 0.08571428571428572 0.0 0.8666666666666667 1053.5997062229592 21.137567769933884 110
0.8588235294117647 0.1411764705882353 0.0 0.8625 0.1375 0.0 0.825 1016.1672901091209 22.47604663900304 85
0.9158878504672897 0.08411214953271028 0.0 0.9117647058823529 0.08823529411764706 0.0 0.7647058823529411 1055.9673429463298 21.88319931807605 107
0.7961165048543689 0.1553398058252427 0.04854368932038835 0.7857142857142857 0.16326530612244897 0.05102040816326531 0.9285714285714286 1076.035838830303 22.212194665997522 103
0.9285714285714286 0.07142857142857142 0.0 0.9252336448598131 0.07476635514018691 0.0 0.7289719626168224 1087.4020670998589 21.37784733098066 112
0.7904761904761904 0.17142857142857143 0.0380952380952381 0.78 0.18 0.04 0.77 1047.7927905127817 21.14713061103219 105
0.8992805755395683 0.10071942446043165 0.0 0.9029850746268657 0.09701492537313433 0.0 0.835820895522388 1000.7956433242357 19.01804099528406 139
0.9746835443037974 0.02531645569620253 0.0 0.972972972972973 0.02702702702702703 0.0 0.8918918918918919 1061.0475839808546 24.215003200419524 79
0.8421052631578947 0.15789473684210525 0.0 0.8440366972477065 0.1559633027522936 0.0 0.6422018348623854 1086.7068276754405 20.394310065923545 114
0.8968253968253969 0.10317460317460317 0.0 0.8925619834710744 0.10743801652892562 0.0 0.8099173553719008 1086.3522085611503 21.232799854734004 126
0.8849557522123894 0.11504424778761062 0.0 0.8796296296296297 0.12037037037037036 0.0 0.9074074074074074 1070.2244117429684 22.087222941794362 113
0.926829268292683 0.07317073170731707 0.0 0.923728813559322 0.07627118644067797 0.0 0.7796610169491526 1087.4780484192336 20.80556725378815 123
0.7983193277310925 0.18487394957983194 0.01680672268907563 0.7894736842105263 0.19298245614035087 0.017543859649122806 0.8245614035087719 1033.619253235388 20.47668477575498 119
0.7952755905511811 0.14173228346456693 0.06299212598425197 0.7868852459016393 0.14754098360655737 0.06557377049180328 0.7131147540983607 1065.696638627071 21.7664617919091 127
0.9375 0.0625 0.0 0.9345794392523364 0.06542056074766354 0.0 0.9345794392523364 1069.6162738582234 21.39538744121898 112
0.9136690647482014 0.08633093525179857 0.0 0.9104477611940298 0.08955223880597014 0.0 0.7388059701492538 1086.8267700743188 19.722409718996193 139
0.8349514563106796 0.13592233009708737 0.02912621359223301 0.826530612244898 0.14285714285714285 0.030612244897959183 0.8673469387755102 1077.934509902215 22.61663775893814 103
0.9383561643835616 0.06164383561643835 0.0 0.9361702127659575 0.06382978723404255 0.0 0.9716312056737588 1036.4167172236132 19.67363638043114 146
0.8296296296296296 0.16296296296296298 0.007407407407407408 0.823076923076923 0.16923076923076924 0.007692307692307693 0.7769230769230769 1086.4793225661565 20.450860509388466 135
0.8303571428571429 0.16071428571428573 0.008928571428571428 0.822429906542056 0.16822429906542055 0.009345794392523364 0.8785046728971962 1069.019709003491 22.118146111853196 112
0.864 0.136 0.0 0.8583333333333333 0.14166666666666666 0.0 0.8583333333333333 1077.3210783361747 20.842035313701846 125
0.9032258064516129 0.0967741935483871 0.0 0.9090909090909091 0.09090909090909091 0.0 0.8636363636363636 1068.098170854236 21.93156922862132 93
0.9122807017543859 0.08771929824561403 0.0 0.908256880733945 0.09174311926605505 0.0 0.8440366972477065 1005.4332466708719 20.573114901914703 114
0.8648648648648649 0.11711711711711711 0.018018018018018018 0.8584905660377359 0.12264150943396226 0.018867924528301886 0.8584905660377359 1065.2017093545091 21.176909283748817 111
0.9636363636363636 0.03636363636363636 0.0 0.9619047619047619 0.0380952380952381 0.0 0.8095238095238095 1083.028599725288 21.448923093810244 110
0.9196428571428571 0.08035714285714286 0.0 0.9158878504672897 0.08411214953271028 0.0 0.7757009345794392 1087.2602828762974 21.143768390840027 112
0.8226950354609929 0.16312056737588654 0.014184397163120567 0.8161764705882353 0.16911764705882354 0.014705882352941176 0.7720588235294118 1087.105900074395 21.382600475681866 141
0.8761061946902655 0.12389380530973451 0.0 0.8703703703703703 0.12962962962962962 0.0 0.8425925925925926 1085.808958165372 22.90442192571314 113
0.9032258064516129 0.08870967741935484 0.008064516129032258 0.8991596638655462 0.09243697478991597 0.008403361344537815 0.865546218487395 1069.4369538636704 21.390365762063883 124
0.911504424778761 0.08849557522123894 0.0 0.9074074074074074 0.09259259259259259 0.0 0.8703703703703703 1076.6945977106484 21.910859968911453 113
0.8372093023255814 0.15503875968992248 0.007751937984496124 0.8306451612903226 0.16129032258064516 0.008064516129032258 0.7983870967741935 1076.5056701391572 22.729239329787713 129
0.8409090909090909 0.1590909090909091 0.0 0.8346456692913385 0.16535433070866143 0.0 0.8188976377952756 1063.4501585401158 19.13136536710517 132
0.9142857142857143 0.08571428571428572 0.0 0.91 0.09 0.0 0.74 1087.1201007960449 19.52538117710876 105
0.9302325581395349 0.06976744186046512 0.0 0.9435483870967742 0.056451612903225805 0.0 0.7661290322580645 1087.4160613792312 19.444908160018446 129
0.8440366972477065 0.13761467889908258 0.01834862385321101 0.8365384615384616 0.14423076923076922 0.019230769230769232 0.9903846153846154 1082.893872721076 22.66935656325888 109
0.9099099099099099 0.09009009009009009 0.0 0.9056603773584906 0.09433962264150944 0.0 0.8018867924528302 1071.4292055389396 22.23596515837192 111
0.9135802469135802 0.08641975308641975 0.0 0.910828025477707 0.08917197452229299 0.0 0.7197452229299363 1085.9129131643033 19.421154945213303 162
0.8016528925619835 0.17355371900826447 0.024793388429752067 0.7931034482758621 0.1810344827586207 0.02586206896551724 0.7931034482758621 1063.1872515526445 21.10897465243558 121
0.8541666666666666 0.14583333333333334 0.0 0.8461538461538461 0.15384615384615385 0.0 0.8791208791208791 1071.7149773421766 21.532518926786015 96
0.9844961240310077 0.015503875968992248 0.0 0.9838709677419355 0.016129032258064516 0.0 0.8629032258064516 1046.8097915513356 19.710868327287958 129
0.8727272727272727 0.12727272727272726 0.0 0.8666666666666667 0.13333333333333333 0.0 1.0 1049.191107807616 23.234089117958884 110
0.8854961832061069 0.11450381679389313 0.0 0.8809523809523809 0.11904761904761904 0.0 0.7857142857142857 1086.4842132882723 20.978272371238674 131
0.9047619047619048 0.09523809523809523 0.0 0.9014084507042254 0.09859154929577464 0.0 0.7887323943661971 1078.122806909182 19.356219049396138 147
0.8837209302325582 0.11627906976744186 0.0 0.8870967741935484 0.11290322580645161 0.0 0.782258064516129 1064.2733327640788 19.87412798857891 129
0.9302325581395349 0.06976744186046512 0.0 0.9354838709677419 0.06451612903225806 0.0 0.6854838709677419 1078.9711539199843 20.01695511321232 129
0.925531914893617 0.07446808510638298 0.0 0.9213483146067416 0.07865168539325842 0.0 0.8764044943820225 963.7175889177279 21.669324204230534 94
0.8688524590163934 0.11475409836065574 0.01639344262295082 0.8632478632478633 0.11965811965811966 0.017094017094017096 0.7692307692307693 1086.0380409569336 20.35976623293472 122
0.8666666666666667 0.12380952380952381 0.009523809523809525 0.86 0.13 0.01 0.75 1004.676340698565 22.788755306116776 105
0.8089887640449438 0.1797752808988764 0.011235955056179775 0.7976190476190477 0.19047619047619047 0.011904761904761904 0.7380952380952381 1076.3822067867704 21.906803672738082 89
0.9274193548387096 0.07258064516129033 0.0 0.9243697478991597 0.07563025210084033 0.0 0.9159663865546218 1080.4700378618584 21.092112494783443 124
0.9016393442622951 0.09836065573770492 0.0 0.8974358974358975 0.10256410256410256 0.0 0.7777777777777778 1084.1691364042042 20.899388864746953 122
0.9298245614035088 0.07017543859649122 0.0 0.926605504587156 0.07339449541284404 0.0 0.7706422018348624 1086.1190447569259 20.507057358474963 114
0.9133858267716536 0.08661417322834646 0.0 0.9098360655737705 0.09016393442622951 0.0 0.7213114754098361 1076.4427141958106 19.96182056382688 127
0.7533333333333333 0.20666666666666667 0.04 0.7448275862068966 0.21379310344827587 0.041379310344827586 0.8137931034482758 1025.410879624361 19.23853055458248 150
0.9186046511627907 0.06976744186046512 0.011627906976744186 0.9135802469135802 0.07407407407407407 0.012345679012345678 0.8641975308641975 1063.3870514746711 24.826610740016683 86
0.8790322580645161 0.12096774193548387 0.0 0.8739495798319328 0.12605042016806722 0.0 0.7394957983193278 1087.447462099564 19.840016129731676 124
0.9212598425196851 0.07874015748031496 0.0 0.9180327868852459 0.08196721311475409 0.0 0.8770491803278688 1082.5992808359981 21.317986769747716 127
0.8924731182795699 0.10752688172043011 0.0 0.8977272727272727 0.10227272727272728 0.0 0.6363636363636364 1082.877535048043 20.758966645514853 93
0.9318181818181818 0.06818181818181818 0.0 0.9291338582677166 0.07086614173228346 0.0 0.7874015748031497 1001.4367405006624 19.86834174762214 132
0.8803418803418803 0.11965811965811966 0.0 0.875 0.125 0.0 0.8571428571428571 1054.8876301777086 21.533347817852075 117
0.8947368421052632 0.09774436090225563 0.007518796992481203 0.8984375 0.09375 0.0078125 0.765625 1087.2886066181009 19.847248124644437 133
0.84 0.16 0.0 0.8315789473684211 0.16842105263157894 0.0 0.5894736842105263 1087.3848252696016 20.8042795131155 100
0.8589743589743589 0.11538461538461539 0.02564102564102564 0.8493150684931506 0.1232876712328767 0.0273972602739726 0.9041095890410958 1000.6161978472013 21.905334899390393 78
0.9026548672566371 0.09734513274336283 0.0 0.8981481481481481 0.10185185185185185 0.0 0.9444444444444444 1049.1706310680004 22.63933298667441 113
0.8091603053435115 0.17557251908396945 0.015267175572519083 0.8015873015873016 0.18253968253968253 0.015873015873015872 0.7857142857142857 1086.2559725145381 19.932290570259905 131
0.9316239316239316 0.06837606837606838 0.0 0.9285714285714286 0.07142857142857142 0.0 0.7589285714285714 1071.6173041819966 22.339564781692257 117
0.9014084507042254 0.09859154929577464 0.0 0.9051094890510949 0.0948905109489051 0.0 0.7299270072992701 1086.302005593938 20.097765074554154 142
0.8252427184466019 0.13592233009708737 0.038834951456310676 0.8163265306122449 0.14285714285714285 0.04081632653061224 0.8367346938775511 1082.9531291239525 23.2197361659398 103
0.9391304347826087 0.06086956521739131 0.0 0.9363636363636364 0.06363636363636363 0.0 0.6181818181818182 1084.162150033688 21.23040355400166 115
0.9245283018867925 0.07547169811320754 0.0 0.9207920792079208 0.07920792079207921 0.0 0.9405940594059405 1069.325428160078 21.81713486924309 106
0.9438202247191011 0.056179775280898875 0.0 0.9404761904761905 0.05952380952380952 0.0 0.5714285714285714 1084.5419413087957 22.89567909357926 89
0.9074074074074074 0.08333333333333333 0.009259259259259259 0.9029126213592233 0.08737864077669903 0.009708737864077669 0.7864077669902912 1072.9181332898777 22.05343780328979 108
0.9456521739130435 0.05434782608695652 0.0 0.9425287356321839 0.05747126436781609 0.0 0.9885057471264368 1061.7561063920389 21.912976540953057 92
0.9821428571428571 0.017857142857142856 0.0 0.9813084112149533 0.018691588785046728 0.0 0.7383177570093458 1069.1234644568758 20.10909371098575 112
0.8739495798319328 0.12605042016806722 0.0 0.868421052631579 0.13157894736842105 0.0 0.9824561403508771 1017.5343066768559 21.2776197548123 119
0.9224806201550387 0.06976744186046512 0.007751937984496124 0.9193548387096774 0.07258064516129033 0.008064516129032258 0.7983870967741935 1087.2132436022644 20.587768295864063 129
0.7377049180327869 0.21311475409836064 0.04918032786885246 0.7264957264957265 0.2222222222222222 0.05128205128205128 1.0 981.3389599218918 20.502987779448034 122
0.9150943396226415 0.08490566037735849 0.0 0.9108910891089109 0.0891089108910891 0.0 0.9504950495049505 973.1055090531125 21.12527123174451 106
0.9256198347107438 0.0743801652892562 0.0 0.9310344827586207 0.06896551724137931 0.0 0.7155172413793104 1086.1143124682872 20.499767046272495 121
0.9105691056910569 0.08943089430894309 0.0 0.9067796610169492 0.09322033898305085 0.0 0.711864406779661 1087.3874182779905 19.420096285482817 123
0.9140625 0.0859375 0.0 0.9105691056910569 0.08943089430894309 0.0 0.983739837398374 1051.2187520234136 21.727564336077638 128
0.92 0.08 0.0 0.9166666666666666 0.08333333333333333 0.0 0.8583333333333333 1016.8975336496226 20.919455410125355 125
0.8253012048192772 0.1566265060240964 0.018072289156626505 0.8198757763975155 0.16149068322981366 0.018633540372670808 0.7267080745341615 1086.9295664364229 19.337465729931004 166
0.8846153846153846 0.11538461538461539 0.0 0.8787878787878788 0.12121212121212122 0.0 0.98989898989899 1085.7986308150016 21.15560659965356 104
0.9693877551020408 0.030612244897959183 0.0 0.967741935483871 0.03225806451612903 0.0 0.7311827956989247 1060.965180841523 23.903815052235572 98
0.9548387096774194 0.04516129032258064 0.0 0.9533333333333334 0.04666666666666667 0.0 0.7466666666666667 1032.9640329911697 19.474198893719898 155
0.9008264462809917 0.09917355371900827 0.0 0.896551724137931 0.10344827586206896 0.0 0.7931034482758621 1076.4144651030133 21.318120444900472 121
0.9396551724137931 0.0603448275862069 0.0 0.9369369369369369 0.06306306306306306 0.0 0.8738738738738738 1038.402436697293 20.551132609121698 116
0.9262295081967213 0.07377049180327869 0.0 0.9230769230769231 0.07692307692307693 0.0 0.8290598290598291 1083.8265425404013 20.92705766626373 122
0.8487394957983193 0.14285714285714285 0.008403361344537815 0.8421052631578947 0.14912280701754385 0.008771929824561403 0.7807017543859649 1086.7499942477616 20.16969178517906 119
0.8897058823529411 0.11029411764705882 0.0 0.8854961832061069 0.11450381679389313 0.0 0.9847328244274809 1031.501414583714 20.897125177205815 136
0.8878504672897196 0.11214953271028037 0.0 0.8823529411764706 0.11764705882352941 0.0 0.9803921568627451 1071.8858356682435 23.83501111493343 107
0.9583333333333334 0.041666666666666664 0.0 0.9560439560439561 0.04395604395604396 0.0 0.967032967032967 1067.353347715358 21.27034283102989 96
0.912 0.088 0.0 0.9083333333333333 0.09166666666666666 0.0 0.8333333333333334 1081.4217830394286 21.588883967292777 125
0.9743589743589743 0.02564102564102564 0.0 0.9732142857142857 0.026785714285714284 0.0 0.8392857142857143 1086.2398460180534 21.075952659703358 117
0.8956521739130435 0.10434782608695652 0.0 0.8909090909090909 0.10909090909090909 0.0 0.7636363636363637 1085.2191219992515 20.15043059083059 115
0.9133858267716536 0.08661417322834646 0.0 0.9098360655737705 0.09016393442622951 0.0 0.7295081967213115 1064.2293432464705 21.58774051095348 127
0.868421052631579 0.13157894736842105 0.0 0.8623853211009175 0.13761467889908258 0.0 0.7247706422018348 1086.8249981009344 21.007355445763505 114
0.9918032786885246 0.00819672131147541 0.0 0.9914529914529915 0.008547008547008548 0.0 0.8290598290598291 1076.484410069251 18.655843050606894 122
0.9166666666666666 0.08333333333333333 0.0 0.9133858267716536 0.08661417322834646 0.0 0.8267716535433071 1087.337554671491 21.874972708428817 132
0.8717948717948718 0.1282051282051282 0.0 0.8660714285714286 0.13392857142857142 0.0 0.9642857142857143 1079.4122495974384 21.867745583234743 117
0.8583333333333333 0.14166666666666666 0.0 0.8521739130434782 0.14782608695652175 0.0 0.9304347826086956 1070.1393696456528 21.20175880233506 120
0.8333333333333334 0.13095238095238096 0.03571428571428571 0.8227848101265823 0.13924050632911392 0.0379746835443038 0.7721518987341772 967.2773891668538 21.77167999556627 84
0.9117647058823529 0.08823529411764706 0.0 0.9047619047619048 0.09523809523809523 0.0 0.9523809523809523 1071.2991688602715 24.58406846491589 68
0.8849557522123894 0.11504424778761062 0.0 0.8796296296296297 0.12037037037037036 0.0 0.8425925925925926 1044.6615901172497 22.149468688783088 113
0.9007633587786259 0.09923664122137404 0.0 0.9047619047619048 0.09523809523809523 0.0 0.8253968253968254 1087.1775205846864 19.097511831267862 131
0.7543859649122807 0.19298245614035087 0.05263157894736842 0.7431192660550459 0.2018348623853211 0.05504587155963303 1.0 1075.6236020594154 23.342355959378402 114
0.8688524590163934 0.13114754098360656 0.0 0.8632478632478633 0.13675213675213677 0.0 0.9572649572649573 1063.8292417555563 21.336935903519684 122
0.9196428571428571 0.08035714285714286 0.0 0.9158878504672897 0.08411214953271028 0.0 0.7289719626168224 1087.4457876313938 20.708030562598456 112
0.924812030075188 0.07518796992481203 0.0 0.921875 0.078125 0.0 0.7890625 1081.857065107309 19.88475319011346 133
0.8921568627450981 0.10784313725490197 0.0 0.8865979381443299 0.1134020618556701 0.0 0.8350515463917526 1071.7276852233645 19.880379174061794 102
0.8688524590163934 0.13114754098360656 0.0 0.8632478632478633 0.13675213675213677 0.0 1.0 1077.4244635470022 23.120572129155818 122
0.8916666666666667 0.10833333333333334 0.0 0.8869565217391304 0.11304347826086956 0.0 0.7304347826086957 1086.734045380965 19.36697357833446 120
0.9148936170212766 0.0851063829787234 0.0 0.9101123595505618 0.0898876404494382 0.0 0.7078651685393258 1060.1786207960054 21.0687203626204 94
0.8529411764705882 0.14705882352941177 0.0 0.8473282442748091 0.15267175572519084 0.0 0.7709923664122137 1067.3220239203577 21.207423081562055 136
0.9302325581395349 0.06976744186046512 0.0 0.9274193548387096 0.07258064516129033 0.0 0.7580645161290323 1085.013022053616 21.78023519400316 129
0.8837209302325582 0.11627906976744186 0.0 0.8870967741935484 0.11290322580645161 0.0 0.7580645161290323 1072.0274434949188 19.941410095917824 129
0.981651376146789 0.01834862385321101 0.0 0.9807692307692307 0.019230769230769232 0.0 0.8365384615384616 1055.4698557509946 21.56297194179856 109
0.8990825688073395 0.10091743119266056 0.0 0.8942307692307693 0.10576923076923077 0.0 0.8557692307692307 1087.4073159467882 22.6870247155778 109
0.9150326797385621 0.08496732026143791 0.0 0.9121621621621622 0.08783783783783784 0.0 0.8108108108108109 1025.5266300547005 19.660792643786877 153
0.9444444444444444 0.05555555555555555 0.0 0.9421487603305785 0.05785123966942149 0.0 0.9421487603305785 1051.4967719284398 20.62271793380812 126
0.9009009009009009 0.0990990990990991 0.0 0.8962264150943396 0.10377358490566038 0.0 0.7264150943396226 1074.164491606144 20.01045567497985 111
0.9478260869565217 0.05217391304347826 0.0 0.9454545454545454 0.05454545454545454 0.0 0.7181818181818181 1087.474804171029 21.996268337750656 115
0.925531914893617 0.07446808510638298 0.0 0.9213483146067416 0.07865168539325842 0.0 0.6629213483146067 1086.4513390449235 19.991564582863983 94
0.9152542372881356 0.0847457627118644 0.0 0.911504424778761 0.08849557522123894 0.0 0.7787610619469026 1084.3517266022661 20.60643732734214 118
0.8854961832061069 0.11450381679389313 0.0 0.8888888888888888 0.1111111111111111 0.0 0.8174603174603174 1055.6624430726233 20.13985756930315 131
0.9689922480620154 0.031007751937984496 0.0 0.967741935483871 0.03225806451612903 0.0 0.9274193548387096 988.5095938250257 19.954050337389276 129
0.9603960396039604 0.039603960396039604 0.0 0.9583333333333334 0.041666666666666664 0.0 0.9791666666666666 1063.2477865320197 21.346416912801015 101
0.952755905511811 0.047244094488188976 0.0 0.9508196721311475 0.04918032786885246 0.0 0.7295081967213115 1087.4842675725074 19.329516112148898 127
0.6991150442477876 0.18584070796460178 0.11504424778761062 0.6944444444444444 0.18518518518518517 0.12037037037037036 0.8888888888888888 1015.9473671525453 21.812264957657632 113
0.9487179487179487 0.05128205128205128 0.0 0.9464285714285714 0.05357142857142857 0.0 0.7321428571428571 1054.1529084604983 20.592974889261136 117
0.8978102189781022 0.10218978102189781 0.0 0.9015151515151515 0.09848484848484848 0.0 0.7803030303030303 1086.5523496384694 20.09132558431156 137
0.9222222222222223 0.07777777777777778 0.0 0.9176470588235294 0.08235294117647059 0.0 0.8352941176470589 1036.776635539785 23.49077138743153 90
0.8253968253968254 0.15079365079365079 0.023809523809523808 0.8181818181818182 0.15702479338842976 0.024793388429752067 0.6942148760330579 1087.469335863298 20.597952301535216 126
0.6737588652482269 0.2695035460992908 0.05673758865248227 0.6617647058823529 0.27941176470588236 0.058823529411764705 0.7573529411764706 1050.3989339162613 19.98067378890939 141
0.898989898989899 0.08080808080808081 0.020202020202020204 0.8936170212765957 0.0851063829787234 0.02127659574468085 0.9042553191489362 1085.0718076798107 22.766575171967798 99
0.8307692307692308 0.14615384615384616 0.023076923076923078 0.824 0.152 0.024 0.952 1084.383714001437 20.646695808986138 130
0.9591836734693877 0.04081632653061224 0.0 0.956989247311828 0.043010752688172046 0.0 0.7526881720430108 1053.7160478303065 21.59379472561818 98
0.875 0.125 0.0 0.8695652173913043 0.13043478260869565 0.0 0.6956521739130435 1087.2277311763835 20.68653953066009 120
0.8970588235294118 0.10294117647058823 0.0 0.8931297709923665 0.10687022900763359 0.0 0.7175572519083969 1087.3985255236616 20.612073427446965 136
0.9090909090909091 0.09090909090909091 0.0 0.9042553191489362 0.09574468085106383 0.0 0.8191489361702128 1087.2133098360002 20.140987919699405 99
0.9416666666666667 0.058333333333333334 0.0 0.9391304347826087 0.06086956521739131 0.0 0.8608695652173913 1042.6495444684977 21.786922389245913 120
0.9222222222222223 0.07777777777777778 0.0 0.9176470588235294 0.08235294117647059 0.0 0.8 1072.6395110239432 23.71054075314511 90
0.946969696969697 0.05303030303030303 0.0 0.9448818897637795 0.05511811023622047 0.0 0.7874015748031497 1086.861058066826 19.589557458257207 132
0.9603960396039604 0.039603960396039604 0.0 0.9583333333333334 0.041666666666666664 0.0 0.8333333333333334 1074.3348763693343 20.434535217625182 101
0.9051724137931034 0.09482758620689655 0.0 0.9099099099099099 0.09009009009009009 0.0 0.7927927927927928 1085.9379332890883 20.578418911559123 116
0.890625 0.109375 0.0 0.8861788617886179 0.11382113821138211 0.0 0.8130081300813008 1081.2839765377087 20.549869753276376 128
0.8878504672897196 0.11214953271028037 0.0 0.8921568627450981 0.10784313725490197 0.0 0.9509803921568627 1044.915903970524 22.127002412269743 107
0.8104575163398693 0.1895424836601307 0.0 0.8108108108108109 0.1891891891891892 0.0 0.7567567567567568 1086.5982357868977 19.523692630835257 153
0.9433962264150944 0.05660377358490566 0.0 0.9405940594059405 0.0594059405940594 0.0 0.900990099009901 1035.7773599096427 22.232839888845472 106
0.8870967741935484 0.11290322580645161 0.0 0.8823529411764706 0.11764705882352941 0.0 0.8487394957983193 1072.2462216566055 20.414842572757937 124
0.8508771929824561 0.14035087719298245 0.008771929824561403 0.8440366972477065 0.14678899082568808 0.009174311926605505 0.8990825688073395 1086.6929608384812 20.76192204024606 114
0.963855421686747 0.03614457831325301 0.0 0.9615384615384616 0.038461538461538464 0.0 0.6794871794871795 1086.788875959798 20.020215778427083 83
0.921875 0.078125 0.0 0.9186991869918699 0.08130081300813008 0.0 0.8048780487804879 1084.8923178943119 20.69256277693965 128
0.8666666666666667 0.12222222222222222 0.011111111111111112 0.8588235294117647 0.12941176470588237 0.011764705882352941 0.8823529411764706 1066.0684892324873 23.263584826215784 90
0.7168674698795181 0.26506024096385544 0.018072289156626505 0.7142857142857143 0.2670807453416149 0.018633540372670808 0.6956521739130435 1086.9720356829769 19.015066931905068 166
0.9568965517241379 0.04310344827586207 0.0 0.954954954954955 0.04504504504504504 0.0 0.7027027027027027 1084.387983325478 20.796234875135067 116
0.8125 0.1875 0.0 0.8037383177570093 0.19626168224299065 0.0 0.9626168224299065 1053.9901862826866 22.774029025604133 112
0.927710843373494 0.07228915662650602 0.0 0.9230769230769231 0.07692307692307693 0.0 0.782051282051282 1050.8244846196087 21.831888547152577 83
0.8761061946902655 0.12389380530973451 0.0 0.8703703703703703 0.12962962962962962 0.0 0.8148148148148148 1019.086387272822 21.462800611873416 113
0.9431818181818182 0.056818181818181816 0.0 0.9397590361445783 0.060240963855421686 0.0 0.7349397590361446 1086.95037930411 21.179329225534595 88
0.8925619834710744 0.10743801652892562 0.0 0.8879310344827587 0.11206896551724138 0.0 0.6379310344827587 1086.8197948170784 20.948088559054927 121
0.9139072847682119 0.08609271523178808 0.0 0.910958904109589 0.08904109589041095 0.0 0.684931506849315 1052.6747466066574 20.583167978362525 151
0.9150943396226415 0.08490566037735849 0.0 0.9108910891089109 0.0891089108910891 0.0 0.8910891089108911 1086.3324387032258 20.488788080166405 106
0.9019607843137255 0.08823529411764706 0.00980392156862745 0.8969072164948454 0.09278350515463918 0.010309278350515464 0.8350515463917526 983.900638553633 20.517021798826867 102
0.898876404494382 0.10112359550561797 0.0 0.9047619047619048 0.09523809523809523 0.0 0.9047619047619048 1076.805945897448 22.193194512814546 89
0.9159663865546218 0.08403361344537816 0.0 0.9122807017543859 0.08771929824561403 0.0 0.9385964912280702 1010.8816039107068 21.37074535601883 119
0.9047619047619048 0.09523809523809523 0.0 0.9008264462809917 0.09917355371900827 0.0 0.6776859504132231 1046.7119574710748 19.36378559409003 126
0.8059701492537313 0.1865671641791045 0.007462686567164179 0.7984496124031008 0.1937984496124031 0.007751937984496124 0.6589147286821705 1084.5815578660531 22.4807901016576 134
0.9 0.1 0.0 0.8956521739130435 0.10434782608695652 0.0 0.6869565217391305 1083.242537361609 21.139572926159925 120
0.9393939393939394 0.06060606060606061 0.0 0.9344262295081968 0.06557377049180328 0.0 0.8032786885245902 1064.9461793517928 21.640645694649923 66
0.8648648648648649 0.13513513513513514 0.0 0.8584905660377359 0.14150943396226415 0.0 0.839622641509434 1086.594066190906 22.03634995933102 111
0.937984496124031 0.06201550387596899 0.0 0.9354838709677419 0.06451612903225806 0.0 0.7580645161290323 1087.4526689248319 19.29092201390601 129
0.978021978021978 0.02197802197802198 0.0 0.9767441860465116 0.023255813953488372 0.0 1.0 1049.441541090871 23.62779653695509 91
0.9016393442622951 0.09836065573770492 0.0 0.8974358974358975 0.10256410256410256 0.0 0.905982905982906 1059.0811997747135 21.2685710753089 122
0.7982456140350878 0.19298245614035087 0.008771929824561403 0.7981651376146789 0.1926605504587156 0.009174311926605505 0.8899082568807339 1037.9319706643382 20.529663973433767 114
0.9065420560747663 0.08411214953271028 0.009345794392523364 0.9019607843137255 0.08823529411764706 0.00980392156862745 1.0 911.2027883313068 20.96236299286476 107
0.925 0.075 0.0 0.9225806451612903 0.07741935483870968 0.0 0.7677419354838709 1087.237388560424 19.6595955762435 160
0.9008264462809917 0.09917355371900827 0.0 0.896551724137931 0.10344827586206896 0.0 0.7758620689655172 1021.5508132683012 21.299891843172986 121
0.9090909090909091 0.09090909090909091 0.0 0.9036144578313253 0.0963855421686747 0.0 0.8554216867469879 1086.0575631685742 22.400430170922508 88
0.9328358208955224 0.06716417910447761 0.0 0.9302325581395349 0.06976744186046512 0.0 0.8062015503875969 1076.9498296006202 20.40029733334193 134
0.9150943396226415 0.07547169811320754 0.009433962264150943 0.9108910891089109 0.07920792079207921 0.009900990099009901 1.0 1044.1402916780667 22.8900569939931 106
0.8426966292134831 0.14606741573033707 0.011235955056179775 0.8333333333333334 0.15476190476190477 0.011904761904761904 1.0 992.5014262169205 22.981304096531403 89
0.8631578947368421 0.1368421052631579 0.0 0.8702702702702703 0.12972972972972974 0.0 0.6810810810810811 1087.4689617797496 18.58628930453818 190
0.8151260504201681 0.17647058823529413 0.008403361344537815 0.8157894736842105 0.17543859649122806 0.008771929824561403 0.7543859649122807 1079.3977975628488 21.8299265831923 119
0.9042553191489362 0.0851063829787234 0.010638297872340425 0.898876404494382 0.0898876404494382 0.011235955056179775 0.7640449438202247 1061.361834602776 21.307822303800815 94
0.9259259259259259 0.07407407407407407 0.0 0.9223300970873787 0.07766990291262135 0.0 0.8252427184466019 1083.0308260531567 21.193990617252915 108
0.9606299212598425 0.03937007874015748 0.0 0.9590163934426229 0.040983606557377046 0.0 0.6557377049180327 1086.4299669870534 20.13762120669404 127
0.8775510204081632 0.12244897959183673 0.0 0.8709677419354839 0.12903225806451613 0.0 0.956989247311828 1022.933460448857 20.139855716842558 98
0.925531914893617 0.07446808510638298 0.0 0.9213483146067416 0.07865168539325842 0.0 0.7078651685393258 1040.759262493229 23.627449678142323 94
0.9714285714285714 0.02857142857142857 0.0 0.9703703703703703 0.02962962962962963 0.0 0.837037037037037 1031.5495224994186 19.24542293914189 140
0.9259259259259259 0.07407407407407407 0.0 0.9320388349514563 0.06796116504854369 0.0 0.8543689320388349 1013.0562127059028 20.32157395762999 108
0.9827586206896551 0.017241379310344827 0.0 0.9819819819819819 0.018018018018018018 0.0 0.7567567567567568 1086.714028280282 19.901176666740728 116
0.9111111111111111 0.08148148148148149 0.007407407407407408 0.9153846153846154 0.07692307692307693 0.007692307692307693 0.7846153846153846 1083.4873981621975 20.81398613691924 135
0.923728813559322 0.07627118644067797 0.0 0.9203539823008849 0.07964601769911504 0.0 0.7699115044247787 1075.207301268246 21.36239669546098 118
0.9316239316239316 0.06837606837606838 0.0 0.9285714285714286 0.07142857142857142 0.0 0.8303571428571429 1084.1682923050541 20.088490512907327 117
0.8333333333333334 0.16666666666666666 0.0 0.8260869565217391 0.17391304347826086 0.0 0.8347826086956521 1070.79972619455 20.26731513262774 120
0.9910714285714286 0.008928571428571428 0.0 0.9906542056074766 0.009345794392523364 0.0 0.9626168224299065 1048.0861641162498 21.869815457774727 112
0.98 0.02 0.0 0.9777777777777777 0.022222222222222223 0.0 1.0 1041.7740176214536 26.03749437056544 50
0.9519230769230769 0.04807692307692308 0.0 0.9494949494949495 0.050505050505050504 0.0 0.8888888888888888 976.216800396495 20.55956344432707 104
0.9178082191780822 0.0821917808219178 0.0 0.9219858156028369 0.07801418439716312 0.0 0.7943262411347518 1071.0186367599385 19.910860461445456 146
0.9173553719008265 0.08264462809917356 0.0 0.9137931034482759 0.08620689655172414 0.0 0.9482758620689655 1018.8690441251496 22.330979657403663 121
0.9022988505747126 0.09770114942528736 0.0 0.8994082840236687 0.10059171597633136 0.0 0.7514792899408284 1087.1044600556024 18.920810574640967 174
0.941747572815534 0.05825242718446602 0.0 0.9387755102040817 0.061224489795918366 0.0 0.7755102040816326 1073.5973804888167 20.80590161757628 103
0.9578947368421052 0.042105263157894736 0.0 0.9555555555555556 0.044444444444444446 0.0 0.7444444444444445 1022.7088192931144 22.33200712953515 95
0.8252427184466019 0.1553398058252427 0.019417475728155338 0.8163265306122449 0.16326530612244897 0.02040816326530612 0.7551020408163265 1052.481363373188 21.097867613231617 103
0.9099099099099099 0.09009009009009009 0.0 0.9056603773584906 0.09433962264150944 0.0 0.660377358490566 1071.254662642798 19.59801456963979 111
0.826530612244898 0.10204081632653061 0.07142857142857142 0.8172043010752689 0.10752688172043011 0.07526881720430108 0.9354838709677419 1078.2489665935004 24.283734027560406 98
0.7938144329896907 0.14432989690721648 0.061855670103092786 0.782608695652174 0.15217391304347827 0.06521739130434782 0.9347826086956522 956.0923329745375 22.057339595615968 97
0.9504950495049505 0.04950495049504951 0.0 0.9479166666666666 0.052083333333333336 0.0 0.6875 1021.3567961822621 19.460605794798234 101
0.9528301886792453 0.04716981132075472 0.0 0.9504950495049505 0.04950495049504951 0.0 0.9702970297029703 1054.2378432796465 22.10403802799007 106
0.8879310344827587 0.10344827586206896 0.008620689655172414 0.8828828828828829 0.10810810810810811 0.009009009009009009 0.9459459459459459 1067.1856201286214 24.275328068828188 116
0.945054945054945 0.054945054945054944 0.0 0.9418604651162791 0.05813953488372093 0.0 0.6627906976744186 1087.3797500027656 21.61993437321955 91
0.9485294117647058 0.051470588235294115 0.0 0.9465648854961832 0.05343511450381679 0.0 0.7786259541984732 1075.7392648233767 19.209986858213803 136
0.8623853211009175 0.13761467889908258 0.0 0.8557692307692307 0.14423076923076922 0.0 0.9615384615384616 1052.9210172127173 22.138674696051876 109
0.9172932330827067 0.08270676691729323 0.0 0.9140625 0.0859375 0.0 0.859375 1071.0677871207417 21.148176319828043 133
0.8407079646017699 0.1592920353982301 0.0 0.8425925925925926 0.1574074074074074 0.0 0.7962962962962963 1078.1239806925207 21.633070704230107 113
0.9024390243902439 0.0975609756097561 0.0 0.9067796610169492 0.09322033898305085 0.0 0.8559322033898306 1031.7713149929755 20.34856433502608 123
0.9416666666666667 0.058333333333333334 0.0 0.9391304347826087 0.06086956521739131 0.0 0.8521739130434782 1050.9702307749953 20.49008691351364 120
0.9870967741935484 0.012903225806451613 0.0 0.9866666666666667 0.013333333333333334 0.0 0.8266666666666667 990.6535771666275 19.42146975903014 155
0.967032967032967 0.03296703296703297 0.0 0.9651162790697675 0.03488372093023256 0.0 0.8023255813953488 1034.6508400380521 20.501161816909278 91
0.8709677419354839 0.11290322580645161 0.016129032258064516 0.865546218487395 0.11764705882352941 0.01680672268907563 0.7142857142857143 1076.5722685563542 20.428540545227044 124
0.8807339449541285 0.11926605504587157 0.0 0.875 0.125 0.0 0.8269230769230769 1084.0201126503157 22.53091387213152 109
0.875 0.11029411764705882 0.014705882352941176 0.8702290076335878 0.11450381679389313 0.015267175572519083 0.9007633587786259 1017.8115578204678 21.98066007273598 136
0.9099099099099099 0.08108108108108109 0.009009009009009009 0.9056603773584906 0.08490566037735849 0.009433962264150943 0.9433962264150944 1069.3734910629028 22.38536135963991 111
0.928 0.072 0.0 0.9333333333333333 0.06666666666666667 0.0 0.7916666666666666 1087.0518757492368 19.547311329638234 125
0.849624060150376 0.15037593984962405 0.0 0.84375 0.15625 0.0 0.8984375 1052.7988730666618 21.749155639627137 133
0.8714285714285714 0.12857142857142856 0.0 0.8666666666666667 0.13333333333333333 0.0 0.8148148148148148 1065.0548064338363 21.421987294396494 140
0.8421052631578947 0.13157894736842105 0.02631578947368421 0.8348623853211009 0.13761467889908258 0.027522935779816515 0.963302752293578 1078.3655790741504 22.406250882110292 114
0.9626168224299065 0.037383177570093455 0.0 0.9607843137254902 0.0392156862745098 0.0 0.7549019607843137 1040.156932635262 22.84078908985912 107
0.9158878504672897 0.08411214953271028 0.0 0.9117647058823529 0.08823529411764706 0.0 0.7156862745098039 1067.9665993294375 21.068350600501677 107
0.8333333333333334 0.16071428571428573 0.005952380952380952 0.8282208588957055 0.1656441717791411 0.006134969325153374 0.7300613496932515 1087.3840231132876 19.86673074493427 168
0.9236641221374046 0.07633587786259542 0.0 0.9206349206349206 0.07936507936507936 0.0 0.6746031746031746 1075.9562688860792 19.822033982189854 131
0.9 0.09333333333333334 0.006666666666666667 0.896551724137931 0.09655172413793103 0.006896551724137931 0.9172413793103448 1009.8072512536811 19.88528559374568 150
0.9137931034482759 0.08620689655172414 0.0 0.9099099099099099 0.09009009009009009 0.0 0.6936936936936937 1079.346065424963 21.01580220865516 116
0.9294871794871795 0.07051282051282051 0.0 0.9271523178807947 0.0728476821192053 0.0 0.7417218543046358 1012.2256461505657 18.566550654002704 156
0.8235294117647058 0.17647058823529413 0.0 0.8157894736842105 0.18421052631578946 0.0 0.8596491228070176 1081.9858542997963 21.64402608680053 119
0.9375 0.0625 0.0 0.9345794392523364 0.06542056074766354 0.0 0.6448598130841121 1087.451554943291 20.33304672694533 112
0.9375 0.0625 0.0 0.9345794392523364 0.06542056074766354 0.0 0.8037383177570093 1037.7624327601402 20.189501944376172 112
0.9349593495934959 0.06504065040650407 0.0 0.9322033898305084 0.06779661016949153 0.0 0.8135593220338984 1058.679879307239 20.01026713366206 123
0.8857142857142857 0.11428571428571428 0.0 0.88 0.12 0.0 0.93 1062.0404296276279 22.03084488808588 105
0.9572649572649573 0.042735042735042736 0.0 0.9553571428571429 0.044642857142857144 0.0 0.7946428571428571 1083.1459145883114 21.609980085515982 117
0.8735632183908046 0.10344827586206896 0.022988505747126436 0.8658536585365854 0.10975609756097561 0.024390243902439025 0.9390243902439024 1014.2976477044517 22.7385329586403 87
0.9191176470588235 0.08088235294117647 0.0 0.916030534351145 0.08396946564885496 0.0 0.7480916030534351 1080.4906910393122 19.50102369238179 136
0.8854961832061069 0.10687022900763359 0.007633587786259542 0.8809523809523809 0.1111111111111111 0.007936507936507936 0.8412698412698413 1056.0591580508242 20.33845059515371 131
0.847953216374269 0.15204678362573099 0.0 0.8493975903614458 0.15060240963855423 0.0 0.7710843373493976 1086.0829074244466 18.689177752071664 171
0.9795918367346939 0.02040816326530612 0.0 0.978494623655914 0.021505376344086023 0.0 0.8387096774193549 918.6144506592246 21.47233937871585 98
0.9307692307692308 0.06923076923076923 0.0 0.928 0.072 0.0 0.792 1086.6813510056375 20.24861459540077 130
0.9345794392523364 0.06542056074766354 0.0 0.9313725490196079 0.06862745098039216 0.0 0.7450980392156863 1087.3616368025557 20.937120506493898 107
0.88 0.12 0.0 0.875 0.125 0.0 0.6666666666666666 1087.1979081740617 21.026567219614954 125
0.8314606741573034 0.16853932584269662 0.0 0.8214285714285714 0.17857142857142858 0.0 0.6785714285714286 1017.1568236323523 21.12883707992286 89
0.9375 0.0625 0.0 0.935251798561151 0.06474820143884892 0.0 0.8201438848920863 1081.4178851180732 19.49005211703471 144
0.9537037037037037 0.046296296296296294 0.0 0.9611650485436893 0.038834951456310676 0.0 0.6310679611650486 1087.386595872492 20.491086592042578 108
0.8305084745762712 0.1694915254237288 0.0 0.8230088495575221 0.17699115044247787 0.0 0.7522123893805309 1087.1743696173253 21.690612495874547 118
0.8137254901960784 0.08823529411764706 0.09803921568627451 0.8041237113402062 0.09278350515463918 0.10309278350515463 1.0 1071.495615883096 23.37998642010844 102
0.9316239316239316 0.06837606837606838 0.0 0.9285714285714286 0.07142857142857142 0.0 0.6875 1076.067244124033 21.16170995747078 117
0.9006211180124224 0.09937888198757763 0.0 0.8974358974358975 0.10256410256410256 0.0 0.7243589743589743 1087.4644609122465 19.108371332763866 161
0.9157894736842105 0.08421052631578947 0.0 0.9111111111111111 0.08888888888888889 0.0 0.8111111111111111 1025.0681527409636 22.611126788657703 95
0.88 0.12 0.0 0.875 0.125 0.0 0.7833333333333333 1027.8884447144126 20.02978032963761 125
0.8819444444444444 0.11805555555555555 0.0 0.8776978417266187 0.1223021582733813 0.0 0.7913669064748201 1039.7068294670412 19.443885052347948 144
0.9195402298850575 0.08045977011494253 0.0 0.9146341463414634 0.08536585365853659 0.0 0.7195121951219512 1066.149658382307 22.112116079723613 87
0.8113207547169812 0.16981132075471697 0.018867924528301886 0.801980198019802 0.1782178217821782 0.019801980198019802 0.7326732673267327 976.4131986145649 20.718395965560784 106
0.8640776699029126 0.13592233009708737 0.0 0.8571428571428571 0.14285714285714285 0.0 0.8163265306122449 1086.3584471952768 23.281582750768354 103
0.9696969696969697 0.030303030303030304 0.0 0.9680851063829787 0.031914893617021274 0.0 0.8829787234042553 1007.0418906095608 20.898158086328316 99
0.9473684210526315 0.05263157894736842 0.0 0.944954128440367 0.05504587155963303 0.0 0.8073394495412844 1086.9872524415962 21.13341723182476 114
0.8803418803418803 0.1111111111111111 0.008547008547008548 0.875 0.11607142857142858 0.008928571428571428 0.9107142857142857 1035.1176291353172 21.22528489337599 117
0.9577464788732394 0.04225352112676056 0.0 0.9545454545454546 0.045454545454545456 0.0 0.7575757575757576 1045.511733329568 22.76110486739513 71
0.8990825688073395 0.10091743119266056 0.0 0.8942307692307693 0.10576923076923077 0.0 0.8942307692307693 1068.5885265968245 21.545640341924905 109
0.9019607843137255 0.08823529411764706 0.00980392156862745 0.8969072164948454 0.09278350515463918 0.010309278350515464 0.9072164948453608 1069.9410042998545 22.001665664569988 102
0.9226190476190477 0.07738095238095238 0.0 0.9202453987730062 0.07975460122699386 0.0 0.8466257668711656 1085.3424607168365 18.82319731601692 168
0.9583333333333334 0.041666666666666664 0.0 0.9565217391304348 0.043478260869565216 0.0 0.8956521739130435 943.8854410628336 20.18121444555422 120
0.9470198675496688 0.052980132450331126 0.0 0.9452054794520548 0.0547945205479452 0.0 0.726027397260274 1051.9326580142515 20.221279672883586 151
0.8785046728971962 0.12149532710280374 0.0 0.8725490196078431 0.12745098039215685 0.0 0.8235294117647058 1075.2197025870214 20.398601622010013 107
0.8650793650793651 0.12698412698412698 0.007936507936507936 0.859504132231405 0.1322314049586777 0.008264462809917356 0.7933884297520661 1087.487499255043 19.74592884370058 126
0.8633093525179856 0.1366906474820144 0.0 0.8656716417910447 0.13432835820895522 0.0 0.9029850746268657 1078.9852279829202 20.522830377550132 139
0.8181818181818182 0.12121212121212122 0.06060606060606061 0.8188976377952756 0.12598425196850394 0.05511811023622047 0.7637795275590551 1024.2209397661138 21.139234404099025 132
0.8064516129032258 0.13978494623655913 0.053763440860215055 0.7954545454545454 0.14772727272727273 0.056818181818181816 0.8522727272727273 1079.341073001958 22.325267401680655 93
0.9111111111111111 0.08888888888888889 0.0 0.9076923076923077 0.09230769230769231 0.0 0.7538461538461538 1087.3789780467207 20.2310779370844 135
0.9240506329113924 0.0759493670886076 0.0 0.918918918918919 0.08108108108108109 0.0 1.0 1060.2307927052404 23.367609983065183 79
0.9326923076923077 0.0673076923076923 0.0 0.9393939393939394 0.06060606060606061 0.0 0.9191919191919192 1075.0788713581471 20.559641980296607 104
0.9444444444444444 0.05555555555555555 0.0 0.9402985074626866 0.05970149253731343 0.0 0.9850746268656716 1062.2240595951655 23.874192944403884 72
0.9387755102040817 0.061224489795918366 0.0 0.9436619718309859 0.056338028169014086 0.0 0.9225352112676056 1014.6640741776372 19.563606550064993 147
0.8823529411764706 0.1092436974789916 0.008403361344537815 0.8771929824561403 0.11403508771929824 0.008771929824561403 0.7719298245614035 1019.7783572030478 21.969258988677428 119
0.8482142857142857 0.15178571428571427 0.0 0.8411214953271028 0.1588785046728972 0.0 0.8317757009345794 1086.2477451955874 23.013490736033017 112
0.9298245614035088 0.07017543859649122 0.0 0.926605504587156 0.07339449541284404 0.0 0.9541284403669725 1061.2527764338004 22.232613428700187 114
0.9259259259259259 0.07407407407407407 0.0 0.9223300970873787 0.07766990291262135 0.0 0.7669902912621359 1043.3963983730375 21.729849670202142 108
0.9523809523809523 0.047619047619047616 0.0 0.9504132231404959 0.049586776859504134 0.0 0.7603305785123967 1087.0380624644606 19.954379663458692 126
0.9183673469387755 0.08163265306122448 0.0 0.9139784946236559 0.08602150537634409 0.0 0.946236559139785 1048.429283206293 21.091990144480704 98
0.9459459459459459 0.05405405405405406 0.0 0.9433962264150944 0.05660377358490566 0.0 0.9433962264150944 1021.6960149864631 22.0034986579506 111
0.9081632653061225 0.09183673469387756 0.0 0.9032258064516129 0.0967741935483871 0.0 0.7741935483870968 1043.0414181643498 22.280637944869504 98
0.8617886178861789 0.13821138211382114 0.0 0.8559322033898306 0.1440677966101695 0.0 0.8305084745762712 1085.8166073136115 21.26906245658328 123
0.8703703703703703 0.12037037037037036 0.009259259259259259 0.8737864077669902 0.11650485436893204 0.009708737864077669 0.7378640776699029 1087.2849258033702 22.361147727991813 108
0.9174311926605505 0.08256880733944955 0.0 0.9134615384615384 0.08653846153846154 0.0 0.8076923076923077 1072.740830201717 23.383509633230027 109
0.9448818897637795 0.05511811023622047 0.0 0.9508196721311475 0.04918032786885246 0.0 0.7622950819672131 1087.3625782954 20.14071451785987 127
0.8757763975155279 0.11801242236024845 0.006211180124223602 0.8717948717948718 0.12179487179487179 0.00641025641025641 0.8653846153846154 1087.4444802630735 20.159811743870648 161
0.8405797101449275 0.13768115942028986 0.021739130434782608 0.8345864661654135 0.14285714285714285 0.022556390977443608 0.9022556390977443 1031.3198330379892 21.189158599393547 138
0.8878504672897196 0.11214953271028037 0.0 0.8823529411764706 0.11764705882352941 0.0 0.6176470588235294 1084.3090593205234 20.290644435501438 107
0.9108910891089109 0.0891089108910891 0.0 0.90625 0.09375 0.0 1.0 1062.8481393662523 24.165806765520827 101
0.967032967032967 0.03296703296703297 0.0 0.9651162790697675 0.03488372093023256 0.0 0.7674418604651163 1086.6561500861098 20.20187746593968 91
0.9333333333333333 0.06666666666666667 0.0 0.93 0.07 0.0 0.8 1083.5970602167924 22.035252550553174 105
0.8602150537634409 0.12903225806451613 0.010752688172043012 0.8522727272727273 0.13636363636363635 0.011363636363636364 0.9772727272727273 1067.0868139604754 23.030058244696388 93
0.8818181818181818 0.1 0.01818181818181818 0.8761904761904762 0.10476190476190476 0.01904761904761905 1.0 1049.389025178202 24.149244058625758 110
0.95 0.05 0.0 0.9473684210526315 0.05263157894736842 0.0 0.8631578947368421 1046.7541737721838 22.702777560883067 100
0.9145299145299145 0.08547008547008547 0.0 0.9107142857142857 0.08928571428571429 0.0 0.9017857142857143 1045.693705195068 20.816234615589845 117
0.9367088607594937 0.06329113924050633 0.0 0.9324324324324325 0.06756756756756757 0.0 0.8378378378378378 999.860608369504 24.88351713621158 79
0.9134615384615384 0.08653846153846154 0.0 0.9090909090909091 0.09090909090909091 0.0 0.5858585858585859 1087.2416147483868 20.24802496448714 104
0.937984496124031 0.06201550387596899 0.0 0.9435483870967742 0.056451612903225805 0.0 1.0 1070.3787024183764 20.25472454277131 129
0.9292929292929293 0.0707070707070707 0.0 0.925531914893617 0.07446808510638298 0.0 0.7446808510638298 1086.902253321695 20.816164215520637 99
0.8014705882352942 0.16176470588235295 0.03676470588235294 0.8015267175572519 0.16030534351145037 0.03816793893129771 0.8091603053435115 1045.6233680848152 21.41334016450039 136
0.7454545454545455 0.22727272727272727 0.02727272727272727 0.7333333333333333 0.23809523809523808 0.02857142857142857 0.7523809523809524 1078.541026967713 21.548091688163687 110
0.9294117647058824 0.07058823529411765 0.0 0.925 0.075 0.0 0.9375 1066.038140205715 22.20586027769944 85
0.9007633587786259 0.09923664122137404 0.0 0.8968253968253969 0.10317460317460317 0.0 0.8412698412698413 1076.6418378950837 20.097023956779424 131
0.9152542372881356 0.0847457627118644 0.0 0.911504424778761 0.08849557522123894 0.0 0.7433628318584071 1087.470193296772 20.32851481215772 118
0.9090909090909091 0.09090909090909091 0.0 0.9156626506024096 0.08433734939759036 0.0 0.8072289156626506 1039.1062425175733 21.610297696312916 88
0.8796296296296297 0.10185185185185185 0.018518518518518517 0.8737864077669902 0.10679611650485436 0.019417475728155338 0.7766990291262136 1065.7566101995662 21.083408279273552 108
0.8947368421052632 0.10526315789473684 0.0 0.8888888888888888 0.1111111111111111 0.0 0.7888888888888889 1047.5868891766338 23.0181362116441 95
0.9587628865979382 0.041237113402061855 0.0 0.9565217391304348 0.043478260869565216 0.0 0.8586956521739131 1069.6313452925986 21.993561979402916 97
0.8850574712643678 0.11494252873563218 0.0 0.8780487804878049 0.12195121951219512 0.0 1.0 903.7164027416549 24.423353681274367 87
0.918918918918919 0.08108108108108109 0.0 0.9150943396226415 0.08490566037735849 0.0 0.6886792452830188 1087.3540193740314 20.764214767253346 111
0.9316239316239316 0.06837606837606838 0.0 0.9285714285714286 0.07142857142857142 0.0 0.8928571428571429 1047.4173464529185 21.268299621403465 117
0.8495575221238938 0.1415929203539823 0.008849557522123894 0.8425925925925926 0.14814814814814814 0.009259259259259259 0.7592592592592593 1079.6309108357118 23.651834934503082 113
0.9318181818181818 0.06818181818181818 0.0 0.9291338582677166 0.07086614173228346 0.0 0.7401574803149606 1047.0273724669914 20.613584728959065 132
0.872 0.128 0.0 0.8666666666666667 0.13333333333333333 0.0 0.7583333333333333 1082.7685318492543 20.03750137026413 125
0.8389830508474576 0.16101694915254236 0.0 0.8407079646017699 0.1592920353982301 0.0 0.7256637168141593 1079.0388415879638 20.036322485256033 118
0.8770491803278688 0.12295081967213115 0.0 0.8717948717948718 0.1282051282051282 0.0 0.8290598290598291 967.7291171641896 21.064905019077038 122
0.85 0.14166666666666666 0.008333333333333333 0.8434782608695652 0.14782608695652175 0.008695652173913044 0.9130434782608695 1065.3744900582622 21.908751025999386 120
0.8899082568807339 0.11009174311926606 0.0 0.8846153846153846 0.11538461538461539 0.0 0.875 1057.48846290911 21.44092903315708 109
0.9603174603174603 0.03968253968253968 0.0 0.9586776859504132 0.04132231404958678 0.0 0.6942148760330579 1040.477328476251 19.549114731424023 126
0.8428571428571429 0.15714285714285714 0.0 0.837037037037037 0.16296296296296298 0.0 0.9777777777777777 1035.5950530988366 20.0903751531129 140
0.9124087591240876 0.08759124087591241 0.0 0.9090909090909091 0.09090909090909091 0.0 0.7954545454545454 1087.4335307445922 20.882363431685896 137
0.8870967741935484 0.0967741935483871 0.016129032258064516 0.8823529411764706 0.10084033613445378 0.01680672268907563 0.8739495798319328 1087.2731230941736 22.017061609027746 124
0.8984375 0.1015625 0.0 0.8943089430894309 0.10569105691056911 0.0 0.6829268292682927 1087.3102389149594 19.562834649716695 128
0.9019607843137255 0.09803921568627451 0.0 0.8969072164948454 0.10309278350515463 0.0 0.7628865979381443 1087.46638765721 22.606669679807645 102
0.8592592592592593 0.13333333333333333 0.007407407407407408 0.8538461538461538 0.13846153846153847 0.007692307692307693 0.8307692307692308 1052.642193743838 20.819223608638907 135
0.8977272727272727 0.09090909090909091 0.011363636363636364 0.891566265060241 0.0963855421686747 0.012048192771084338 0.891566265060241 1044.7695552057264 23.12076288653679 88
0.9682539682539683 0.031746031746031744 0.0 0.9669421487603306 0.03305785123966942 0.0 0.71900826446281 1087.331796068564 20.71601352269458 126
0.91 0.09 0.0 0.9052631578947369 0.09473684210526316 0.0 0.8842105263157894 1054.1642890342112 22.027148808194468 100
0.8979591836734694 0.09183673469387756 0.01020408163265306 0.8924731182795699 0.0967741935483871 0.010752688172043012 0.8494623655913979 1078.327713788922 22.9713063839828 98
0.8442622950819673 0.13114754098360656 0.02459016393442623 0.8461538461538461 0.1282051282051282 0.02564102564102564 0.8034188034188035 1085.1595600213977 23.448112025900322 122
0.8165137614678899 0.1651376146788991 0.01834862385321101 0.8076923076923077 0.17307692307692307 0.019230769230769232 0.8653846153846154 1050.3912154254842 20.75907321053 109
0.8525641025641025 0.14743589743589744 0.0 0.847682119205298 0.152317880794702 0.0 0.7615894039735099 1087.3430691006627 19.477165245285857 156
0.9385964912280702 0.06140350877192982 0.0 0.9357798165137615 0.06422018348623854 0.0 0.8073394495412844 1031.092556016253 20.252747819698072 114
0.9024390243902439 0.0975609756097561 0.0 0.9067796610169492 0.09322033898305085 0.0 0.8559322033898306 1087.346323952988 22.28077795386508 123
0.8762886597938144 0.12371134020618557 0.0 0.8695652173913043 0.13043478260869565 0.0 0.8586956521739131 1052.0398521330867 24.325622141693568 97
0.9206349206349206 0.07936507936507936 0.0 0.9173553719008265 0.08264462809917356 0.0 0.71900826446281 1085.8436697367877 20.32585350936611 126
0.9038461538461539 0.09615384615384616 0.0 0.898989898989899 0.10101010101010101 0.0 0.7676767676767676 1043.2212752166593 21.700251996471085 104
0.8933333333333333 0.10666666666666667 0.0 0.9 0.1 0.0 0.6428571428571429 1083.1633725221866 22.649728202262647 75
0.9084507042253521 0.08450704225352113 0.007042253521126761 0.9124087591240876 0.08029197080291971 0.0072992700729927005 0.7445255474452555 1062.8051074956804 21.189622090482334 142
0.8992248062015504 0.10077519379844961 0.0 0.8951612903225806 0.10483870967741936 0.0 0.75 1081.6598176966372 21.578056088957446 129
0.8333333333333334 0.125 0.041666666666666664 0.8241758241758241 0.13186813186813187 0.04395604395604396 0.9120879120879121 1052.4425868996036 22.326302118677862 96
0.8773584905660378 0.12264150943396226 0.0 0.8712871287128713 0.12871287128712872 0.0 0.9504950495049505 1066.5681944820026 20.930970763187975 106
0.9099099099099099 0.09009009009009009 0.0 0.9056603773584906 0.09433962264150944 0.0 0.7641509433962265 1069.429257838445 21.587470721681246 111
0.916083916083916 0.08391608391608392 0.0 0.9130434782608695 0.08695652173913043 0.0 0.8623188405797102 1086.5535521252707 20.279735294927153 143
0.8739495798319328 0.12605042016806722 0.0 0.868421052631579 0.13157894736842105 0.0 0.7017543859649122 1071.4288772841114 19.05694822403574 119
0.8992805755395683 0.10071942446043165 0.0 0.9029850746268657 0.09701492537313433 0.0 0.7761194029850746 1087.0233309757973 21.06759388083743 139
0.9263157894736842 0.07368421052631578 0.0 0.9222222222222223 0.07777777777777778 0.0 0.6555555555555556 1050.3802257343539 21.30955032072016 95
0.8859649122807017 0.11403508771929824 0.0 0.8807339449541285 0.11926605504587157 0.0 0.7522935779816514 1081.591822783628 22.162647875445664 114
0.9298245614035088 0.07017543859649122 0.0 0.926605504587156 0.07339449541284404 0.0 0.8899082568807339 1055.101885344486 20.93426239421552 114
0.8322147651006712 0.1610738255033557 0.006711409395973154 0.8263888888888888 0.16666666666666666 0.006944444444444444 0.8055555555555556 1061.4584160961708 20.819608394876116 149
