0.8487394957983193 0.15126050420168066 0.0 0.8421052631578947 0.15789473684210525 0.0 0.5 1033.7143532591097 22.698697945221447 119
0.9210526315789473 0.07894736842105263 0.0 0.9174311926605505 0.08256880733944955 0.0 0.8899082568807339 1065.8540641844188 21.814841866408795 114
0.92 0.08 0.0 0.9157894736842105 0.08421052631578947 0.0 0.8105263157894737 1060.1592673608927 23.389022229744217 100
0.863013698630137 0.136986301369863 0.0 0.8581560283687943 0.14184397163120568 0.0 0.7163120567375887 1086.9559088938872 21.13837290611334 146
0.7794117647058824 0.19117647058823528 0.029411764705882353 0.7709923664122137 0.1984732824427481 0.030534351145038167 0.8549618320610687 1083.4628865915724 22.71262231433699 136
0.8356164383561644 0.15753424657534246 0.00684931506849315 0.8297872340425532 0.16312056737588654 0.0070921985815602835 0.723404255319149 1059.4185342771227 20.834451551657835 146
0.8092105263157895 0.19078947368421054 0.0 0.8027210884353742 0.19727891156462585 0.0 0.6802721088435374 1087.362231018701 19.980534861772977 152
0.8783783783783784 0.11486486486486487 0.006756756756756757 0.8741258741258742 0.11888111888111888 0.006993006993006993 0.7972027972027972 1048.4140185858157 21.341268339385852 148
0.7565217391304347 0.22608695652173913 0.017391304347826087 0.7454545454545455 0.23636363636363636 0.01818181818181818 0.8909090909090909 1065.6857146128675 21.95662820453533 115
0.8210526315789474 0.16842105263157894 0.010526315789473684 0.8111111111111111 0.17777777777777778 0.011111111111111112 0.6 1058.3853169733948 24.02824859216851 95
0.9605263157894737 0.039473684210526314 0.0 0.9577464788732394 0.04225352112676056 0.0 1.0 1068.3772823188715 24.686417325233368 76
0.8865979381443299 0.1134020618556701 0.0 0.8804347826086957 0.11956521739130435 0.0 0.6847826086956522 1086.220371692752 22.810984908292273 97
0.75 0.20454545454545456 0.045454545454545456 0.7349397590361446 0.21686746987951808 0.04819277108433735 0.9759036144578314 946.4055674036347 24.76947720139558 88
0.9253731343283582 0.07462686567164178 0.0 0.9224806201550387 0.07751937984496124 0.0 0.7906976744186046 1078.1368828028162 21.258410911084287 134
0.8623853211009175 0.12844036697247707 0.009174311926605505 0.8557692307692307 0.1346153846153846 0.009615384615384616 0.8461538461538461 1076.7604438428912 22.83690328525599 109
0.8292682926829268 0.14634146341463414 0.024390243902439025 0.8181818181818182 0.15584415584415584 0.025974025974025976 1.0 1044.5342618683044 23.815462488928475 82
0.8833333333333333 0.11666666666666667 0.0 0.8782608695652174 0.12173913043478261 0.0 0.6869565217391305 1082.656260271898 21.2409379485212 120
0.810126582278481 0.16455696202531644 0.02531645569620253 0.7972972972972973 0.17567567567567569 0.02702702702702703 0.9864864864864865 1055.0400642886266 24.88799804068427 79
0.9166666666666666 0.0763888888888889 0.006944444444444444 0.9136690647482014 0.07913669064748201 0.007194244604316547 0.7985611510791367 1087.018098780015 21.0285525985545 144
0.9320388349514563 0.06796116504854369 0.0 0.9285714285714286 0.07142857142857142 0.0 0.9795918367346939 996.8879174759256 22.2723861133885 103
0.9415584415584416 0.05844155844155844 0.0 0.9395973154362416 0.06040268456375839 0.0 0.8187919463087249 1079.6305887373123 19.596540758668016 154
0.8947368421052632 0.10526315789473684 0.0 0.8899082568807339 0.11009174311926606 0.0 0.7614678899082569 1051.8342413391258 22.5500772497335 114
0.8715596330275229 0.12844036697247707 0.0 0.8653846153846154 0.1346153846153846 0.0 0.9519230769230769 1073.442170153338 22.419152297609365 109
0.9047619047619048 0.09523809523809523 0.0 0.9 0.1 0.0 0.66 1087.0894604204848 20.783647518650803 105
0.8714285714285714 0.12857142857142856 0.0 0.8615384615384616 0.13846153846153847 0.0 0.8307692307692308 1044.621516371451 22.98893395591744 70
0.7837837837837838 0.21621621621621623 0.0 0.7735849056603774 0.22641509433962265 0.0 0.8679245283018868 1086.9351221557108 22.91236957328574 111
0.8857142857142857 0.11428571428571428 0.0 0.88 0.12 0.0 0.87 1082.6836381112373 21.375650348743772 105
0.8992248062015504 0.08527131782945736 0.015503875968992248 0.8951612903225806 0.08870967741935484 0.016129032258064516 0.6532258064516129 1087.1140919806767 21.808914631447777 129
0.9292035398230089 0.07079646017699115 0.0 0.9259259259259259 0.07407407407407407 0.0 0.6944444444444444 1085.9333433501738 21.847179118550052 113
0.8613861386138614 0.13861386138613863 0.0 0.8645833333333334 0.13541666666666666 0.0 0.75 1087.1693548705919 19.487728105710936 101
0.8818181818181818 0.11818181818181818 0.0 0.8761904761904762 0.12380952380952381 0.0 0.7523809523809524 1045.0096934029016 22.064248629156772 110
0.7272727272727273 0.17272727272727273 0.1 0.7238095238095238 0.17142857142857143 0.10476190476190476 0.7714285714285715 1070.2040584533186 21.940667704198724 110
0.9259259259259259 0.07407407407407407 0.0 0.9223300970873787 0.07766990291262135 0.0 0.9902912621359223 1074.8005990419151 21.90542379038664 108
0.8105263157894737 0.16842105263157894 0.021052631578947368 0.8 0.17777777777777778 0.022222222222222223 0.9666666666666667 1070.2529218165473 24.012354053682525 95
0.9142857142857143 0.08571428571428572 0.0 0.91 0.09 0.0 0.83 1075.8500012234856 21.946451547579425 105
0.8037383177570093 0.18691588785046728 0.009345794392523364 0.7941176470588235 0.19607843137254902 0.00980392156862745 0.9215686274509803 1084.7613411100476 24.880766701214178 107
0.8492063492063492 0.15079365079365079 0.0 0.859504132231405 0.14049586776859505 0.0 0.7603305785123967 1028.1538721281263 20.511050909938003 126
0.8315789473684211 0.15789473684210525 0.010526315789473684 0.8222222222222222 0.16666666666666666 0.011111111111111112 0.9222222222222223 1033.090482985363 22.916115710852544 95
0.8130841121495327 0.18691588785046728 0.0 0.803921568627451 0.19607843137254902 0.0 1.0 1062.5650519943674 23.590308488019737 107
0.8539325842696629 0.14606741573033707 0.0 0.8690476190476191 0.13095238095238096 0.0 0.7619047619047619 1087.371380995845 22.30126043568434 89
0.922077922077922 0.07792207792207792 0.0 0.9166666666666666 0.08333333333333333 0.0 0.9027777777777778 1025.794048757195 23.097050390959147 77
0.8105263157894737 0.16842105263157894 0.021052631578947368 0.8 0.17777777777777778 0.022222222222222223 0.9 999.7317792113968 23.771392987782665 95
0.900990099009901 0.09900990099009901 0.0 0.8958333333333334 0.10416666666666667 0.0 1.0 1071.8773106078393 21.686112134158602 101
0.96 0.04 0.0 0.9578947368421052 0.042105263157894736 0.0 0.6631578947368421 1080.8669079835825 19.54003024409679 100
0.9022556390977443 0.09774436090225563 0.0 0.8984375 0.1015625 0.0 0.75 1087.3067884250831 19.897625439135894 133
0.743801652892562 0.23140495867768596 0.024793388429752067 0.7327586206896551 0.2413793103448276 0.02586206896551724 0.9224137931034483 1003.161444981109 20.059252833494046 121
0.918918918918919 0.08108108108108109 0.0 0.9150943396226415 0.08490566037735849 0.0 0.7641509433962265 957.3782308777867 20.99184881997927 111
0.96 0.04 0.0 0.9578947368421052 0.042105263157894736 0.0 0.7157894736842105 1087.401863706977 20.322031898457787 100
0.8018867924528302 0.18867924528301888 0.009433962264150943 0.7920792079207921 0.19801980198019803 0.009900990099009901 0.801980198019802 1087.0323701290056 19.19043804405031 106
0.9689922480620154 0.031007751937984496 0.0 0.967741935483871 0.03225806451612903 0.0 0.7983870967741935 1078.124528435567 19.77275111156568 129
0.9340659340659341 0.06593406593406594 0.0 0.9302325581395349 0.06976744186046512 0.0 0.8604651162790697 1078.8471310111665 21.663659384740363 91
0.8803418803418803 0.11965811965811966 0.0 0.875 0.125 0.0 0.75 1087.4269708230406 19.931064882456706 117
0.9098360655737705 0.09016393442622951 0.0 0.905982905982906 0.09401709401709402 0.0 0.7948717948717948 1087.0040069196953 21.426129486502518 122
0.9361702127659575 0.06382978723404255 0.0 0.9438202247191011 0.056179775280898875 0.0 0.5955056179775281 1087.3197958976666 19.310822725292677 94
0.9247311827956989 0.07526881720430108 0.0 0.9204545454545454 0.07954545454545454 0.0 0.9090909090909091 1081.3747976064706 21.760136471585948 93
0.7833333333333333 0.20833333333333334 0.008333333333333333 0.7739130434782608 0.21739130434782608 0.008695652173913044 0.8782608695652174 1051.975269744591 20.003884518246696 120
0.9166666666666666 0.08333333333333333 0.0 0.912621359223301 0.08737864077669903 0.0 0.6796116504854369 1035.1097922477336 21.31968766603766 108
0.8879310344827587 0.11206896551724138 0.0 0.8828828828828829 0.11711711711711711 0.0 0.6486486486486487 1087.1421007374565 20.352051151016305 116
0.8817204301075269 0.11827956989247312 0.0 0.875 0.125 0.0 0.8409090909090909 1072.1830954577026 22.606421615925452 93
0.8620689655172413 0.13793103448275862 0.0 0.8536585365853658 0.14634146341463414 0.0 0.8536585365853658 1061.2245993056115 22.903930485172953 87
0.7788461538461539 0.21153846153846154 0.009615384615384616 0.7878787878787878 0.20202020202020202 0.010101010101010102 0.7272727272727273 1007.6732177123575 20.666233176607264 104
0.9562043795620438 0.043795620437956206 0.0 0.9545454545454546 0.045454545454545456 0.0 0.7651515151515151 988.8308843930316 20.619441218907607 137
0.8389830508474576 0.16101694915254236 0.0 0.8495575221238938 0.1504424778761062 0.0 0.7876106194690266 1087.459527983595 21.913174092707976 118
0.8951612903225806 0.10483870967741936 0.0 0.8907563025210085 0.1092436974789916 0.0 0.8571428571428571 1075.4060277721806 21.14086454127857 124
0.8118811881188119 0.18811881188118812 0.0 0.8020833333333334 0.19791666666666666 0.0 0.7291666666666666 1050.0667570435642 22.73439832690058 101
0.9259259259259259 0.07407407407407407 0.0 0.9230769230769231 0.07692307692307693 0.0 0.8538461538461538 1043.8936477564623 19.54111791862701 135
0.8245614035087719 0.15789473684210525 0.017543859649122806 0.8256880733944955 0.1559633027522936 0.01834862385321101 0.8807339449541285 1067.9739166347183 22.868216748593785 114
0.7661290322580645 0.1935483870967742 0.04032258064516129 0.7563025210084033 0.20168067226890757 0.04201680672268908 0.957983193277311 946.7405807120062 20.463529092859964 124
0.9396551724137931 0.0603448275862069 0.0 0.9369369369369369 0.06306306306306306 0.0 0.8378378378378378 1086.3700727945154 21.414541548181255 116
0.8807339449541285 0.11009174311926606 0.009174311926605505 0.875 0.11538461538461539 0.009615384615384616 0.8173076923076923 1049.9768351271841 21.647830904088604 109
0.8953488372093024 0.09302325581395349 0.011627906976744186 0.8888888888888888 0.09876543209876543 0.012345679012345678 0.6296296296296297 1051.2860112430656 20.64125773532363 86
0.9420289855072463 0.057971014492753624 0.0 0.9398496240601504 0.06015037593984962 0.0 0.9398496240601504 1059.7403505027894 20.71935107081578 138
0.7322834645669292 0.2204724409448819 0.047244094488188976 0.7213114754098361 0.22950819672131148 0.04918032786885246 0.8114754098360656 1087.0417900916923 20.33783916941089 127
0.8556701030927835 0.13402061855670103 0.010309278350515464 0.8478260869565217 0.14130434782608695 0.010869565217391304 0.9891304347826086 1024.1719217137884 23.6270305639391 97
0.8428571428571429 0.1357142857142857 0.02142857142857143 0.837037037037037 0.14074074074074075 0.022222222222222223 1.0 1052.9524372658534 21.175009958523468 140
0.8869565217391304 0.11304347826086956 0.0 0.8818181818181818 0.11818181818181818 0.0 0.9 1085.8148017803783 23.17450293674984 115
0.8769230769230769 0.11538461538461539 0.007692307692307693 0.872 0.12 0.008 0.712 1059.20774878639 21.33546365838326 130
0.9016393442622951 0.09016393442622951 0.00819672131147541 0.905982905982906 0.08547008547008547 0.008547008547008548 0.8461538461538461 993.1645457669291 20.41372804261049 122
0.8507462686567164 0.14925373134328357 0.0 0.8449612403100775 0.15503875968992248 0.0 0.9302325581395349 1059.7904832172837 20.577449623227842 134
0.9183673469387755 0.08163265306122448 0.0 0.9139784946236559 0.08602150537634409 0.0 0.6881720430107527 1086.647143332771 22.107917545317182 98
0.9166666666666666 0.08333333333333333 0.0 0.9133858267716536 0.08661417322834646 0.0 0.7086614173228346 1086.8699868275667 19.97571307145828 132
0.8813559322033898 0.11864406779661017 0.0 0.8761061946902655 0.12389380530973451 0.0 0.8849557522123894 990.3127280853605 20.73239798727227 118
0.851063829787234 0.14893617021276595 0.0 0.8455882352941176 0.15441176470588236 0.0 0.7132352941176471 1087.239733929821 20.42055925441481 141
0.8411214953271028 0.1588785046728972 0.0 0.8333333333333334 0.16666666666666666 0.0 0.7745098039215687 1058.3719681213674 22.707308287904997 107
0.8620689655172413 0.13793103448275862 0.0 0.8536585365853658 0.14634146341463414 0.0 0.9024390243902439 993.9737080696277 25.350952796772503 87
0.8849557522123894 0.10619469026548672 0.008849557522123894 0.8796296296296297 0.1111111111111111 0.009259259259259259 0.9722222222222222 1000.7234767322076 22.361337862599388 113
0.9130434782608695 0.0782608695652174 0.008695652173913044 0.9090909090909091 0.08181818181818182 0.00909090909090909 0.7545454545454545 1054.4508894608314 22.87800628288705 115
0.7054263565891473 0.26356589147286824 0.031007751937984496 0.6935483870967742 0.27419354838709675 0.03225806451612903 0.9758064516129032 1086.0633709218696 21.12694300114656 129
0.85 0.1375 0.0125 0.84 0.14666666666666667 0.013333333333333334 0.84 1026.8934596892325 23.56290544334504 80
0.65 0.2642857142857143 0.08571428571428572 0.6370370370370371 0.2740740740740741 0.08888888888888889 0.8888888888888888 1053.3152082280155 20.301547816741348 140
0.9022556390977443 0.09774436090225563 0.0 0.8984375 0.1015625 0.0 0.7265625 1073.1758544604334 19.852085762348704 133
0.9133858267716536 0.08661417322834646 0.0 0.9098360655737705 0.09016393442622951 0.0 0.7459016393442623 1052.9519604835841 22.437900008470844 127
0.86 0.14 0.0 0.8631578947368421 0.1368421052631579 0.0 0.9368421052631579 1077.3292786595998 23.851291566014712 100
0.8888888888888888 0.1111111111111111 0.0 0.8846153846153846 0.11538461538461539 0.0 0.8692307692307693 1070.8744663341943 21.346173967755924 135
0.9142857142857143 0.08571428571428572 0.0 0.91 0.09 0.0 0.8 1079.9361752350255 22.04267426705704 105
0.9552238805970149 0.04477611940298507 0.0 0.9534883720930233 0.046511627906976744 0.0 0.7131782945736435 1087.143273178763 20.016120731908444 134
0.904 0.096 0.0 0.9083333333333333 0.09166666666666666 0.0 0.9 1038.5464710729286 21.40679173967576 125
0.9444444444444444 0.05555555555555555 0.0 0.941747572815534 0.05825242718446602 0.0 0.8058252427184466 1048.4693823208195 22.154072288108623 108
0.8762886597938144 0.12371134020618557 0.0 0.8695652173913043 0.13043478260869565 0.0 0.8695652173913043 1061.6884759670527 22.429290755611873 97
0.8870967741935484 0.11290322580645161 0.0 0.8823529411764706 0.11764705882352941 0.0 0.8907563025210085 1044.8398553951413 21.097743572997913 124
0.8230088495575221 0.1592920353982301 0.017699115044247787 0.8148148148148148 0.16666666666666666 0.018518518518518517 0.8703703703703703 1050.618462902786 21.54064483872495 113
0.8389830508474576 0.16101694915254236 0.0 0.831858407079646 0.168141592920354 0.0 0.831858407079646 1054.7885245526 21.970144563961885 118
0.85 0.15 0.0 0.8434782608695652 0.1565217391304348 0.0 0.8260869565217391 1077.0357855973712 22.772040697089448 120
0.8817204301075269 0.10752688172043011 0.010752688172043012 0.875 0.11363636363636363 0.011363636363636364 0.8636363636363636 1040.01323796832 23.4605484089712 93
0.8956521739130435 0.10434782608695652 0.0 0.8909090909090909 0.10909090909090909 0.0 0.4636363636363636 1087.2732127314653 20.32695330305024 115
0.7961165048543689 0.17475728155339806 0.02912621359223301 0.7857142857142857 0.1836734693877551 0.030612244897959183 0.8571428571428571 1008.2713632261048 21.023710156811617 103
0.9466666666666667 0.05333333333333334 0.0 0.9428571428571428 0.05714285714285714 0.0 0.9285714285714286 1049.092949325585 24.679445502663032 75
0.819047619047619 0.18095238095238095 0.0 0.81 0.19 0.0 0.73 1087.419240412807 22.633920825794647 105
0.9098360655737705 0.07377049180327869 0.01639344262295082 0.905982905982906 0.07692307692307693 0.017094017094017096 0.8290598290598291 1053.1072706415384 22.574634403423605 122
0.9012345679012346 0.09876543209876543 0.0 0.8947368421052632 0.10526315789473684 0.0 0.9736842105263158 1072.8531308850418 25.396940516304003 81
0.8660714285714286 0.13392857142857142 0.0 0.8598130841121495 0.14018691588785046 0.0 0.719626168224299 1087.434244917332 21.903588809945038 112
0.6842105263157895 0.25263157894736843 0.06315789473684211 0.6777777777777778 0.25555555555555554 0.06666666666666667 0.9666666666666667 1022.3073266796747 23.5777250889033 95
0.9821428571428571 0.017857142857142856 0.0 0.9803921568627451 0.0196078431372549 0.0 1.0 1001.7194093119083 25.39336928675943 56
0.8547008547008547 0.1452991452991453 0.0 0.8482142857142857 0.15178571428571427 0.0 0.7678571428571429 1073.397099152089 22.26002086958712 117
0.896 0.104 0.0 0.8916666666666667 0.10833333333333334 0.0 0.6083333333333333 1079.942668695866 20.884068356918146 125
0.9016393442622951 0.09836065573770492 0.0 0.8974358974358975 0.10256410256410256 0.0 0.717948717948718 1053.0609904350513 20.1121544976595 122
0.7549019607843137 0.22549019607843138 0.0196078431372549 0.7422680412371134 0.23711340206185566 0.020618556701030927 0.9484536082474226 1079.9513303689557 22.985999984217234 102
0.8979591836734694 0.10204081632653061 0.0 0.8924731182795699 0.10752688172043011 0.0 0.7956989247311828 1076.0570124654803 22.940089590476205 98
0.888 0.112 0.0 0.8833333333333333 0.11666666666666667 0.0 0.7333333333333333 1086.3377125299044 20.458683581996773 125
0.8673469387755102 0.12244897959183673 0.01020408163265306 0.8602150537634409 0.12903225806451613 0.010752688172043012 0.978494623655914 1042.6212506123732 24.504897647998863 98
0.9225352112676056 0.07746478873239436 0.0 0.9197080291970803 0.08029197080291971 0.0 0.8175182481751825 1079.918465713013 20.306365163868467 142
0.8412698412698413 0.15873015873015872 0.0 0.8347107438016529 0.1652892561983471 0.0 0.768595041322314 1086.9077712959006 19.720905762398125 126
0.904 0.096 0.0 0.9 0.1 0.0 0.8 1087.0753850711399 19.60992995386801 125
0.8363636363636363 0.16363636363636364 0.0 0.8285714285714286 0.17142857142857143 0.0 0.9333333333333333 1085.7752797608923 21.58351553808126 110
0.8691588785046729 0.1308411214953271 0.0 0.8627450980392157 0.13725490196078433 0.0 0.8529411764705882 1068.86295353243 23.40290670537337 107
0.9175257731958762 0.08247422680412371 0.0 0.9130434782608695 0.08695652173913043 0.0 0.8804347826086957 1068.7135498311727 22.945478175944892 97
0.823170731707317 0.17073170731707318 0.006097560975609756 0.8176100628930818 0.1761006289308176 0.006289308176100629 0.8113207547169812 1087.408267612558 19.60815736597659 164
0.8658536585365854 0.13414634146341464 0.0 0.8571428571428571 0.14285714285714285 0.0 0.974025974025974 1022.4333040055304 25.797972618533638 82
0.8429752066115702 0.1487603305785124 0.008264462809917356 0.8362068965517241 0.15517241379310345 0.008620689655172414 0.9396551724137931 1029.6402889538429 21.888553125956808 121
0.9357798165137615 0.06422018348623854 0.0 0.9326923076923077 0.0673076923076923 0.0 0.6826923076923077 1070.3291203448846 20.57602124190556 109
0.9464285714285714 0.05357142857142857 0.0 0.9439252336448598 0.056074766355140186 0.0 0.794392523364486 1086.8343848797863 21.34802515503093 112
0.8791208791208791 0.12087912087912088 0.0 0.872093023255814 0.12790697674418605 0.0 1.0 1062.7222267184522 25.371314590953517 91
0.8814814814814815 0.11851851851851852 0.0 0.8769230769230769 0.12307692307692308 0.0 0.7307692307692307 1087.3459168115292 20.91359888914826 135
0.8909090909090909 0.1 0.00909090909090909 0.8857142857142857 0.10476190476190476 0.009523809523809525 0.9523809523809523 1069.4180769371544 23.598909123076815 110
0.8387096774193549 0.16129032258064516 0.0 0.8487394957983193 0.15126050420168066 0.0 0.9159663865546218 1087.0890102610585 21.788144112373455 124
0.8557692307692307 0.14423076923076922 0.0 0.8484848484848485 0.15151515151515152 0.0 0.898989898989899 1055.671036239491 22.058134659926075 104
0.8508771929824561 0.14035087719298245 0.008771929824561403 0.8440366972477065 0.14678899082568808 0.009174311926605505 0.7247706422018348 1087.1338747613972 23.84538749232281 114
0.8839285714285714 0.11607142857142858 0.0 0.8785046728971962 0.12149532710280374 0.0 0.9345794392523364 1086.2878096606569 22.310871028653384 112
0.923728813559322 0.07627118644067797 0.0 0.9203539823008849 0.07964601769911504 0.0 0.8672566371681416 1086.669479641363 21.32471273190782 118
0.9212121212121213 0.07878787878787878 0.0 0.91875 0.08125 0.0 0.83125 1087.4171325088628 20.637630735294696 165
0.8888888888888888 0.1111111111111111 0.0 0.8839285714285714 0.11607142857142858 0.0 0.8482142857142857 1047.8825487885165 20.49725479715769 117
0.8823529411764706 0.11764705882352941 0.0 0.8771929824561403 0.12280701754385964 0.0 0.7368421052631579 1051.1925718367913 21.63366169804647 119
0.9122807017543859 0.08771929824561403 0.0 0.908256880733945 0.09174311926605505 0.0 0.7706422018348624 1087.4693001261057 23.45983520716712 114
0.7557251908396947 0.22137404580152673 0.022900763358778626 0.746031746031746 0.23015873015873015 0.023809523809523808 0.9365079365079365 1068.1708274449843 20.75602228232231 131
0.925531914893617 0.07446808510638298 0.0 0.9213483146067416 0.07865168539325842 0.0 1.0 1007.6638796759858 22.432032491906888 94
0.8976377952755905 0.10236220472440945 0.0 0.8934426229508197 0.10655737704918032 0.0 0.8852459016393442 950.7699365795258 19.5172921487161 127
0.875 0.125 0.0 0.8686868686868687 0.13131313131313133 0.0 0.6161616161616161 981.3405368649492 20.053110369801416 104
0.8090909090909091 0.18181818181818182 0.00909090909090909 0.8 0.19047619047619047 0.009523809523809525 0.8 1020.6735800358829 21.860108034436397 110
0.9401709401709402 0.05982905982905983 0.0 0.9375 0.0625 0.0 0.6696428571428571 1066.5695217303332 21.334095821129516 117
0.9113924050632911 0.08860759493670886 0.0 0.9054054054054054 0.0945945945945946 0.0 0.8783783783783784 1075.9325124616637 24.33888912250972 79
0.8 0.19130434782608696 0.008695652173913044 0.8 0.19090909090909092 0.00909090909090909 0.7363636363636363 1064.0176357031928 21.87662453262262 115
0.875 0.125 0.0 0.8695652173913043 0.13043478260869565 0.0 0.8173913043478261 1039.8547606386 21.240330630554517 120
0.8951612903225806 0.10483870967741936 0.0 0.8907563025210085 0.1092436974789916 0.0 0.7142857142857143 1032.484319069664 20.125004519406716 124
0.8305084745762712 0.16101694915254236 0.00847457627118644 0.8230088495575221 0.168141592920354 0.008849557522123894 0.8053097345132744 1071.805523354185 21.076559242118403 118
0.8131868131868132 0.17582417582417584 0.01098901098901099 0.8023255813953488 0.18604651162790697 0.011627906976744186 0.872093023255814 1087.3151413402045 22.780269986003066 91
0.8709677419354839 0.12096774193548387 0.008064516129032258 0.8739495798319328 0.11764705882352941 0.008403361344537815 0.7058823529411765 1087.2980612887777 19.289293157170807 124
0.7899159663865546 0.19327731092436976 0.01680672268907563 0.7894736842105263 0.19298245614035087 0.017543859649122806 0.956140350877193 1051.2808351793606 21.640303303588308 119
0.8484848484848485 0.13636363636363635 0.015151515151515152 0.84251968503937 0.14173228346456693 0.015748031496062992 0.7244094488188977 1086.4021643382437 21.21129714604471 132
0.8504672897196262 0.1308411214953271 0.018691588785046728 0.8431372549019608 0.13725490196078433 0.0196078431372549 1.0 1056.237402332987 24.100821993894794 107
0.8991596638655462 0.10084033613445378 0.0 0.8947368421052632 0.10526315789473684 0.0 0.8421052631578947 1065.1708999507193 21.135281526441272 119
0.8088235294117647 0.18382352941176472 0.007352941176470588 0.8015267175572519 0.19083969465648856 0.007633587786259542 0.7633587786259542 1081.6879008268127 21.422087997007896 136
0.8092105263157895 0.18421052631578946 0.006578947368421052 0.8095238095238095 0.1836734693877551 0.006802721088435374 0.8571428571428571 1029.4458645790858 19.325224011582513 152
0.935064935064935 0.06493506493506493 0.0 0.9395973154362416 0.06040268456375839 0.0 0.7114093959731543 1087.0040949849194 19.32443429785416 154
0.7619047619047619 0.20238095238095238 0.03571428571428571 0.759493670886076 0.21518987341772153 0.02531645569620253 0.759493670886076 1050.4547562824068 24.365383227905664 84
0.8818897637795275 0.11811023622047244 0.0 0.8770491803278688 0.12295081967213115 0.0 0.680327868852459 1086.509077294505 19.614533837023135 127
0.8055555555555556 0.18518518518518517 0.009259259259259259 0.7961165048543689 0.1941747572815534 0.009708737864077669 0.8155339805825242 1056.0052691231485 21.16720949807445 108
0.8944099378881988 0.10559006211180125 0.0 0.8910256410256411 0.10897435897435898 0.0 0.7948717948717948 1085.472189913438 21.031747255576377 161
0.89375 0.10625 0.0 0.8903225806451613 0.10967741935483871 0.0 0.7741935483870968 1086.6531042374882 19.59184087039376 160
0.890625 0.109375 0.0 0.8861788617886179 0.11382113821138211 0.0 0.959349593495935 1031.4468681765584 20.175631032148136 128
0.8761904761904762 0.11428571428571428 0.009523809523809525 0.88 0.11 0.01 0.95 1042.7330116547464 22.253632319617914 105
0.9294871794871795 0.07051282051282051 0.0 0.9271523178807947 0.0728476821192053 0.0 0.7483443708609272 1071.822523750448 18.987252454971898 156
0.816793893129771 0.183206106870229 0.0 0.8095238095238095 0.19047619047619047 0.0 0.7698412698412699 1084.9401954163666 22.155607511473125 131
0.8591549295774648 0.14084507042253522 0.0 0.8540145985401459 0.145985401459854 0.0 0.781021897810219 1087.060279521337 21.09669552402001 142
0.923728813559322 0.07627118644067797 0.0 0.9203539823008849 0.07964601769911504 0.0 0.7610619469026548 1087.15924750887 20.55687523664912 118
0.9375 0.0625 0.0 0.9340659340659341 0.06593406593406594 0.0 0.8241758241758241 1057.434008297131 21.90112044030113 96
0.8384615384615385 0.13076923076923078 0.03076923076923077 0.832 0.136 0.032 0.832 1011.2617345610203 20.86584680050191 130
0.9382716049382716 0.06172839506172839 0.0 0.9342105263157895 0.06578947368421052 0.0 0.9736842105263158 1042.3180152842776 23.409842879167453 81
0.8613138686131386 0.1386861313868613 0.0 0.8560606060606061 0.14393939393939395 0.0 0.8257575757575758 1087.1329367198314 20.516070878620894 137
0.8322147651006712 0.16778523489932887 0.0 0.8333333333333334 0.16666666666666666 0.0 0.7847222222222222 1069.6384903692856 19.512220128018082 149
0.8035714285714286 0.19642857142857142 0.0 0.794392523364486 0.205607476635514 0.0 0.8130841121495327 980.6261691257845 22.038986468488293 112
0.8931297709923665 0.10687022900763359 0.0 0.8888888888888888 0.1111111111111111 0.0 0.7222222222222222 1085.969387518313 20.551783998232864 131
0.9339622641509434 0.0660377358490566 0.0 0.9306930693069307 0.06930693069306931 0.0 0.8217821782178217 1054.2664535043812 21.07982213552436 106
0.8936170212765957 0.10638297872340426 0.0 0.8876404494382022 0.11235955056179775 0.0 0.9213483146067416 1047.3084088012508 24.382567982633656 94
0.8931297709923665 0.10687022900763359 0.0 0.8888888888888888 0.1111111111111111 0.0 0.7698412698412699 1059.0945719297006 21.28605884402409 131
0.782608695652174 0.16304347826086957 0.05434782608695652 0.7701149425287356 0.1724137931034483 0.05747126436781609 0.9310344827586207 1057.5849764528825 23.137243275148144 92
0.8415841584158416 0.15841584158415842 0.0 0.8333333333333334 0.16666666666666666 0.0 0.8333333333333334 1066.5989836220651 22.881727535201673 101
0.822429906542056 0.17757009345794392 0.0 0.8235294117647058 0.17647058823529413 0.0 0.8137254901960784 1036.3191647943331 20.38557929558621 107
0.856 0.144 0.0 0.85 0.15 0.0 0.7416666666666667 1068.3486191117122 20.314110125291457 125
0.8091603053435115 0.17557251908396945 0.015267175572519083 0.8015873015873016 0.18253968253968253 0.015873015873015872 0.7619047619047619 1083.686962720697 21.209643682687734 131
0.9090909090909091 0.09090909090909091 0.0 0.9042553191489362 0.09574468085106383 0.0 0.7446808510638298 1082.2218703031774 20.23680097290189 99
0.8976377952755905 0.10236220472440945 0.0 0.8934426229508197 0.10655737704918032 0.0 0.7868852459016393 1043.8812793666768 22.240007586335032 127
0.9256198347107438 0.06611570247933884 0.008264462809917356 0.9224137931034483 0.06896551724137931 0.008620689655172414 0.8448275862068966 1087.3868654695177 22.583947360104727 121
0.8888888888888888 0.1111111111111111 0.0 0.883495145631068 0.11650485436893204 0.0 0.6699029126213593 1060.5670256788262 22.742749787692237 108
0.875 0.125 0.0 0.8686868686868687 0.13131313131313133 0.0 0.8686868686868687 982.7436785314429 22.002684031528773 104
0.801980198019802 0.1782178217821782 0.019801980198019802 0.7916666666666666 0.1875 0.020833333333333332 0.96875 1039.1758070829017 21.62781855454828 101
0.8865248226950354 0.11347517730496454 0.0 0.8823529411764706 0.11764705882352941 0.0 0.7132352941176471 1049.536952163382 20.271751230217866 141
0.723404255319149 0.19148936170212766 0.0851063829787234 0.7078651685393258 0.20224719101123595 0.0898876404494382 0.6853932584269663 1040.5691731917395 24.257508317879285 94
0.9078947368421053 0.09210526315789473 0.0 0.9047619047619048 0.09523809523809523 0.0 0.7619047619047619 1085.6271211445296 19.504210026820775 152
0.7777777777777778 0.19444444444444445 0.027777777777777776 0.7669902912621359 0.20388349514563106 0.02912621359223301 1.0 1055.5648052581732 22.314238752184764 108
0.8829787234042553 0.10638297872340426 0.010638297872340425 0.8764044943820225 0.11235955056179775 0.011235955056179775 0.6629213483146067 938.9891826025137 20.557478720433096 94
0.9682539682539683 0.031746031746031744 0.0 0.9669421487603306 0.03305785123966942 0.0 0.7355371900826446 1049.638235721078 21.180601193159603 126
0.8947368421052632 0.09473684210526316 0.010526315789473684 0.8888888888888888 0.1 0.011111111111111112 0.9444444444444444 1053.9739794170464 22.092881861729385 95
0.6153846153846154 0.23931623931623933 0.1452991452991453 0.6071428571428571 0.24107142857142858 0.15178571428571427 0.9910714285714286 1054.3311404819824 22.052182247536283 117
0.8181818181818182 0.18181818181818182 0.0 0.8110236220472441 0.1889763779527559 0.0 0.8503937007874016 1066.7307029330686 21.25423511536564 132
0.78 0.17 0.05 0.7684210526315789 0.17894736842105263 0.05263157894736842 0.7473684210526316 1064.4422617592288 22.32799449932127 100
0.8174603174603174 0.16666666666666666 0.015873015873015872 0.8099173553719008 0.17355371900826447 0.01652892561983471 0.8016528925619835 1035.766736331944 20.60409035932223 126
0.7830188679245284 0.19811320754716982 0.018867924528301886 0.7722772277227723 0.2079207920792079 0.019801980198019802 0.7326732673267327 1087.3202658369448 21.400012055111706 106
0.8175182481751825 0.17518248175182483 0.0072992700729927005 0.8106060606060606 0.18181818181818182 0.007575757575757576 0.75 1087.3361371506178 20.677563742559936 137
0.8357142857142857 0.16428571428571428 0.0 0.837037037037037 0.16296296296296298 0.0 0.7333333333333333 1087.375714815775 19.641656696494675 140
0.8828125 0.1171875 0.0 0.8780487804878049 0.12195121951219512 0.0 0.8780487804878049 1086.170129046725 22.42812805183962 128
0.9393939393939394 0.06060606060606061 0.0 0.937007874015748 0.06299212598425197 0.0 0.7086614173228346 1081.1097676745326 20.740629785866698 132
0.87 0.11 0.02 0.8736842105263158 0.10526315789473684 0.021052631578947368 0.9578947368421052 1084.5445580305013 23.670263980201508 100
0.8727272727272727 0.11818181818181818 0.00909090909090909 0.8761904761904762 0.11428571428571428 0.009523809523809525 0.8761904761904762 1053.6885889476937 23.01829636590932 110
0.8877551020408163 0.11224489795918367 0.0 0.8924731182795699 0.10752688172043011 0.0 0.8387096774193549 1077.3255213322134 21.298693795433547 98
0.8672566371681416 0.13274336283185842 0.0 0.8611111111111112 0.1388888888888889 0.0 0.6203703703703703 1086.8662906028885 22.3449884302667 113
0.9166666666666666 0.08333333333333333 0.0 0.9130434782608695 0.08695652173913043 0.0 0.5826086956521739 1076.733597088799 20.231870377947924 120
0.8461538461538461 0.15384615384615385 0.0 0.8482142857142857 0.15178571428571427 0.0 0.7142857142857143 1087.4279645470285 21.58848609541293 117
0.8514851485148515 0.12871287128712872 0.019801980198019802 0.84375 0.13541666666666666 0.020833333333333332 1.0 1019.5040969917352 23.94248570392278 101
0.9047619047619048 0.08333333333333333 0.011904761904761904 0.8987341772151899 0.08860759493670886 0.012658227848101266 0.9240506329113924 1076.5682343991216 23.286231290372665 84
0.7226890756302521 0.20168067226890757 0.07563025210084033 0.7105263157894737 0.21052631578947367 0.07894736842105263 0.7368421052631579 1076.482042090176 21.31296175631084 119
0.8591549295774648 0.14084507042253522 0.0 0.8540145985401459 0.145985401459854 0.0 0.8102189781021898 1039.1373577933825 20.943723474459166 142
0.9313725490196079 0.06862745098039216 0.0 0.9278350515463918 0.07216494845360824 0.0 0.845360824742268 1085.581532089577 20.609041519426246 102
0.898989898989899 0.10101010101010101 0.0 0.8936170212765957 0.10638297872340426 0.0 0.8404255319148937 1013.6201236148909 22.907369162189518 99
0.8521739130434782 0.13043478260869565 0.017391304347826087 0.8454545454545455 0.13636363636363635 0.01818181818181818 0.9818181818181818 950.8935286804497 21.76122517341323 115
0.75 0.20238095238095238 0.047619047619047616 0.7468354430379747 0.20253164556962025 0.05063291139240506 0.9620253164556962 1036.5141201647664 22.684822986403553 84
0.9058823529411765 0.058823529411764705 0.03529411764705882 0.9 0.0625 0.0375 0.6875 1086.602697419466 24.916151748353077 85
0.8431372549019608 0.1568627450980392 0.0 0.8350515463917526 0.16494845360824742 0.0 0.8144329896907216 1087.3524940513316 22.330911342046484 102
0.8789808917197452 0.12101910828025478 0.0 0.875 0.125 0.0 0.8223684210526315 1064.546914429946 20.747021122694235 157
0.8584905660377359 0.14150943396226415 0.0 0.8613861386138614 0.13861386138613863 0.0 0.9504950495049505 1084.9625361652006 21.627125334541 106
0.8409090909090909 0.1590909090909091 0.0 0.8313253012048193 0.1686746987951807 0.0 0.6626506024096386 1087.066953806458 20.815174921005354 88
0.8803418803418803 0.11965811965811966 0.0 0.875 0.125 0.0 0.7142857142857143 1077.8434377513267 21.49807154136294 117
0.8660714285714286 0.11607142857142858 0.017857142857142856 0.8598130841121495 0.12149532710280374 0.018691588785046728 0.8317757009345794 1062.6579347352044 22.126817188150877 112
0.8048780487804879 0.17886178861788618 0.016260162601626018 0.8050847457627118 0.17796610169491525 0.01694915254237288 0.9152542372881356 1048.7603471343664 20.934518630003783 123
0.9285714285714286 0.07142857142857142 0.0 0.9256198347107438 0.0743801652892562 0.0 0.71900826446281 1082.277798527187 21.40245442510333 126
0.8181818181818182 0.17272727272727273 0.00909090909090909 0.8095238095238095 0.18095238095238095 0.009523809523809525 0.8952380952380953 1047.948119940169 22.528788832780442 110
0.8527131782945736 0.14728682170542637 0.0 0.8467741935483871 0.1532258064516129 0.0 0.9354838709677419 966.5434063373217 20.713230639343493 129
0.8425925925925926 0.14814814814814814 0.009259259259259259 0.8349514563106796 0.1553398058252427 0.009708737864077669 1.0 1068.900430889764 23.568469646128534 108
0.7899159663865546 0.21008403361344538 0.0 0.7894736842105263 0.21052631578947367 0.0 0.9649122807017544 1063.9802875238636 22.919524176490608 119
0.8120300751879699 0.18796992481203006 0.0 0.8046875 0.1953125 0.0 0.859375 1087.380737331215 22.62408200664105 133
0.9035087719298246 0.09649122807017543 0.0 0.8990825688073395 0.10091743119266056 0.0 0.7706422018348624 1044.7783503254304 21.738202198482863 114
0.8582089552238806 0.1417910447761194 0.0 0.8527131782945736 0.14728682170542637 0.0 0.7596899224806202 1087.4691322219546 19.830639291571327 134
0.8947368421052632 0.10526315789473684 0.0 0.8899082568807339 0.11009174311926606 0.0 0.6788990825688074 1087.346828052108 20.893456328179244 114
0.8768115942028986 0.12318840579710146 0.0 0.8721804511278195 0.12781954887218044 0.0 0.7819548872180451 1080.8441347222404 20.22669715689239 138
0.9157894736842105 0.08421052631578947 0.0 0.9111111111111111 0.08888888888888889 0.0 0.8333333333333334 1085.4170757635798 22.10037244774144 95
0.8760330578512396 0.12396694214876033 0.0 0.8706896551724138 0.12931034482758622 0.0 0.7586206896551724 1087.2571041768272 21.00541891677581 121
0.8888888888888888 0.1111111111111111 0.0 0.881578947368421 0.11842105263157894 0.0 0.9736842105263158 1041.7499256446586 24.03706632147098 81
0.9223300970873787 0.05825242718446602 0.019417475728155338 0.9183673469387755 0.061224489795918366 0.02040816326530612 0.7857142857142857 1047.17181276204 21.24976788502274 103
0.8142857142857143 0.16428571428571428 0.02142857142857143 0.8074074074074075 0.17037037037037037 0.022222222222222223 0.8074074074074075 1084.5306821400243 21.018064729266314 140
0.8920863309352518 0.1079136690647482 0.0 0.8880597014925373 0.11194029850746269 0.0 0.6940298507462687 1081.6672714722151 21.2125701344337 139
0.8389830508474576 0.16101694915254236 0.0 0.831858407079646 0.168141592920354 0.0 0.7699115044247787 1087.3541461717712 22.08000611672351 118
0.9279279279279279 0.07207207207207207 0.0 0.9245283018867925 0.07547169811320754 0.0 0.7358490566037735 1075.7699829215574 22.076763826741313 111
0.9 0.1 0.0 0.8941176470588236 0.10588235294117647 0.0 0.6823529411764706 1063.7250879158748 22.509785367746325 90
0.926605504587156 0.07339449541284404 0.0 0.9230769230769231 0.07692307692307693 0.0 0.8461538461538461 1078.7257612657968 22.601373805829546 109
0.8240740740740741 0.14814814814814814 0.027777777777777776 0.8155339805825242 0.1553398058252427 0.02912621359223301 1.0 1045.442157798147 24.25234366903728 108
0.6712328767123288 0.2671232876712329 0.06164383561643835 0.6595744680851063 0.2765957446808511 0.06382978723404255 0.723404255319149 1054.6412202084578 20.570237439438582 146
0.875 0.125 0.0 0.8707482993197279 0.1292517006802721 0.0 0.7142857142857143 1087.3298817023033 19.486543952659957 152
0.9065420560747663 0.09345794392523364 0.0 0.9019607843137255 0.09803921568627451 0.0 0.803921568627451 1086.0648011090777 21.468907535838206 107
0.8842975206611571 0.09917355371900827 0.01652892561983471 0.8793103448275862 0.10344827586206896 0.017241379310344827 0.9224137931034483 1080.992895994702 22.026196440798174 121
0.7983870967741935 0.18548387096774194 0.016129032258064516 0.7899159663865546 0.19327731092436976 0.01680672268907563 1.0 1015.8751703105074 21.56723075430883 124
0.9041095890410958 0.0958904109589041 0.0 0.8970588235294118 0.10294117647058823 0.0 1.0 1073.6462323609824 24.62435983630056 73
0.954954954954955 0.04504504504504504 0.0 0.9528301886792453 0.04716981132075472 0.0 1.0 1017.090974861013 21.0197168631004 111
0.8695652173913043 0.13043478260869565 0.0 0.8636363636363636 0.13636363636363635 0.0 0.7727272727272727 1072.6904860134257 21.968512806586464 115
0.8928571428571429 0.10714285714285714 0.0 0.8878504672897196 0.11214953271028037 0.0 0.7476635514018691 1054.6518432742653 20.595483012210057 112
0.9186046511627907 0.08139534883720931 0.0 0.9135802469135802 0.08641975308641975 0.0 1.0 1057.4455092516785 23.366590474116542 86
0.8854166666666666 0.11458333333333333 0.0 0.8791208791208791 0.12087912087912088 0.0 0.8021978021978022 1069.5383524930005 22.009870335191767 96
0.8928571428571429 0.09821428571428571 0.008928571428571428 0.8878504672897196 0.102803738317757 0.009345794392523364 0.897196261682243 1052.675509424207 21.56532463994379 112
0.898989898989899 0.10101010101010101 0.0 0.8936170212765957 0.10638297872340426 0.0 0.9787234042553191 1085.810121017026 22.675979794868937 99
0.8666666666666667 0.12222222222222222 0.011111111111111112 0.8588235294117647 0.12941176470588237 0.011764705882352941 0.9058823529411765 1061.000724257127 24.30498451736115 90
0.8135593220338984 0.1864406779661017 0.0 0.8141592920353983 0.18584070796460178 0.0 0.8053097345132744 1087.010844365016 21.216253175853208 118
0.8141592920353983 0.18584070796460178 0.0 0.8148148148148148 0.18518518518518517 0.0 0.8148148148148148 1078.8107100802774 21.59288738162409 113
0.853448275862069 0.14655172413793102 0.0 0.8558558558558559 0.14414414414414414 0.0 0.6846846846846847 1069.8338647403093 19.851988627085166 116
0.8771929824561403 0.12280701754385964 0.0 0.8715596330275229 0.12844036697247707 0.0 0.9541284403669725 1086.482444673433 22.786692699031516 114
0.8375 0.1625 0.0 0.8266666666666667 0.17333333333333334 0.0 0.9466666666666667 995.1990943175003 24.321983363020927 80
0.8717948717948718 0.1282051282051282 0.0 0.8660714285714286 0.13392857142857142 0.0 0.8125 1087.480075198885 22.14189936972455 117
0.7910447761194029 0.208955223880597 0.0 0.7906976744186046 0.20930232558139536 0.0 0.7131782945736435 1086.7034543834036 21.624758730185814 134
0.875 0.11666666666666667 0.008333333333333333 0.8782608695652174 0.11304347826086956 0.008695652173913044 0.7565217391304347 1041.4043601747571 21.043632435723453 120
0.8518518518518519 0.14814814814814814 0.0 0.8543689320388349 0.14563106796116504 0.0 0.8058252427184466 1087.2908153223623 21.87855520779724 108
0.8257575757575758 0.16666666666666666 0.007575757575757576 0.8188976377952756 0.1732283464566929 0.007874015748031496 0.9763779527559056 1078.6135971224267 20.774564564712858 132
0.8990825688073395 0.10091743119266056 0.0 0.8942307692307693 0.10576923076923077 0.0 0.9423076923076923 1054.285083998413 21.918748485441203 109
0.9270833333333334 0.07291666666666667 0.0 0.9230769230769231 0.07692307692307693 0.0 1.0 1031.663607428853 24.74871609653818 96
0.75 0.2109375 0.0390625 0.7398373983739838 0.21951219512195122 0.04065040650406504 0.7886178861788617 1065.5540188405098 22.111532441228327 128
0.9126984126984127 0.0873015873015873 0.0 0.9090909090909091 0.09090909090909091 0.0 0.71900826446281 1072.995387288586 19.88628459530399 126
0.8571428571428571 0.14285714285714285 0.0 0.8512396694214877 0.1487603305785124 0.0 0.7933884297520661 1087.3556091323087 19.846637768448918 126
0.9758064516129032 0.024193548387096774 0.0 0.9747899159663865 0.025210084033613446 0.0 0.773109243697479 1032.7225199541742 19.691931892446302 124
0.8547008547008547 0.1452991452991453 0.0 0.8482142857142857 0.15178571428571427 0.0 0.7232142857142857 1087.468259926184 19.269499777921673 117
0.9325842696629213 0.06741573033707865 0.0 0.9285714285714286 0.07142857142857142 0.0 0.6428571428571429 1080.2320652873734 20.569586475633024 89
0.7954545454545454 0.18181818181818182 0.022727272727272728 0.7831325301204819 0.1927710843373494 0.024096385542168676 0.891566265060241 1017.2378781409152 23.866886463768363 88
0.9051724137931034 0.09482758620689655 0.0 0.9009009009009009 0.0990990990990991 0.0 0.7927927927927928 1042.835502156361 20.953671586926113 116
0.8769230769230769 0.12307692307692308 0.0 0.88 0.12 0.0 0.776 1048.229139912735 20.251121578700214 130
0.9351351351351351 0.05945945945945946 0.005405405405405406 0.9333333333333333 0.06111111111111111 0.005555555555555556 0.8833333333333333 1039.1991509331788 19.50476158903186 185
0.9415584415584416 0.05844155844155844 0.0 0.9395973154362416 0.06040268456375839 0.0 0.87248322147651 1081.6611824109527 20.131014778539058 154
0.9191919191919192 0.08080808080808081 0.0 0.9148936170212766 0.0851063829787234 0.0 0.8936170212765957 1066.0718170766745 22.88080626894402 99
0.8775510204081632 0.12244897959183673 0.0 0.8709677419354839 0.12903225806451613 0.0 0.989247311827957 1061.508739076018 22.214540862908706 98
0.7796610169491526 0.2033898305084746 0.01694915254237288 0.7699115044247787 0.21238938053097345 0.017699115044247787 0.7964601769911505 1075.5984619503988 22.495120280760368 118
0.8984375 0.1015625 0.0 0.8943089430894309 0.10569105691056911 0.0 0.8780487804878049 1085.4256589851575 20.55708632705503 128
0.9444444444444444 0.05555555555555555 0.0 0.9421487603305785 0.05785123966942149 0.0 0.8016528925619835 1048.2302008937293 21.014232512706982 126
0.8484848484848485 0.1414141414141414 0.010101010101010102 0.8404255319148937 0.14893617021276595 0.010638297872340425 0.8936170212765957 1053.5531177666583 24.477326967941472 99
0.9285714285714286 0.07142857142857142 0.0 0.9240506329113924 0.0759493670886076 0.0 0.9620253164556962 1079.8792638057598 23.287827356542376 84
0.7766990291262136 0.1941747572815534 0.02912621359223301 0.7653061224489796 0.20408163265306123 0.030612244897959183 0.7346938775510204 1023.7269509822618 22.518300744915262 103
0.941747572815534 0.05825242718446602 0.0 0.9387755102040817 0.061224489795918366 0.0 0.826530612244898 1029.0630505245203 21.113471417370867 103
0.8333333333333334 0.16666666666666666 0.0 0.8241758241758241 0.17582417582417584 0.0 0.6813186813186813 1058.7475516562008 22.96683645182533 96
0.8346456692913385 0.14960629921259844 0.015748031496062992 0.8278688524590164 0.1557377049180328 0.01639344262295082 0.8114754098360656 1067.5867873564432 21.26972335032899 127
0.75 0.2413793103448276 0.008620689655172414 0.7387387387387387 0.25225225225225223 0.009009009009009009 0.6756756756756757 1087.441562695387 21.634751861079103 116
0.84375 0.15625 0.0 0.8351648351648352 0.16483516483516483 0.0 0.989010989010989 1085.9437776120328 24.607542528400472 96
0.9324324324324325 0.06756756756756757 0.0 0.9370629370629371 0.06293706293706294 0.0 0.7132867132867133 1077.5592236495809 19.866193034860068 148
0.8235294117647058 0.16993464052287582 0.006535947712418301 0.8175675675675675 0.17567567567567569 0.006756756756756757 0.7162162162162162 1087.391914673121 20.128977277619683 153
0.8548387096774194 0.13709677419354838 0.008064516129032258 0.8571428571428571 0.13445378151260504 0.008403361344537815 0.7983193277310925 1046.1221973176066 19.835318874695787 124
0.865546218487395 0.12605042016806722 0.008403361344537815 0.8596491228070176 0.13157894736842105 0.008771929824561403 0.7368421052631579 1082.5983477777402 21.733281251735356 119
0.9495798319327731 0.04201680672268908 0.008403361344537815 0.9473684210526315 0.043859649122807015 0.008771929824561403 0.7982456140350878 1037.9250791070936 20.384434584239642 119
0.9027777777777778 0.09722222222222222 0.0 0.8955223880597015 0.1044776119402985 0.0 0.746268656716418 1042.4455739123837 22.538083462469153 72
0.9145299145299145 0.08547008547008547 0.0 0.9107142857142857 0.08928571428571429 0.0 0.8482142857142857 1063.1743945756884 22.010552413491947 117
0.808 0.192 0.0 0.8 0.2 0.0 0.6583333333333333 1087.469728331526 20.522701902670345 125
0.8545454545454545 0.13636363636363635 0.00909090909090909 0.8476190476190476 0.14285714285714285 0.009523809523809525 0.8380952380952381 1087.446963855776 20.78185633561446 110
0.8170731707317073 0.15853658536585366 0.024390243902439025 0.8051948051948052 0.16883116883116883 0.025974025974025976 0.8701298701298701 1073.6440162816616 24.041393575810346 82
0.8409090909090909 0.1590909090909091 0.0 0.8346456692913385 0.16535433070866143 0.0 0.7086614173228346 1055.9543145696787 21.81064479624458 132
0.8990825688073395 0.09174311926605505 0.009174311926605505 0.8942307692307693 0.09615384615384616 0.009615384615384616 0.75 961.5547134383221 20.86646820117028 109
0.6595744680851063 0.2695035460992908 0.07092198581560284 0.6470588235294118 0.27941176470588236 0.07352941176470588 0.9117647058823529 1082.8647963553494 21.03753128245524 141
0.9159663865546218 0.08403361344537816 0.0 0.9122807017543859 0.08771929824561403 0.0 0.9473684210526315 1077.767163513388 20.969311123583335 119
0.9 0.1 0.0 0.8941176470588236 0.10588235294117647 0.0 0.6470588235294118 1086.0224223682653 21.309136637337527 90
0.8076923076923077 0.19230769230769232 0.0 0.797979797979798 0.20202020202020202 0.0 0.8686868686868687 1039.1571810351932 20.644668069568517 104
0.8333333333333334 0.15625 0.010416666666666666 0.8241758241758241 0.16483516483516483 0.01098901098901099 0.7142857142857143 1074.645687587151 21.151829171969556 96
0.8351648351648352 0.16483516483516483 0.0 0.8255813953488372 0.1744186046511628 0.0 0.9069767441860465 1076.1209683105596 23.385050581275667 91
0.8 0.2 0.0 0.7888888888888889 0.2111111111111111 0.0 0.7444444444444445 1084.6955967527208 22.72010937388163 95
0.8495575221238938 0.13274336283185842 0.017699115044247787 0.8425925925925926 0.1388888888888889 0.018518518518518517 0.8333333333333334 1016.6781609727964 20.457896089537105 113
0.9159663865546218 0.08403361344537816 0.0 0.9122807017543859 0.08771929824561403 0.0 1.0 1070.304507455235 21.998775969865367 119
0.927536231884058 0.07246376811594203 0.0 0.921875 0.078125 0.0 0.984375 1059.4851977193277 23.957433832471615 69
0.8870967741935484 0.0967741935483871 0.016129032258064516 0.8823529411764706 0.10084033613445378 0.01680672268907563 0.9327731092436975 1073.4241638748808 21.93934821891961 124
0.8992248062015504 0.10077519379844961 0.0 0.8951612903225806 0.10483870967741936 0.0 0.6935483870967742 1087.0772620774665 20.528028925518605 129
0.8333333333333334 0.12222222222222222 0.044444444444444446 0.8235294117647058 0.12941176470588237 0.047058823529411764 0.9058823529411765 1008.81495618173 23.54669783906225 90
0.8333333333333334 0.16666666666666666 0.0 0.8267716535433071 0.1732283464566929 0.0 0.7637795275590551 1087.3444771809998 19.82221398746973 132
0.8813559322033898 0.11864406779661017 0.0 0.8761061946902655 0.12389380530973451 0.0 0.7699115044247787 1056.832110700546 21.978073647400745 118
0.8321167883211679 0.1386861313868613 0.029197080291970802 0.8409090909090909 0.13636363636363635 0.022727272727272728 0.6363636363636364 1085.540771168586 21.310526490497917 137
0.8859649122807017 0.11403508771929824 0.0 0.8807339449541285 0.11926605504587157 0.0 0.7247706422018348 1066.288926553964 20.001909608578327 114
0.8916666666666667 0.10833333333333334 0.0 0.8869565217391304 0.11304347826086956 0.0 0.8260869565217391 1086.9939889768527 21.380720504597452 120
0.9487179487179487 0.05128205128205128 0.0 0.9464285714285714 0.05357142857142857 0.0 0.8571428571428571 1080.7131692094133 19.798679594203872 117
0.6826923076923077 0.2403846153846154 0.07692307692307693 0.6767676767676768 0.25252525252525254 0.0707070707070707 0.8686868686868687 1065.668769828798 24.142403180950257 104
0.9080459770114943 0.08045977011494253 0.011494252873563218 0.9024390243902439 0.08536585365853659 0.012195121951219513 0.7682926829268293 1083.7808361383914 20.41037703894541 87
0.9142857142857143 0.08571428571428572 0.0 0.9076923076923077 0.09230769230769231 0.0 0.7846153846153846 972.223005246632 23.635915474839923 70
0.8559322033898306 0.1440677966101695 0.0 0.8495575221238938 0.1504424778761062 0.0 0.7787610619469026 1084.0427417971248 21.071568454451782 118
0.8625 0.1375 0.0 0.8533333333333334 0.14666666666666667 0.0 0.7466666666666667 995.3253280806634 22.4851105522182 80
0.8307692307692308 0.16923076923076924 0.0 0.824 0.176 0.0 0.768 1069.3900008764667 22.961391807660828 130
0.8467741935483871 0.13709677419354838 0.016129032258064516 0.8403361344537815 0.14285714285714285 0.01680672268907563 0.7563025210084033 1084.063971071931 20.44971569952916 124
0.8849557522123894 0.10619469026548672 0.008849557522123894 0.8796296296296297 0.1111111111111111 0.009259259259259259 0.9722222222222222 1041.4100102261584 22.27228509714304 113
0.9166666666666666 0.08333333333333333 0.0 0.912621359223301 0.08737864077669903 0.0 0.970873786407767 1080.0327663923338 21.418540240245154 108
0.8247422680412371 0.16494845360824742 0.010309278350515464 0.8152173913043478 0.17391304347826086 0.010869565217391304 0.9782608695652174 1047.0619419632985 25.967465951187517 97
0.8823529411764706 0.10784313725490197 0.00980392156862745 0.8762886597938144 0.1134020618556701 0.010309278350515464 0.8350515463917526 1031.811583949831 22.724562590106352 102
0.8367346938775511 0.1326530612244898 0.030612244897959183 0.8387096774193549 0.13978494623655913 0.021505376344086023 0.5376344086021505 1061.8705861783758 22.271495396169513 98
0.8804347826086957 0.11956521739130435 0.0 0.8850574712643678 0.11494252873563218 0.0 0.6206896551724138 1087.3654011454323 20.861109700248402 92
0.8095238095238095 0.19047619047619047 0.0 0.7974683544303798 0.20253164556962025 0.0 0.7468354430379747 1084.8590629449222 22.426099466448527 84
0.8761904761904762 0.12380952380952381 0.0 0.87 0.13 0.0 0.92 1072.0297674645117 23.12376142947885 105
0.9080459770114943 0.09195402298850575 0.0 0.9024390243902439 0.0975609756097561 0.0 0.975609756097561 943.1452511964587 21.688929868091023 87
0.9701492537313433 0.029850746268656716 0.0 0.967741935483871 0.03225806451612903 0.0 0.8064516129032258 1043.1450330592404 23.26377122126256 67
0.8461538461538461 0.13846153846153847 0.015384615384615385 0.848 0.136 0.016 0.872 1057.959368018261 21.664580436874054 130
0.8494623655913979 0.15053763440860216 0.0 0.8409090909090909 0.1590909090909091 0.0 1.0 1060.805272296171 26.73946405179998 93
0.8924731182795699 0.10752688172043011 0.0 0.8863636363636364 0.11363636363636363 0.0 0.9886363636363636 1040.0789489685992 22.72067348628773 93
0.7894736842105263 0.19548872180451127 0.015037593984962405 0.78125 0.203125 0.015625 0.8828125 1080.9693019485976 21.033396549456278 133
0.9183673469387755 0.08163265306122448 0.0 0.9139784946236559 0.08602150537634409 0.0 0.8924731182795699 1062.617234036758 21.447305487058323 98
0.8345323741007195 0.15827338129496402 0.007194244604316547 0.8283582089552238 0.16417910447761194 0.007462686567164179 0.7238805970149254 1084.4060726822922 21.17314715158744 139
0.8493150684931506 0.14383561643835616 0.00684931506849315 0.8439716312056738 0.14893617021276595 0.0070921985815602835 0.8652482269503546 1041.300294231845 20.573306026525852 146
0.8117647058823529 0.18823529411764706 0.0 0.8 0.2 0.0 0.975 978.979784607859 23.072826549075845 85
0.8 0.176 0.024 0.7916666666666666 0.18333333333333332 0.025 0.7166666666666667 1076.787073525122 22.285249693286417 125
0.8910891089108911 0.10891089108910891 0.0 0.8854166666666666 0.11458333333333333 0.0 0.78125 1080.8962920643376 21.21246917130279 101
0.9121621621621622 0.08108108108108109 0.006756756756756757 0.9090909090909091 0.08391608391608392 0.006993006993006993 0.7972027972027972 1087.4482087213917 20.516881374912018 148
0.9067796610169492 0.09322033898305085 0.0 0.9026548672566371 0.09734513274336283 0.0 0.9911504424778761 986.1561795736127 21.367884012033162 118
0.8130081300813008 0.18699186991869918 0.0 0.8050847457627118 0.19491525423728814 0.0 0.7203389830508474 1087.4051559265458 21.436868287657052 123
0.9322033898305084 0.06779661016949153 0.0 0.9292035398230089 0.07079646017699115 0.0 0.8230088495575221 1060.7732674333208 21.273102523884408 118
0.8962264150943396 0.10377358490566038 0.0 0.8910891089108911 0.10891089108910891 0.0 0.7920792079207921 1086.7227141741755 19.854308922454507 106
0.8450704225352113 0.14084507042253522 0.014084507042253521 0.8467153284671532 0.1386861313868613 0.014598540145985401 0.7883211678832117 1027.939406281253 21.006409647844997 142
0.8928571428571429 0.10714285714285714 0.0 0.8878504672897196 0.11214953271028037 0.0 0.9439252336448598 1031.2279457113134 21.336157915100113 112
0.8202247191011236 0.1797752808988764 0.0 0.8095238095238095 0.19047619047619047 0.0 0.8809523809523809 1065.4365417117774 24.89604174529114 89
0.95 0.05 0.0 0.9478260869565217 0.05217391304347826 0.0 0.7217391304347827 1087.227905300845 20.70582500328551 120
0.873015873015873 0.1111111111111111 0.015873015873015872 0.8620689655172413 0.1206896551724138 0.017241379310344827 0.9827586206896551 854.9271969021627 26.132513496249693 63
0.9173553719008265 0.08264462809917356 0.0 0.9137931034482759 0.08620689655172414 0.0 0.8189655172413793 1010.505735600111 20.389816393689593 121
0.9316239316239316 0.06837606837606838 0.0 0.9285714285714286 0.07142857142857142 0.0 0.8303571428571429 1072.3589947932726 21.776952010371808 117
0.7311827956989247 0.20430107526881722 0.06451612903225806 0.7159090909090909 0.2159090909090909 0.06818181818181818 0.7727272727272727 1085.791326184277 21.315309442333167 93
0.8907563025210085 0.1092436974789916 0.0 0.8859649122807017 0.11403508771929824 0.0 0.6578947368421053 1087.1905334705032 22.44683272615812 119
0.948051948051948 0.05194805194805195 0.0 0.9444444444444444 0.05555555555555555 0.0 0.7777777777777778 1083.702859746109 23.16528631449797 77
0.875 0.125 0.0 0.8707482993197279 0.1292517006802721 0.0 0.8367346938775511 1060.5544168835993 20.685705808766578 152
0.9074074074074074 0.09259259259259259 0.0 0.9029126213592233 0.0970873786407767 0.0 0.8058252427184466 1038.5604449938126 21.881959419203017 108
0.8255813953488372 0.1511627906976744 0.023255813953488372 0.8148148148148148 0.16049382716049382 0.024691358024691357 1.0 999.9817906397013 24.335424608362963 86
0.8627450980392157 0.13725490196078433 0.0 0.8556701030927835 0.14432989690721648 0.0 0.7319587628865979 1086.4409810082514 21.243403662939116 102
0.8585858585858586 0.13131313131313133 0.010101010101010102 0.851063829787234 0.13829787234042554 0.010638297872340425 0.8723404255319149 1080.6845610664 23.914807502986406 99
0.8412698412698413 0.14285714285714285 0.015873015873015872 0.8347107438016529 0.1487603305785124 0.01652892561983471 0.6694214876033058 1087.46239596572 20.77880252104872 126
0.8854961832061069 0.11450381679389313 0.0 0.8888888888888888 0.1111111111111111 0.0 0.8253968253968254 1005.2456532293104 20.33534340605209 131
0.8360655737704918 0.14754098360655737 0.01639344262295082 0.8290598290598291 0.15384615384615385 0.017094017094017096 0.9829059829059829 1059.6649104416765 23.200163801864306 122
0.8222222222222222 0.17777777777777778 0.0 0.8117647058823529 0.18823529411764706 0.0 0.6588235294117647 1087.4584381998175 21.752052789596238 90
0.9134615384615384 0.08653846153846154 0.0 0.9090909090909091 0.09090909090909091 0.0 1.0 1047.101894547346 21.90185462238388 104
0.8846153846153846 0.11538461538461539 0.0 0.8787878787878788 0.12121212121212122 0.0 0.9393939393939394 1060.633934882659 21.429889947493937 104
0.8660714285714286 0.13392857142857142 0.0 0.8598130841121495 0.14018691588785046 0.0 0.6915887850467289 1086.3279766522476 22.34003434142905 112
0.9090909090909091 0.09090909090909091 0.0 0.9060402684563759 0.09395973154362416 0.0 0.738255033557047 1087.009240794301 20.117358835045117 154
0.9357142857142857 0.06428571428571428 0.0 0.9333333333333333 0.06666666666666667 0.0 0.725925925925926 1087.3425142742256 19.31608931939872 140
0.8991596638655462 0.10084033613445378 0.0 0.8947368421052632 0.10526315789473684 0.0 0.7719298245614035 1066.1075185222376 20.212313653189955 119
0.7699115044247787 0.19469026548672566 0.035398230088495575 0.7592592592592593 0.2037037037037037 0.037037037037037035 0.8888888888888888 1045.3419647048981 20.345351437475777 113
0.9066666666666666 0.09333333333333334 0.0 0.9 0.1 0.0 0.7 1087.1270452472722 23.680939610982914 75
0.7542372881355932 0.23728813559322035 0.00847457627118644 0.7433628318584071 0.24778761061946902 0.008849557522123894 0.7433628318584071 1049.3382075779668 22.31563264984924 118
0.9306930693069307 0.06930693069306931 0.0 0.9270833333333334 0.07291666666666667 0.0 0.8229166666666666 1045.479636779635 21.852038869908927 101
0.9253731343283582 0.07462686567164178 0.0 0.9302325581395349 0.06976744186046512 0.0 0.7441860465116279 1054.1291876963726 21.299398063332603 134
0.8907563025210085 0.1092436974789916 0.0 0.8947368421052632 0.10526315789473684 0.0 0.8157894736842105 1087.3340494366428 21.3045599062824 119
0.8541666666666666 0.1388888888888889 0.006944444444444444 0.8489208633093526 0.14388489208633093 0.007194244604316547 0.8273381294964028 1066.3594345372783 21.15456202869277 144
0.89 0.11 0.0 0.8842105263157894 0.11578947368421053 0.0 0.7578947368421053 1050.10639637009 22.638257878653686 100
0.8556701030927835 0.14432989690721648 0.0 0.8478260869565217 0.15217391304347827 0.0 0.7608695652173914 1086.429107026877 22.77906612676052 97
0.9173553719008265 0.0743801652892562 0.008264462809917356 0.9137931034482759 0.07758620689655173 0.008620689655172414 0.9137931034482759 1042.2405182758123 21.63532686909475 121
0.875 0.125 0.0 0.8709677419354839 0.12903225806451613 0.0 0.7806451612903226 1086.6672542655901 20.1599598099715 160
0.9203539823008849 0.07964601769911504 0.0 0.9259259259259259 0.07407407407407407 0.0 0.7777777777777778 1066.9607451421675 20.206786793306247 113
0.9215686274509803 0.0784313725490196 0.0 0.9175257731958762 0.08247422680412371 0.0 0.9381443298969072 1085.7513532526118 20.82778281147465 102
0.8888888888888888 0.1111111111111111 0.0 0.883495145631068 0.11650485436893204 0.0 0.941747572815534 1048.4227784526984 22.769358426331337 108
0.9385964912280702 0.06140350877192982 0.0 0.9357798165137615 0.06422018348623854 0.0 0.7706422018348624 1065.482026006763 21.358912924341578 114
0.9203539823008849 0.07964601769911504 0.0 0.9166666666666666 0.08333333333333333 0.0 0.8148148148148148 1074.7645803635257 21.97136600449942 113
0.9291338582677166 0.07086614173228346 0.0 0.9262295081967213 0.07377049180327869 0.0 0.7377049180327869 1087.2975914344122 20.489658010701685 127
0.8495575221238938 0.1504424778761062 0.0 0.8425925925925926 0.1574074074074074 0.0 0.9814814814814815 1069.751758360976 21.73498899114498 113
0.9290780141843972 0.07092198581560284 0.0 0.9264705882352942 0.07352941176470588 0.0 0.8088235294117647 1083.50066723914 20.814585975726565 141
0.9156626506024096 0.08433734939759036 0.0 0.9102564102564102 0.08974358974358974 0.0 0.5769230769230769 1087.4876438088106 19.513211752607752 83
0.8656716417910447 0.13432835820895522 0.0 0.8604651162790697 0.13953488372093023 0.0 0.8449612403100775 1071.3137734858049 20.677225343081524 134
0.8709677419354839 0.12903225806451613 0.0 0.8739495798319328 0.12605042016806722 0.0 0.680672268907563 1087.4519861068623 19.231572470534932 124
0.8928571428571429 0.10714285714285714 0.0 0.8860759493670886 0.11392405063291139 0.0 1.0 1014.1088426502648 24.23317868240852 84
0.7692307692307693 0.22115384615384615 0.009615384615384616 0.7575757575757576 0.23232323232323232 0.010101010101010102 0.7878787878787878 1070.073270529489 25.020287530950615 104
0.7686567164179104 0.208955223880597 0.022388059701492536 0.7596899224806202 0.21705426356589147 0.023255813953488372 0.8682170542635659 1056.2591094557938 20.21660341096022 134
0.9484536082474226 0.05154639175257732 0.0 0.9456521739130435 0.05434782608695652 0.0 0.8043478260869565 1018.3622387777187 20.017051500422472 97
0.9090909090909091 0.09090909090909091 0.0 0.9036144578313253 0.0963855421686747 0.0 0.7469879518072289 1046.889830643418 22.59322080848176 88
0.8839285714285714 0.11607142857142858 0.0 0.8785046728971962 0.12149532710280374 0.0 0.8691588785046729 1078.941182431897 21.870780211139696 112
0.9337349397590361 0.06626506024096386 0.0 0.9316770186335404 0.06832298136645963 0.0 0.7515527950310559 1064.870543163586 19.047552397203873 166
0.8661417322834646 0.13385826771653545 0.0 0.860655737704918 0.13934426229508196 0.0 0.680327868852459 1085.606253121098 20.124490480117625 127
0.8319327731092437 0.15126050420168066 0.01680672268907563 0.8245614035087719 0.15789473684210525 0.017543859649122806 0.9298245614035088 1085.083509338698 21.854420515654294 119
0.9069767441860465 0.09302325581395349 0.0 0.9012345679012346 0.09876543209876543 0.0 0.9753086419753086 1040.3839057637551 26.280688366681886 86
0.935251798561151 0.06474820143884892 0.0 0.9328358208955224 0.06716417910447761 0.0 0.753731343283582 1064.004649841079 20.0834305326143 139
0.8415841584158416 0.15841584158415842 0.0 0.8333333333333334 0.16666666666666666 0.0 0.6979166666666666 1086.1807588082645 21.2352913478958 101
0.8921568627450981 0.10784313725490197 0.0 0.8969072164948454 0.10309278350515463 0.0 0.7216494845360825 1072.3557158511014 22.819221030728304 102
0.9333333333333333 0.06666666666666667 0.0 0.9294117647058824 0.07058823529411765 0.0 0.6941176470588235 1086.4971254471363 21.958049062247706 90
0.8865979381443299 0.1134020618556701 0.0 0.8804347826086957 0.11956521739130435 0.0 0.8804347826086957 962.0154773717038 23.81637937910922 97
0.875 0.10833333333333334 0.016666666666666666 0.8695652173913043 0.11304347826086956 0.017391304347826087 0.9739130434782609 1052.5963904040016 22.923224430612837 120
0.7723577235772358 0.21138211382113822 0.016260162601626018 0.7627118644067796 0.22033898305084745 0.01694915254237288 0.940677966101695 1068.8857653232526 21.030913191019074 123
0.8245614035087719 0.17543859649122806 0.0 0.8165137614678899 0.1834862385321101 0.0 1.0 1008.3100640292494 21.784296431440783 114
0.9 0.1 0.0 0.8923076923076924 0.1076923076923077 0.0 0.8923076923076924 1082.026990992118 22.37084681238948 70
0.8688524590163934 0.13114754098360656 0.0 0.8632478632478633 0.13675213675213677 0.0 0.8205128205128205 1066.781535693671 20.630290580431783 122
0.8421052631578947 0.14736842105263157 0.010526315789473684 0.8333333333333334 0.15555555555555556 0.011111111111111112 0.9222222222222223 991.158607358004 22.66405656739584 95
0.8761904761904762 0.11428571428571428 0.009523809523809525 0.87 0.12 0.01 0.76 1087.4203638057968 21.592205739664415 105
0.9072164948453608 0.09278350515463918 0.0 0.9021739130434783 0.09782608695652174 0.0 0.8804347826086957 975.9641583914712 21.447164645810545 97
0.7821782178217822 0.16831683168316833 0.04950495049504951 0.7708333333333334 0.17708333333333334 0.052083333333333336 0.8125 1047.339260461916 22.82431306481314 101
0.8350515463917526 0.15463917525773196 0.010309278350515464 0.8260869565217391 0.16304347826086957 0.010869565217391304 0.9456521739130435 1053.0972809229731 23.732029419143963 97
0.7619047619047619 0.21904761904761905 0.01904761904761905 0.75 0.23 0.02 1.0 1070.0738465130394 22.543121172519324 105
0.92 0.08 0.0 0.925 0.075 0.0 0.975 1059.0831233995673 20.823660623550616 125
0.8015873015873016 0.1984126984126984 0.0 0.7933884297520661 0.2066115702479339 0.0 0.9586776859504132 1076.70737695847 22.33039283102388 126
0.8543689320388349 0.14563106796116504 0.0 0.8469387755102041 0.15306122448979592 0.0 0.7755102040816326 1087.4863755075378 19.73631579796219 103
0.9072164948453608 0.09278350515463918 0.0 0.9021739130434783 0.09782608695652174 0.0 0.6956521739130435 1041.7410666998676 20.72781448866843 97
0.8727272727272727 0.11818181818181818 0.00909090909090909 0.8666666666666667 0.12380952380952381 0.009523809523809525 0.8476190476190476 1045.0564019966005 24.26640301056265 110
0.9361702127659575 0.06382978723404255 0.0 0.9338235294117647 0.0661764705882353 0.0 0.7794117647058824 1087.400174925118 20.345430869711603 141
0.9032258064516129 0.0967741935483871 0.0 0.8991596638655462 0.10084033613445378 0.0 0.865546218487395 1084.7251557936563 20.639877565957693 124
0.8932038834951457 0.10679611650485436 0.0 0.8877551020408163 0.11224489795918367 0.0 0.7040816326530612 1085.7061008656592 20.005051979645764 103
0.8916666666666667 0.10833333333333334 0.0 0.8869565217391304 0.11304347826086956 0.0 0.8347826086956521 1053.153501869747 21.80065123203624 120
0.8389830508474576 0.15254237288135594 0.00847457627118644 0.831858407079646 0.1592920353982301 0.008849557522123894 0.672566371681416 1086.974054868514 21.976486730265496 118
0.89 0.11 0.0 0.8842105263157894 0.11578947368421053 0.0 0.7684210526315789 1071.3331686413946 23.067955273256857 100
0.8827160493827161 0.11728395061728394 0.0 0.8853503184713376 0.11464968152866242 0.0 0.8471337579617835 1075.8450585363723 19.913766122921082 162
0.8907563025210085 0.1092436974789916 0.0 0.8859649122807017 0.11403508771929824 0.0 0.7368421052631579 972.2907232143414 21.999336512825735 119
0.8778625954198473 0.12213740458015267 0.0 0.8809523809523809 0.11904761904761904 0.0 0.8650793650793651 1008.7910287327409 20.150530670159405 131
0.8275862068965517 0.14942528735632185 0.022988505747126436 0.8170731707317073 0.15853658536585366 0.024390243902439025 0.7926829268292683 1069.2533737661881 24.00546417138341 87
0.8835616438356164 0.11643835616438356 0.0 0.8794326241134752 0.12056737588652482 0.0 0.7021276595744681 1086.3805394802832 21.292973252881012 146
0.828125 0.1640625 0.0078125 0.8211382113821138 0.17073170731707318 0.008130081300813009 0.7642276422764228 1064.1502080764485 20.8092961257203 128
0.9140625 0.0859375 0.0 0.9105691056910569 0.08943089430894309 0.0 0.8048780487804879 1087.4135727239438 19.883598298512144 128
0.9503105590062112 0.049689440993788817 0.0 0.9487179487179487 0.05128205128205128 0.0 0.9615384615384616 1078.7262094902921 19.212960440591388 161
0.9253731343283582 0.07462686567164178 0.0 0.9224806201550387 0.07751937984496124 0.0 0.7596899224806202 1081.772497457652 20.663639333973123 134
0.845360824742268 0.15463917525773196 0.0 0.8369565217391305 0.16304347826086957 0.0 0.7934782608695652 1082.0356444989616 20.55072396361453 97
0.8362068965517241 0.15517241379310345 0.008620689655172414 0.8288288288288288 0.16216216216216217 0.009009009009009009 0.6846846846846847 1073.414224253641 23.406954949586673 116
0.8173076923076923 0.16346153846153846 0.019230769230769232 0.8080808080808081 0.1717171717171717 0.020202020202020204 0.7777777777777778 1012.6807939759271 21.659584923856 104
0.860655737704918 0.13934426229508196 0.0 0.8547008547008547 0.1452991452991453 0.0 0.811965811965812 1007.9954155516648 21.02905700068988 122
0.875968992248062 0.10077519379844961 0.023255813953488372 0.8709677419354839 0.10483870967741936 0.024193548387096774 1.0 1067.778053891169 23.444418155011817 129
0.8910891089108911 0.10891089108910891 0.0 0.8854166666666666 0.11458333333333333 0.0 0.7395833333333334 1075.8458987433246 19.955115903585142 101
0.8737864077669902 0.0970873786407767 0.02912621359223301 0.8673469387755102 0.10204081632653061 0.030612244897959183 0.9387755102040817 1031.7956048090077 22.46487312898603 103
0.8716216216216216 0.12837837837837837 0.0 0.8671328671328671 0.13286713286713286 0.0 0.6433566433566433 1086.6334422896764 19.397008940170792 148
0.8947368421052632 0.10526315789473684 0.0 0.8873239436619719 0.11267605633802817 0.0 1.0 975.568894191201 23.23339941034012 76
0.8611111111111112 0.12037037037037036 0.018518518518518517 0.8543689320388349 0.1262135922330097 0.019417475728155338 0.8252427184466019 1067.773812004358 22.571865391915676 108
0.8333333333333334 0.15833333333333333 0.008333333333333333 0.8260869565217391 0.16521739130434782 0.008695652173913044 0.7130434782608696 1087.4506816854082 21.5611721661423 120
0.7009345794392523 0.18691588785046728 0.11214953271028037 0.6862745098039216 0.19607843137254902 0.11764705882352941 0.8529411764705882 977.3823419354671 22.58099256691307 107
0.9381443298969072 0.061855670103092786 0.0 0.9347826086956522 0.06521739130434782 0.0 0.5978260869565217 1021.9238273507174 22.45595837562019 97
0.9024390243902439 0.0975609756097561 0.0 0.8983050847457628 0.1016949152542373 0.0 0.5508474576271186 1087.3705095906655 19.909423154542473 123
0.9325842696629213 0.06741573033707865 0.0 0.9285714285714286 0.07142857142857142 0.0 0.9642857142857143 991.1475710372719 22.04282441119628 89
0.9148936170212766 0.0851063829787234 0.0 0.9117647058823529 0.08823529411764706 0.0 0.8308823529411765 1058.9522985298834 19.983767848494303 141
0.8983050847457628 0.1016949152542373 0.0 0.8938053097345132 0.10619469026548672 0.0 0.7699115044247787 1058.196642533197 21.773117628003195 118
0.9217391304347826 0.0782608695652174 0.0 0.9181818181818182 0.08181818181818182 0.0 0.7636363636363637 995.6933206494072 20.131542006043535 115
0.8686131386861314 0.12408759124087591 0.0072992700729927005 0.8636363636363636 0.12878787878787878 0.007575757575757576 0.8257575757575758 1040.6407655568075 20.164057462516432 137
0.9126984126984127 0.0873015873015873 0.0 0.9090909090909091 0.09090909090909091 0.0 0.768595041322314 1064.7935090341898 20.306319065467832 126
0.7906976744186046 0.18604651162790697 0.023255813953488372 0.7777777777777778 0.19753086419753085 0.024691358024691357 0.8765432098765432 972.8294209654666 22.727098504292965 86
0.8952380952380953 0.10476190476190476 0.0 0.89 0.11 0.0 0.85 1052.2470496027092 21.689664282692185 105
0.7605633802816901 0.176056338028169 0.06338028169014084 0.7518248175182481 0.18248175182481752 0.06569343065693431 0.8321167883211679 1054.1641335517872 22.148877248832807 142
0.957983193277311 0.04201680672268908 0.0 0.956140350877193 0.043859649122807015 0.0 0.7280701754385965 1052.5220374310074 19.525355724003713 119
0.8717948717948718 0.1282051282051282 0.0 0.8660714285714286 0.13392857142857142 0.0 0.8482142857142857 1054.738220864255 20.513051098566155 117
0.9175257731958762 0.08247422680412371 0.0 0.9130434782608695 0.08695652173913043 0.0 1.0 1054.8452473995872 23.14064007428548 97
0.8672566371681416 0.13274336283185842 0.0 0.8611111111111112 0.1388888888888889 0.0 0.7592592592592593 1087.0236734557902 21.700307086172423 113
0.9166666666666666 0.08333333333333333 0.0 0.9212598425196851 0.07874015748031496 0.0 0.7165354330708661 1087.4220827691252 19.60312241712724 132
0.8351648351648352 0.16483516483516483 0.0 0.8255813953488372 0.1744186046511628 0.0 0.7209302325581395 1086.3504004889173 22.466723198415416 91
0.8467741935483871 0.13709677419354838 0.016129032258064516 0.8403361344537815 0.14285714285714285 0.01680672268907563 0.8487394957983193 1069.234816391841 20.324400979495323 124
0.9010989010989011 0.08791208791208792 0.01098901098901099 0.8953488372093024 0.09302325581395349 0.011627906976744186 1.0 986.3459631636912 23.907814866953572 91
0.9038461538461539 0.08653846153846154 0.009615384615384616 0.898989898989899 0.09090909090909091 0.010101010101010102 0.8080808080808081 1029.576261911835 21.1793303765399 104
0.8512396694214877 0.1487603305785124 0.0 0.8448275862068966 0.15517241379310345 0.0 0.7672413793103449 1086.9742514556003 22.012557157457113 121
0.7640449438202247 0.2247191011235955 0.011235955056179775 0.7619047619047619 0.2261904761904762 0.011904761904761904 0.8333333333333334 1061.0451812736148 22.326767302493987 89
0.8505747126436781 0.14942528735632185 0.0 0.8414634146341463 0.15853658536585366 0.0 0.9390243902439024 1030.91457916244 25.305459830457746 87
0.7669902912621359 0.23300970873786409 0.0 0.7551020408163265 0.24489795918367346 0.0 0.8367346938775511 1044.606476191656 23.90905162300758 103
0.8617021276595744 0.13829787234042554 0.0 0.8651685393258427 0.1348314606741573 0.0 0.9887640449438202 1028.651202506009 23.327852263861462 94
0.9204545454545454 0.07954545454545454 0.0 0.9156626506024096 0.08433734939759036 0.0 0.8554216867469879 915.8921632452377 22.918788156313244 88
0.9238095238095239 0.0761904761904762 0.0 0.92 0.08 0.0 0.81 1053.9952537881966 22.12865342400435 105
0.9126984126984127 0.0873015873015873 0.0 0.9090909090909091 0.09090909090909091 0.0 0.7107438016528925 1087.0125670400207 20.382492076443768 126
