0.8904109589041096 0.1095890410958904 0.0 0.8865248226950354 0.11347517730496454 0.0 0.8723404255319149 1087.1431966787145 19.14509747497854 146
0.8761061946902655 0.12389380530973451 0.0 0.8703703703703703 0.12962962962962962 0.0 0.7777777777777778 1073.0300439348516 20.299288452704584 113
0.9464285714285714 0.044642857142857144 0.008928571428571428 0.9439252336448598 0.04672897196261682 0.009345794392523364 0.9719626168224299 1065.029529309659 22.05136695387037 112
0.9736842105263158 0.02631578947368421 0.0 0.981651376146789 0.01834862385321101 0.0 0.8348623853211009 1087.2267649424787 20.408100927851546 114
0.9354838709677419 0.06451612903225806 0.0 0.9411764705882353 0.058823529411764705 0.0 0.7058823529411765 1072.0456653630047 20.22970878187657 124
0.9338842975206612 0.06611570247933884 0.0 0.9310344827586207 0.06896551724137931 0.0 0.8620689655172413 1075.6822315916093 20.31014869686135 121
0.9775280898876404 0.02247191011235955 0.0 0.9761904761904762 0.023809523809523808 0.0 0.8928571428571429 1051.3911127219046 22.384965689489178 89
0.9557522123893806 0.04424778761061947 0.0 0.9537037037037037 0.046296296296296294 0.0 0.7314814814814815 1087.4794534858504 21.64445510456798 113
0.9629629629629629 0.037037037037037035 0.0 0.9615384615384616 0.038461538461538464 0.0 0.7692307692307693 1081.73158374194 19.861861016308488 135
0.9530201342281879 0.04697986577181208 0.0 0.9513888888888888 0.04861111111111111 0.0 0.7847222222222222 1085.5788685565058 19.232239434563223 149
0.8516129032258064 0.14838709677419354 0.0 0.8533333333333334 0.14666666666666667 0.0 0.7333333333333333 1087.4506763733116 20.264091094469233 155
0.9105691056910569 0.08943089430894309 0.0 0.9152542372881356 0.0847457627118644 0.0 0.923728813559322 1067.2536074640125 20.27521402878009 123
0.9375 0.0625 0.0 0.935251798561151 0.06474820143884892 0.0 0.8705035971223022 1087.0435598816232 19.19577222506242 144
0.9473684210526315 0.05263157894736842 0.0 0.9444444444444444 0.05555555555555555 0.0 0.7222222222222222 1086.1210220521548 20.727099117596502 95
0.9607843137254902 0.0392156862745098 0.0 0.9587628865979382 0.041237113402061855 0.0 0.7731958762886598 1085.141347376521 21.999951464515085 102
0.9243697478991597 0.06722689075630252 0.008403361344537815 0.9210526315789473 0.07017543859649122 0.008771929824561403 0.8508771929824561 1074.0265085250448 19.76911690941425 119
0.9451219512195121 0.054878048780487805 0.0 0.9433962264150944 0.05660377358490566 0.0 0.8553459119496856 1087.479350912888 19.673926436632826 164
0.9084507042253521 0.09154929577464789 0.0 0.9051094890510949 0.0948905109489051 0.0 0.8759124087591241 1086.5027390423309 18.31813612969396 142
0.9263157894736842 0.07368421052631578 0.0 0.9222222222222223 0.07777777777777778 0.0 0.7555555555555555 1082.1832289107688 22.961195581970074 95
0.8978102189781022 0.10218978102189781 0.0 0.8939393939393939 0.10606060606060606 0.0 0.6590909090909091 1082.9982966054229 19.86115578562374 137
0.978494623655914 0.021505376344086023 0.0 0.9772727272727273 0.022727272727272728 0.0 0.8409090909090909 1005.5251682420504 21.212723198291688 93
0.9626168224299065 0.037383177570093455 0.0 0.9607843137254902 0.0392156862745098 0.0 1.0 1079.0227573008656 20.822601478001317 107
0.9029126213592233 0.0970873786407767 0.0 0.8979591836734694 0.10204081632653061 0.0 0.7653061224489796 1058.145770603821 22.30251539127512 103
0.8854961832061069 0.10687022900763359 0.007633587786259542 0.8809523809523809 0.1111111111111111 0.007936507936507936 0.7936507936507936 1082.681474490071 20.470543222750482 131
0.9333333333333333 0.06666666666666667 0.0 0.9307692307692308 0.06923076923076923 0.0 0.7923076923076923 1087.3005512114955 19.32111944873478 135
0.9411764705882353 0.058823529411764705 0.0 0.9381443298969072 0.061855670103092786 0.0 0.979381443298969 1068.4895896638475 22.95994666195499 102
0.9829059829059829 0.017094017094017096 0.0 0.9821428571428571 0.017857142857142856 0.0 0.8125 1029.0423676158957 19.45707205053326 117
0.9398496240601504 0.06015037593984962 0.0 0.9375 0.0625 0.0 0.8125 1085.7575324731974 18.939875900365 133
0.9099099099099099 0.09009009009009009 0.0 0.9056603773584906 0.09433962264150944 0.0 0.8301886792452831 1068.3955333251122 23.12913207446729 111
0.9370629370629371 0.06293706293706294 0.0 0.9347826086956522 0.06521739130434782 0.0 0.7753623188405797 1046.0599733013896 19.388325878018534 143
0.9618320610687023 0.03816793893129771 0.0 0.9603174603174603 0.03968253968253968 0.0 0.8333333333333334 1074.7234215223257 19.26445690636563 131
0.967741935483871 0.03225806451612903 0.0 0.9663865546218487 0.03361344537815126 0.0 0.7394957983193278 1087.3462566067958 20.22962776410778 124
0.9338842975206612 0.06611570247933884 0.0 0.9310344827586207 0.06896551724137931 0.0 0.6810344827586207 993.963772260924 20.199874592393456 121
0.9215686274509803 0.0718954248366013 0.006535947712418301 0.918918918918919 0.07432432432432433 0.006756756756756757 0.7297297297297297 1087.331770179636 19.426894084341008 153
0.9447852760736196 0.05521472392638037 0.0 0.9430379746835443 0.056962025316455694 0.0 0.6582278481012658 1086.3708454300495 18.173754943819123 163
0.8571428571428571 0.14285714285714285 0.0 0.8512396694214877 0.1487603305785124 0.0 0.7851239669421488 1084.9610556762543 20.233488143637135 126
0.94 0.06 0.0 0.9448275862068966 0.05517241379310345 0.0 0.7379310344827587 1079.6295924693547 19.47313468367321 150
0.9457364341085271 0.05426356589147287 0.0 0.9435483870967742 0.056451612903225805 0.0 0.008064516129032258 1035.8915317001604 19.980695747462534 129
0.896 0.096 0.008 0.8916666666666667 0.1 0.008333333333333333 0.8583333333333333 1075.0081458871214 20.63246279869528 125
0.9468085106382979 0.05319148936170213 0.0 0.9438202247191011 0.056179775280898875 0.0 0.8764044943820225 1087.1547334923641 21.690634442151413 94
0.8896551724137931 0.10344827586206896 0.006896551724137931 0.8928571428571429 0.1 0.007142857142857143 0.8428571428571429 1086.220122568257 19.462579567384804 145
0.96 0.04 0.0 0.9578947368421052 0.042105263157894736 0.0 0.8210526315789474 1086.851731279477 20.107037913518255 100
0.9252336448598131 0.07476635514018691 0.0 0.9215686274509803 0.0784313725490196 0.0 0.7156862745098039 1085.8571444057316 20.856471031683967 107
0.8941176470588236 0.10588235294117647 0.0 0.9 0.1 0.0 0.8 1068.7771347313615 20.726388280270736 85
0.9538461538461539 0.046153846153846156 0.0 0.952 0.048 0.0 0.864 1085.1989799712321 20.56861806640442 130
0.8503937007874016 0.11811023622047244 0.031496062992125984 0.8442622950819673 0.12295081967213115 0.03278688524590164 0.9262295081967213 1087.0691700495518 20.027145787187962 127
0.9504950495049505 0.04950495049504951 0.0 0.9479166666666666 0.052083333333333336 0.0 0.7291666666666666 1077.440646654384 20.308365690415652 101
0.9421487603305785 0.05785123966942149 0.0 0.9396551724137931 0.0603448275862069 0.0 0.8706896551724138 1073.6223199555156 21.02862722248381 121
0.7908163265306123 0.1836734693877551 0.025510204081632654 0.7853403141361257 0.18848167539267016 0.02617801047120419 0.7801047120418848 1087.4911704934425 17.788668208080484 196
0.9440559440559441 0.055944055944055944 0.0 0.9420289855072463 0.057971014492753624 0.0 0.8695652173913043 1076.7571510657522 19.03770861477692 143
0.9214285714285714 0.07142857142857142 0.007142857142857143 0.9185185185185185 0.07407407407407407 0.007407407407407408 0.8592592592592593 1087.3728691637482 20.2027358045532 140
0.9776119402985075 0.022388059701492536 0.0 0.9767441860465116 0.023255813953488372 0.0 0.7829457364341085 1045.5384909450786 19.052767460228498 134
0.9646017699115044 0.035398230088495575 0.0 0.9629629629629629 0.037037037037037035 0.0 0.9907407407407407 1027.4031408763965 21.74479918239463 113
0.9318181818181818 0.06818181818181818 0.0 0.9291338582677166 0.07086614173228346 0.0 0.7480314960629921 1087.0146842159813 20.58946595839 132
0.9253731343283582 0.07462686567164178 0.0 0.9224806201550387 0.07751937984496124 0.0 0.8604651162790697 1086.7619394679248 19.59523629166175 134
0.975 0.025 0.0 0.9739130434782609 0.02608695652173913 0.0 0.7739130434782608 1061.9273748472726 20.45536944119946 120
0.8698630136986302 0.0958904109589041 0.03424657534246575 0.8652482269503546 0.09929078014184398 0.03546099290780142 0.9432624113475178 1073.2294277675335 19.204383976550407 146
0.9831932773109243 0.01680672268907563 0.0 0.9824561403508771 0.017543859649122806 0.0 0.8333333333333334 1065.8428211226624 19.813895458464735 119
0.9774436090225563 0.022556390977443608 0.0 0.9765625 0.0234375 0.0 0.7890625 1056.6298833526678 19.43185900104624 133
0.993006993006993 0.006993006993006993 0.0 0.9927536231884058 0.007246376811594203 0.0 0.8188405797101449 1042.3049695812422 19.584987215538337 143
0.9385964912280702 0.06140350877192982 0.0 0.9357798165137615 0.06422018348623854 0.0 0.7155963302752294 1087.0560267240212 21.41337996506489 114
0.8837209302325582 0.11627906976744186 0.0 0.8765432098765432 0.12345679012345678 0.0 0.691358024691358 1086.8755453451654 20.37653162020589 86
0.9112903225806451 0.08870967741935484 0.0 0.907563025210084 0.09243697478991597 0.0 0.8907563025210085 1086.912583180902 21.27800894673458 124
0.9700598802395209 0.029940119760479042 0.0 0.9691358024691358 0.030864197530864196 0.0 0.5987654320987654 1066.5645302459259 19.344810553859524 167
0.9736842105263158 0.02631578947368421 0.0 0.9724770642201835 0.027522935779816515 0.0 0.8715596330275229 1083.4684219344522 20.326735033093907 114
1.0 0.0 0.0 1.0 0.0 0.0 0.958904109589041 946.0049273134649 20.757560141647133 78
0.9523809523809523 0.047619047619047616 0.0 0.9507042253521126 0.04929577464788732 0.0 0.6267605633802817 1086.6842259080292 18.776352598837324 147
0.8878504672897196 0.11214953271028037 0.0 0.8921568627450981 0.10784313725490197 0.0 0.8235294117647058 1069.2411185108754 20.35181034732798 107
0.9888888888888889 0.011111111111111112 0.0 0.9882352941176471 0.011764705882352941 0.0 1.0 1076.401878749338 21.817913506121823 90
0.9565217391304348 0.043478260869565216 0.0 0.9545454545454546 0.045454545454545456 0.0 0.7727272727272727 1084.0604399915928 20.611127072240688 115
0.9300699300699301 0.06993006993006994 0.0 0.927536231884058 0.07246376811594203 0.0 0.7608695652173914 1085.3657766443296 18.974632782528285 143
0.9826086956521739 0.017391304347826087 0.0 0.9818181818181818 0.01818181818181818 0.0 0.8363636363636363 1079.7094940670952 19.676671079917682 115
0.940677966101695 0.059322033898305086 0.0 0.9557522123893806 0.04424778761061947 0.0 0.8938053097345132 1078.1092949466345 20.714063854322024 118
0.9090909090909091 0.09090909090909091 0.0 0.9133858267716536 0.08661417322834646 0.0 0.7559055118110236 1065.5630194798212 20.07652891470127 132
0.8620689655172413 0.10344827586206896 0.034482758620689655 0.8558558558558559 0.10810810810810811 0.036036036036036036 0.8468468468468469 1085.6731660859737 20.218971770374303 116
0.9895833333333334 0.010416666666666666 0.0 0.989010989010989 0.01098901098901099 0.0 0.945054945054945 1073.198548309422 21.307978741572168 96
0.9919354838709677 0.008064516129032258 0.0 0.9915966386554622 0.008403361344537815 0.0 0.907563025210084 1050.3279702315344 20.394472712929158 124
0.9016393442622951 0.09836065573770492 0.0 0.8974358974358975 0.10256410256410256 0.0 0.7094017094017094 1087.3812542324804 21.33694509856701 122
0.9821428571428571 0.017857142857142856 0.0 0.9813084112149533 0.018691588785046728 0.0 0.8785046728971962 1069.6022021456502 20.214599000794866 112
0.9316770186335404 0.06832298136645963 0.0 0.9294871794871795 0.07051282051282051 0.0 0.7628205128205128 1086.7289144625704 19.430868822572595 161
0.9296875 0.0703125 0.0 0.926829268292683 0.07317073170731707 0.0 0.8211382113821138 1087.3338194024082 19.58047837098955 128
0.9257142857142857 0.07428571428571429 0.0 0.9235294117647059 0.07647058823529412 0.0 0.7294117647058823 1087.3876676704829 17.959007940215713 175
0.9891304347826086 0.010869565217391304 0.0 0.9885057471264368 0.011494252873563218 0.0 0.7586206896551724 1068.61623014291 19.84724767875808 92
0.9894736842105263 0.010526315789473684 0.0 0.9888888888888889 0.011111111111111112 0.0 0.9 1061.4116639332833 20.13014865430141 95
0.88 0.12 0.0 0.8758620689655172 0.12413793103448276 0.0 0.7586206896551724 1087.279621038598 20.085019210060107 150
0.98989898989899 0.010101010101010102 0.0 0.9893617021276596 0.010638297872340425 0.0 0.9787234042553191 1076.877780504205 21.842006553751602 99
0.9504950495049505 0.04950495049504951 0.0 0.9479166666666666 0.052083333333333336 0.0 0.7916666666666666 1055.015587061116 20.922244216746687 101
0.976 0.024 0.0 0.975 0.025 0.0 0.775 1086.38612293834 19.924467495016312 125
0.9323308270676691 0.06766917293233082 0.0 0.9375 0.0625 0.0 0.7734375 1087.4472292439245 19.204277619160393 133
0.9647887323943662 0.035211267605633804 0.0 0.9708029197080292 0.029197080291970802 0.0 0.7518248175182481 1075.4691392453772 19.455215601488746 142
0.9338235294117647 0.0661764705882353 0.0 0.9312977099236641 0.06870229007633588 0.0 0.7938931297709924 1087.0026202776576 19.367588739025592 136
0.9411764705882353 0.05228758169934641 0.006535947712418301 0.9391891891891891 0.05405405405405406 0.006756756756756757 0.8040540540540541 1071.1273737576046 19.629452719936953 153
0.9310344827586207 0.06896551724137931 0.0 0.9279279279279279 0.07207207207207207 0.0 0.8738738738738738 1087.4729771489765 22.46261591635359 116
0.9901960784313726 0.00980392156862745 0.0 0.9896907216494846 0.010309278350515464 0.0 1.0 1050.9418820608726 20.887792031143412 102
0.8238993710691824 0.1761006289308176 0.0 0.8181818181818182 0.18181818181818182 0.0 0.6948051948051948 1025.8564071597127 17.993731790505123 159
0.875968992248062 0.12403100775193798 0.0 0.8709677419354839 0.12903225806451613 0.0 0.8467741935483871 1084.9106052364157 20.021246622238625 129
0.9745222929936306 0.025477707006369428 0.0 0.9736842105263158 0.02631578947368421 0.0 0.6644736842105263 1087.3472899483056 19.15051847165811 157
0.96875 0.03125 0.0 0.967741935483871 0.03225806451612903 0.0 0.8064516129032258 1087.3598288302264 18.58372410873071 160
0.9675324675324676 0.032467532467532464 0.0 0.9664429530201343 0.03355704697986577 0.0 0.8322147651006712 1086.799716782332 19.98109854032765 154
0.9694656488549618 0.030534351145038167 0.0 0.9682539682539683 0.031746031746031744 0.0 0.8015873015873016 1063.434297629527 19.639768499634137 131
0.9747899159663865 0.025210084033613446 0.0 0.9736842105263158 0.02631578947368421 0.0 0.8771929824561403 1074.3458271499603 19.604834023990815 119
0.9402985074626866 0.05970149253731343 0.0 0.937984496124031 0.06201550387596899 0.0 0.007751937984496124 978.6612854130018 19.982068424714228 134
0.9473684210526315 0.05263157894736842 0.0 0.9453125 0.0546875 0.0 0.9921875 1076.3805340580611 20.20205576710376 133
0.9555555555555556 0.044444444444444446 0.0 0.9529411764705882 0.047058823529411764 0.0 0.8588235294117647 1085.632116555119 23.18206520053612 90
0.9119496855345912 0.0880503144654088 0.0 0.9090909090909091 0.09090909090909091 0.0 0.8896103896103896 1064.957738195504 19.801287469604137 159
0.9259259259259259 0.07407407407407407 0.0 0.9230769230769231 0.07692307692307693 0.0 0.8153846153846154 1087.3348185753823 19.190367752246523 135
0.7575757575757576 0.16161616161616163 0.08080808080808081 0.7446808510638298 0.1702127659574468 0.0851063829787234 1.0 1047.9891804698887 21.154388272749145 99
0.9767441860465116 0.023255813953488372 0.0 0.9753086419753086 0.024691358024691357 0.0 0.9382716049382716 1031.065708163495 21.792126012135466 86
0.9664804469273743 0.0335195530726257 0.0 0.9712643678160919 0.028735632183908046 0.0 0.735632183908046 1087.4606818092882 19.042346291302874 179
0.9217391304347826 0.06956521739130435 0.008695652173913044 0.9272727272727272 0.06363636363636363 0.00909090909090909 0.9181818181818182 1045.895297972454 20.96342766510609 115
0.7051282051282052 0.1987179487179487 0.09615384615384616 0.695364238410596 0.2052980132450331 0.09933774834437085 0.8145695364238411 1086.4838423963827 18.811838145001804 156
0.9032258064516129 0.0967741935483871 0.0 0.8977272727272727 0.10227272727272728 0.0 0.7727272727272727 1087.4818370692237 20.71904369219084 93
0.9101796407185628 0.08982035928143713 0.0 0.9074074074074074 0.09259259259259259 0.0 0.7283950617283951 1087.4408221744316 18.81871459151273 167
0.8648648648648649 0.0990990990990991 0.036036036036036036 0.8679245283018868 0.09433962264150944 0.03773584905660377 0.8018867924528302 1071.507638813394 21.27283128016514 111
0.8157894736842105 0.16666666666666666 0.017543859649122806 0.8073394495412844 0.1743119266055046 0.01834862385321101 0.963302752293578 1078.4404865729275 21.544319687175893 114
0.9469026548672567 0.05309734513274336 0.0 0.9444444444444444 0.05555555555555555 0.0 1.0 1085.9878623744694 21.83069532323386 113
0.9194630872483222 0.08053691275167785 0.0 0.9166666666666666 0.08333333333333333 0.0 0.8541666666666666 1085.5854797672453 20.2479445709333 149
0.9333333333333333 0.06666666666666667 0.0 0.9294117647058824 0.07058823529411765 0.0 0.8941176470588236 1017.1059378016939 20.95940072064539 90
0.9398496240601504 0.05263157894736842 0.007518796992481203 0.9453125 0.046875 0.0078125 0.8359375 1076.9262579108674 19.936994816491172 133
0.9494949494949495 0.050505050505050504 0.0 0.9574468085106383 0.0425531914893617 0.0 0.7340425531914894 1087.2762740360708 19.73764424767915 99
0.9285714285714286 0.07142857142857142 0.0 0.9256198347107438 0.0743801652892562 0.0 0.7355371900826446 1028.5367716267635 21.207167642492568 126
0.8494623655913979 0.15053763440860216 0.0 0.8636363636363636 0.13636363636363635 0.0 0.6022727272727273 1086.9439524808176 21.68506577136318 93
0.8793103448275862 0.1206896551724138 0.0 0.8738738738738738 0.12612612612612611 0.0 0.7477477477477478 1086.9391733551154 20.165250714177827 116
0.984 0.016 0.0 0.9916666666666667 0.008333333333333333 0.0 0.8333333333333334 1036.1536223620094 20.267147375714465 125
0.9924242424242424 0.007575757575757576 0.0 0.9921259842519685 0.007874015748031496 0.0 0.8188976377952756 1066.2084508531898 18.945045373864605 132
0.9305555555555556 0.06944444444444445 0.0 0.9253731343283582 0.07462686567164178 0.0 0.9850746268656716 1030.4472801177255 24.060067274935825 72
0.9214285714285714 0.07857142857142857 0.0 0.9259259259259259 0.07407407407407407 0.0 0.7111111111111111 1062.4531769656892 19.29397169612386 140
0.9785714285714285 0.02142857142857143 0.0 0.9777777777777777 0.022222222222222223 0.0 0.725925925925926 1087.3618550197475 18.670354346117193 140
0.920863309352518 0.07913669064748201 0.0 0.917910447761194 0.08208955223880597 0.0 0.8880597014925373 1077.2202239545165 20.416786650932906 139
0.9659863945578231 0.034013605442176874 0.0 0.9647887323943662 0.035211267605633804 0.0 0.795774647887324 1081.5608058349871 19.508346625586054 147
0.8860759493670886 0.10759493670886076 0.006329113924050633 0.8823529411764706 0.1111111111111111 0.006535947712418301 0.7124183006535948 1087.4936768861126 19.043551356593746 158
0.9787234042553191 0.02127659574468085 0.0 0.9775280898876404 0.02247191011235955 0.0 0.9662921348314607 1052.01336959839 22.791643016222274 94
0.8978102189781022 0.10218978102189781 0.0 0.9015151515151515 0.09848484848484848 0.0 0.7348484848484849 1084.1005804270153 20.181931138845492 137
0.9318181818181818 0.06818181818181818 0.0 0.9291338582677166 0.07086614173228346 0.0 0.8188976377952756 1087.2905339278934 18.19614774771949 132
0.9671052631578947 0.03289473684210526 0.0 0.9659863945578231 0.034013605442176874 0.0 0.8639455782312925 1087.4228931974937 19.559274790339913 152
0.9747899159663865 0.025210084033613446 0.0 0.9736842105263158 0.02631578947368421 0.0 0.7807017543859649 982.8697830228945 19.309561089375997 119
0.9398496240601504 0.06015037593984962 0.0 0.9375 0.0625 0.0 0.9765625 1081.2777889701754 20.74234852998648 133
0.9071428571428571 0.09285714285714286 0.0 0.9037037037037037 0.0962962962962963 0.0 0.8592592592592593 1065.4759498731617 19.44637787864421 140
0.9714285714285714 0.02857142857142857 0.0 0.9703703703703703 0.02962962962962963 0.0 0.7925925925925926 1086.9328999676295 18.856424780326805 140
0.9550561797752809 0.0449438202247191 0.0 0.9523809523809523 0.047619047619047616 0.0 0.75 1027.2887963579337 20.393048976036333 89
0.9716981132075472 0.02830188679245283 0.0 0.9702970297029703 0.0297029702970297 0.0 0.8514851485148515 1061.062227837372 21.518173709282937 106
0.8287671232876712 0.17123287671232876 0.0 0.8226950354609929 0.1773049645390071 0.0 0.7588652482269503 1066.9166742634623 18.884610898683025 146
0.9552238805970149 0.04477611940298507 0.0 0.9534883720930233 0.046511627906976744 0.0 0.7906976744186046 1083.1228334602051 20.10475298585784 134
0.9452054794520548 0.0547945205479452 0.0 0.9432624113475178 0.05673758865248227 0.0 0.7588652482269503 1026.74083927279 19.446781294338212 146
0.9636363636363636 0.03636363636363636 0.0 0.9619047619047619 0.0380952380952381 0.0 0.9523809523809523 1041.3220313704223 21.636986160235246 110
0.9448818897637795 0.05511811023622047 0.0 0.9426229508196722 0.05737704918032787 0.0 0.7540983606557377 1052.158948131465 19.550117732911776 127
0.9819819819819819 0.018018018018018018 0.0 0.9811320754716981 0.018867924528301886 0.0 0.8301886792452831 1087.4726845622242 19.974627439597924 111
0.9203539823008849 0.07964601769911504 0.0 0.9166666666666666 0.08333333333333333 0.0 0.6388888888888888 1087.3406365446633 21.26093815652272 113
0.9193548387096774 0.08064516129032258 0.0 0.9243697478991597 0.07563025210084033 0.0 0.8403361344537815 1079.7430656660315 21.03487767142197 124
0.9734513274336283 0.02654867256637168 0.0 0.9722222222222222 0.027777777777777776 0.0 0.7870370370370371 1021.0137088803916 20.17799549714986 113
0.9318181818181818 0.06818181818181818 0.0 0.9291338582677166 0.07086614173228346 0.0 0.8031496062992126 1051.715631070523 19.759365863675917 132
0.952054794520548 0.04794520547945205 0.0 0.950354609929078 0.04964539007092199 0.0 0.7092198581560284 1085.84635673016 19.25385643063852 146
0.9212121212121213 0.07878787878787878 0.0 0.925 0.075 0.0 0.78125 1074.0170222596194 18.64231352678958 165
0.9285714285714286 0.06428571428571428 0.007142857142857143 0.9259259259259259 0.06666666666666667 0.007407407407407408 0.7333333333333333 1077.074773636236 20.436831403557257 140
0.9411764705882353 0.058823529411764705 0.0 0.9385964912280702 0.06140350877192982 0.0 0.7719298245614035 1071.3923682952357 20.071845129594287 119
0.8943661971830986 0.1056338028169014 0.0 0.8905109489051095 0.10948905109489052 0.0 0.8102189781021898 1086.2682150528194 18.809729732254276 142
0.9516129032258065 0.04838709677419355 0.0 0.9495798319327731 0.05042016806722689 0.0 0.8067226890756303 1065.6374748851756 20.0877006109794 124
0.9029850746268657 0.09701492537313433 0.0 0.8992248062015504 0.10077519379844961 0.0 0.8449612403100775 1084.2611270352338 19.192026976604748 134
0.9349593495934959 0.06504065040650407 0.0 0.940677966101695 0.059322033898305086 0.0 0.6610169491525424 1086.6452135369339 19.84530145478862 123
0.9657534246575342 0.03424657534246575 0.0 0.9645390070921985 0.03546099290780142 0.0 0.8723404255319149 1083.7311088565662 19.110998659146652 146
1.0 0.0 0.0 1.0 0.0 0.0 0.7985611510791367 1086.673094599109 19.381848050746964 144
0.9291338582677166 0.07086614173228346 0.0 0.9262295081967213 0.07377049180327869 0.0 0.7868852459016393 1087.3002237482717 21.095376990277295 127
0.8137254901960784 0.17647058823529413 0.00980392156862745 0.8041237113402062 0.18556701030927836 0.010309278350515464 0.6494845360824743 1086.9977296838458 22.301723626310057 102
0.9732142857142857 0.026785714285714284 0.0 0.9719626168224299 0.028037383177570093 0.0 0.9439252336448598 1039.9491949143014 21.50451177375898 112
0.9696969696969697 0.030303030303030304 0.0 0.9680851063829787 0.031914893617021274 0.0 1.0 1041.58086873078 22.436201317192943 99
0.9823008849557522 0.017699115044247787 0.0 0.9814814814814815 0.018518518518518517 0.0 0.9907407407407407 1070.8429528951708 20.945287934700602 113
0.8780487804878049 0.11382113821138211 0.008130081300813009 0.8813559322033898 0.11016949152542373 0.00847457627118644 0.6949152542372882 1043.5504645850613 20.956849642225027 123
0.9428571428571428 0.05714285714285714 0.0 0.94 0.06 0.0 0.86 1036.109667018974 21.527500151855687 105
0.9595959595959596 0.04040404040404041 0.0 0.9574468085106383 0.0425531914893617 0.0 0.9680851063829787 1050.7969758909146 21.851307995360678 99
0.9714285714285714 0.02857142857142857 0.0 0.97 0.03 0.0 0.9 1086.3954079321397 21.56189189069089 105
0.9523809523809523 0.047619047619047616 0.0 0.95 0.05 0.0 0.75 1087.3775654114713 18.867845714612816 105
0.9583333333333334 0.041666666666666664 0.0 0.9568345323741008 0.04316546762589928 0.0 0.8273381294964028 1087.0228837727457 19.54329981494357 144
0.7914110429447853 0.19631901840490798 0.012269938650306749 0.7848101265822784 0.20253164556962025 0.012658227848101266 0.7278481012658228 1074.3976168738802 18.494570060505268 163
0.9846153846153847 0.015384615384615385 0.0 0.984 0.016 0.0 0.848 1060.1988837625402 20.167850461810104 130
0.9084507042253521 0.07042253521126761 0.02112676056338028 0.9051094890510949 0.072992700729927 0.021897810218978103 0.8321167883211679 1082.410886885295 20.29992583633405 142
0.9298245614035088 0.07017543859649122 0.0 0.9357798165137615 0.06422018348623854 0.0 0.8623853211009175 1077.7948155790743 19.34532791331106 114
0.8670886075949367 0.12658227848101267 0.006329113924050633 0.8627450980392157 0.13071895424836602 0.006535947712418301 0.869281045751634 1087.219703909271 18.761543648393832 158
0.9512195121951219 0.04878048780487805 0.0 0.9491525423728814 0.05084745762711865 0.0 0.8135593220338984 1081.7820142641365 20.174887045098334 123
0.9043478260869565 0.08695652173913043 0.008695652173913044 0.9 0.09090909090909091 0.00909090909090909 0.9 1086.7741992700414 22.43660662211537 115
0.8602150537634409 0.12903225806451613 0.010752688172043012 0.8522727272727273 0.13636363636363635 0.011363636363636364 0.6704545454545454 1073.3804974585935 24.164912476017477 93
0.9636363636363636 0.03636363636363636 0.0 0.9619047619047619 0.0380952380952381 0.0 0.8952380952380953 1013.3612350022938 21.973904983492417 110
0.9333333333333333 0.06666666666666667 0.0 0.9310344827586207 0.06896551724137931 0.0 0.7172413793103448 1016.0595097554357 18.635833260291818 150
0.935251798561151 0.06474820143884892 0.0 0.9328358208955224 0.06716417910447761 0.0 0.746268656716418 1085.69859296691 20.1300425647075 139
0.958041958041958 0.04195804195804196 0.0 0.9565217391304348 0.043478260869565216 0.0 0.8695652173913043 1057.5694746980048 19.095827114797558 143
0.9357798165137615 0.06422018348623854 0.0 0.9326923076923077 0.0673076923076923 0.0 0.75 1087.3288384662028 20.154505301731845 109
0.8950617283950617 0.09876543209876543 0.006172839506172839 0.89171974522293 0.10191082802547771 0.006369426751592357 0.7261146496815286 1087.3308827100286 18.738222215255124 162
0.9212121212121213 0.07878787878787878 0.0 0.91875 0.08125 0.0 0.8875 1084.974914977864 19.851460596341234 165
0.9242424242424242 0.07575757575757576 0.0 0.9212598425196851 0.07874015748031496 0.0 0.8582677165354331 1080.3876687866357 20.812188283803078 132
0.9924812030075187 0.007518796992481203 0.0 0.9921875 0.0078125 0.0 0.9140625 1050.4931761284918 19.99413549122534 133
0.8837209302325582 0.10852713178294573 0.007751937984496124 0.8790322580645161 0.11290322580645161 0.008064516129032258 0.8225806451612904 1046.789499721009 20.139251363775873 129
0.9320388349514563 0.06796116504854369 0.0 0.9285714285714286 0.07142857142857142 0.0 1.0 1086.1466386689924 23.370887485428486 103
0.9801324503311258 0.019867549668874173 0.0 0.9794520547945206 0.02054794520547945 0.0 0.8356164383561644 1074.654396166541 18.64155185103946 151
0.9493670886075949 0.05063291139240506 0.0 0.9459459459459459 0.05405405405405406 0.0 0.7162162162162162 1083.9205185334465 22.59733448290554 79
0.9586776859504132 0.04132231404958678 0.0 0.9568965517241379 0.04310344827586207 0.0 0.9913793103448276 1063.9465222455176 20.137348564316436 121
0.927536231884058 0.07246376811594203 0.0 0.924812030075188 0.07518796992481203 0.0 0.7969924812030075 1080.3907629823711 19.44333885216706 138
0.8629032258064516 0.13709677419354838 0.0 0.8571428571428571 0.14285714285714285 0.0 0.6974789915966386 1057.6453573092767 20.680591456911504 124
0.9583333333333334 0.041666666666666664 0.0 0.9565217391304348 0.043478260869565216 0.0 0.9304347826086956 1058.9551320545938 20.677906364811367 120
0.956989247311828 0.043010752688172046 0.0 0.9545454545454546 0.045454545454545456 0.0 0.8068181818181818 1083.0132345770846 22.652867057317273 93
1.0 0.0 0.0 1.0 0.0 0.0 0.0 956.1832915711865 18.71588603138142 145
0.9590163934426229 0.040983606557377046 0.0 0.9572649572649573 0.042735042735042736 0.0 0.9401709401709402 1075.8479552667216 20.257664914003932 122
0.9787234042553191 0.02127659574468085 0.0 0.9779411764705882 0.022058823529411766 0.0 0.7573529411764706 1078.6808582688723 20.39943582120699 141
0.8807339449541285 0.11009174311926606 0.009174311926605505 0.875 0.11538461538461539 0.009615384615384616 0.9326923076923077 1083.1088620367225 21.889187553978413 109
0.9493670886075949 0.05063291139240506 0.0 0.9477124183006536 0.05228758169934641 0.0 0.7516339869281046 1087.1890212376813 18.635421345805366 158
0.9509803921568627 0.049019607843137254 0.0 0.9484536082474226 0.05154639175257732 0.0 0.7835051546391752 1070.4710203028926 20.881862024975977 102
0.9624060150375939 0.03759398496240601 0.0 0.9609375 0.0390625 0.0 0.7421875 1047.2132214995909 19.40992738036118 133
0.9878048780487805 0.012195121951219513 0.0 0.987012987012987 0.012987012987012988 0.0 0.974025974025974 1079.122726255224 23.196088114752353 82
0.9917355371900827 0.008264462809917356 0.0 0.9913793103448276 0.008620689655172414 0.0 1.0 1037.7693031759425 21.157353912497676 121
0.9781021897810219 0.021897810218978103 0.0 0.9772727272727273 0.022727272727272728 0.0 0.7575757575757576 1087.1564354996258 19.82285506783605 137
0.9545454545454546 0.045454545454545456 0.0 0.952755905511811 0.047244094488188976 0.0 0.7716535433070866 1072.1950258666648 19.397575524758636 132
0.9781021897810219 0.021897810218978103 0.0 0.9772727272727273 0.022727272727272728 0.0 0.7878787878787878 1069.389195850221 18.73045736120811 137
0.9381443298969072 0.061855670103092786 0.0 0.9347826086956522 0.06521739130434782 0.0 0.6956521739130435 1087.4546284890357 19.535223922014076 97
0.9622641509433962 0.03773584905660377 0.0 0.9603960396039604 0.039603960396039604 0.0 0.6534653465346535 1074.716115091849 22.489118227848877 106
0.8679245283018868 0.1320754716981132 0.0 0.8613861386138614 0.13861386138613863 0.0 0.7326732673267327 1085.7572277440447 20.878437315971336 106
0.9595959595959596 0.04040404040404041 0.0 0.9574468085106383 0.0425531914893617 0.0 0.9893617021276596 1036.8497855125793 21.83938991021616 99
0.9363636363636364 0.06363636363636363 0.0 0.9333333333333333 0.06666666666666667 0.0 0.7333333333333333 1078.911969328533 20.79103314650616 110
0.9241379310344827 0.07586206896551724 0.0 0.9285714285714286 0.07142857142857142 0.0 0.75 1081.7811013077505 19.94084361180143 145
0.8275862068965517 0.16379310344827586 0.008620689655172414 0.8288288288288288 0.16216216216216217 0.009009009009009009 0.8378378378378378 1085.716812374632 19.90023240902959 116
0.9829059829059829 0.017094017094017096 0.0 0.9821428571428571 0.017857142857142856 0.0 0.8035714285714286 1087.315039975062 20.94385979928596 117
0.9418604651162791 0.05813953488372093 0.0 0.9382716049382716 0.06172839506172839 0.0 0.8765432098765432 1048.0753054791678 21.970668520694726 86
0.88 0.12 0.0 0.875 0.125 0.0 0.7083333333333334 1087.136544279043 18.11112415552506 125
0.9090909090909091 0.09090909090909091 0.0 0.905511811023622 0.09448818897637795 0.0 0.6220472440944882 1035.7815614197386 19.016439662035182 132
0.9826086956521739 0.017391304347826087 0.0 0.9818181818181818 0.01818181818181818 0.0 0.8636363636363636 1057.2101010753775 20.39146507121122 115
0.9864864864864865 0.013513513513513514 0.0 0.986013986013986 0.013986013986013986 0.0 0.6363636363636364 1063.5847678634382 19.218194113365453 148
0.9436619718309859 0.056338028169014086 0.0 0.9416058394160584 0.058394160583941604 0.0 0.8175182481751825 1079.6109132807246 19.92821118903164 142
0.9253731343283582 0.07462686567164178 0.0 0.9302325581395349 0.06976744186046512 0.0 0.8449612403100775 1086.8102742618414 20.655297037433034 134
0.8833333333333333 0.11666666666666667 0.0 0.88 0.12 0.0 0.7028571428571428 1087.3781999940704 18.022064902376705 180
0.9150943396226415 0.08490566037735849 0.0 0.9108910891089109 0.0891089108910891 0.0 0.9108910891089109 1074.7590141698493 21.70305821414724 106
0.967741935483871 0.03225806451612903 0.0 0.9663865546218487 0.03361344537815126 0.0 0.7647058823529411 1076.261440309927 21.238379589231364 124
0.8511904761904762 0.1488095238095238 0.0 0.8466257668711656 0.15337423312883436 0.0 0.6809815950920245 1074.7063029385092 17.72344944905584 168
0.9104477611940298 0.07462686567164178 0.014925373134328358 0.9069767441860465 0.07751937984496124 0.015503875968992248 0.6589147286821705 1081.3420884106702 20.495731001607588 134
0.9393939393939394 0.06060606060606061 0.0 0.9468085106382979 0.05319148936170213 0.0 0.8191489361702128 1037.1392844541447 20.62367866255326 99
0.9743589743589743 0.02564102564102564 0.0 0.9821428571428571 0.017857142857142856 0.0 0.9017857142857143 1025.6182841653078 21.719902409635285 117
0.9680851063829787 0.031914893617021274 0.0 0.9775280898876404 0.02247191011235955 0.0 0.8314606741573034 1082.8817818281202 20.22012711691974 94
0.7757575757575758 0.22424242424242424 0.0 0.76875 0.23125 0.0 0.0125 1041.3314331902939 18.079025719939423 165
0.8962962962962963 0.1037037037037037 0.0 0.8923076923076924 0.1076923076923077 0.0 0.7923076923076923 1087.3994586202282 20.206144939590985 135
0.96875 0.03125 0.0 0.967479674796748 0.032520325203252036 0.0 0.7560975609756098 1080.1733470517256 20.339613190417193 128
0.9657534246575342 0.03424657534246575 0.0 0.9645390070921985 0.03546099290780142 0.0 0.7730496453900709 1079.9575001154194 19.214344565961728 146
0.9519230769230769 0.04807692307692308 0.0 0.9494949494949495 0.050505050505050504 0.0 0.8888888888888888 1083.2311859602667 20.835861832661802 104
0.9911504424778761 0.008849557522123894 0.0 0.9907407407407407 0.009259259259259259 0.0 0.9444444444444444 1071.7015549669657 19.998552214727127 113
0.9380530973451328 0.061946902654867256 0.0 0.9351851851851852 0.06481481481481481 0.0 0.7962962962962963 1079.0457228014145 21.21738389058736 113
0.95 0.05 0.0 0.9478260869565217 0.05217391304347826 0.0 0.991304347826087 1066.2847301311685 21.066709368762147 120
0.9381443298969072 0.061855670103092786 0.0 0.9347826086956522 0.06521739130434782 0.0 1.0 1060.111460550438 22.335647263831337 97
0.9478260869565217 0.05217391304347826 0.0 0.9454545454545454 0.05454545454545454 0.0 0.8 1075.86093431922 20.747911120839326 115
0.9815950920245399 0.018404907975460124 0.0 0.9810126582278481 0.0189873417721519 0.0 0.879746835443038 1067.5624267376193 18.910469912949537 163
0.9333333333333333 0.06666666666666667 0.0 0.9304347826086956 0.06956521739130435 0.0 0.8173913043478261 1087.0507952406965 19.683828471408287 120
0.9256756756756757 0.06756756756756757 0.006756756756756757 0.9230769230769231 0.06993006993006994 0.006993006993006993 0.958041958041958 1011.7361467281635 19.48267944373156 148
0.9124087591240876 0.08759124087591241 0.0 0.9090909090909091 0.09090909090909091 0.0 0.7878787878787878 1083.5158197192727 20.783289094145292 137
0.9304347826086956 0.06956521739130435 0.0 0.9272727272727272 0.07272727272727272 0.0 0.8636363636363636 1053.2948187807835 21.78367233930847 115
0.9823008849557522 0.017699115044247787 0.0 0.9814814814814815 0.018518518518518517 0.0 0.7314814814814815 1003.9125622712115 19.98812873187461 113
0.9375 0.0625 0.0 0.9424460431654677 0.05755395683453238 0.0 0.762589928057554 1083.8611290990445 20.071956488009263 144
0.9929577464788732 0.007042253521126761 0.0 0.9927007299270073 0.0072992700729927005 0.0 0.8613138686131386 1081.2820879446224 19.50748833115301 142
0.9612403100775194 0.03875968992248062 0.0 0.9596774193548387 0.04032258064516129 0.0 0.7580645161290323 1087.337905809977 18.837256978379546 129
0.9224137931034483 0.07758620689655173 0.0 0.918918918918919 0.08108108108108109 0.0 0.918918918918919 1049.680803953769 19.845324100841435 116
0.928 0.072 0.0 0.925 0.075 0.0 0.9166666666666666 1068.2036487907233 20.802922113935377 125
0.9150326797385621 0.08496732026143791 0.0 0.918918918918919 0.08108108108108109 0.0 0.831081081081081 1008.0173446453626 18.571400724743086 153
0.9411764705882353 0.058823529411764705 0.0 0.9389312977099237 0.061068702290076333 0.0 0.816793893129771 1085.7219703646724 20.88785406785549 136
0.928 0.072 0.0 0.925 0.075 0.0 0.6916666666666667 1087.4196691036936 19.72640912676917 125
0.8840579710144928 0.11594202898550725 0.0 0.8796992481203008 0.12030075187969924 0.0 0.7368421052631579 1078.9660747567057 18.532557091735658 138
0.8283582089552238 0.15671641791044777 0.014925373134328358 0.8217054263565892 0.16279069767441862 0.015503875968992248 0.9302325581395349 1076.1693774565304 18.88599265939959 134
0.9506172839506173 0.04938271604938271 0.0 0.9490445859872612 0.050955414012738856 0.0 0.7006369426751592 1087.3702906126591 18.0493020620772 162
0.90625 0.09375 0.0 0.9024390243902439 0.0975609756097561 0.0 0.9024390243902439 1067.0636269806544 19.433201812573476 128
0.945054945054945 0.054945054945054944 0.0 0.9418604651162791 0.05813953488372093 0.0 0.813953488372093 1079.137755920178 20.839604818357856 91
0.9007633587786259 0.09923664122137404 0.0 0.8968253968253969 0.10317460317460317 0.0 0.7380952380952381 1087.1098709963983 19.67309881597545 131
0.8898305084745762 0.11016949152542373 0.0 0.8849557522123894 0.11504424778761062 0.0 0.7256637168141593 1087.384463751213 20.447880783590325 118
0.9696969696969697 0.030303030303030304 0.0 0.968503937007874 0.031496062992125984 0.0 0.7637795275590551 1081.9857861213452 19.924451156008843 132
0.9831932773109243 0.01680672268907563 0.0 0.9824561403508771 0.017543859649122806 0.0 0.9122807017543859 1068.158471730526 20.194950506735573 119
0.8976377952755905 0.08661417322834646 0.015748031496062992 0.9016393442622951 0.08196721311475409 0.01639344262295082 0.6311475409836066 1042.2218236522672 19.413636972369396 127
0.9395973154362416 0.06040268456375839 0.0 0.9375 0.0625 0.0 0.8055555555555556 1019.2401957429821 19.213599043572568 149
0.8869565217391304 0.11304347826086956 0.0 0.8818181818181818 0.11818181818181818 0.0 0.6909090909090909 1075.205593273449 21.4650889091203 115
0.908256880733945 0.08256880733944955 0.009174311926605505 0.9134615384615384 0.07692307692307693 0.009615384615384616 0.8173076923076923 1042.5845072932384 20.269771136574654 109
0.9145299145299145 0.08547008547008547 0.0 0.9196428571428571 0.08035714285714286 0.0 0.8303571428571429 1071.332515823381 19.875375327848964 117
0.9557522123893806 0.04424778761061947 0.0 0.9537037037037037 0.046296296296296294 0.0 0.8055555555555556 1084.45332341398 21.052463567138723 113
0.9565217391304348 0.043478260869565216 0.0 0.9548872180451128 0.045112781954887216 0.0 0.7894736842105263 1087.1274564260161 19.083083405221423 138
0.9646017699115044 0.02654867256637168 0.008849557522123894 0.9629629629629629 0.027777777777777776 0.009259259259259259 0.9814814814814815 1053.0451378423604 20.60501626250098 113
0.9512195121951219 0.04878048780487805 0.0 0.9576271186440678 0.0423728813559322 0.0 0.8135593220338984 1087.009372894344 20.915219699952402 123
0.943089430894309 0.056910569105691054 0.0 0.940677966101695 0.059322033898305086 0.0 0.8559322033898306 1079.4159657261957 20.0081386733088 123
0.9611650485436893 0.038834951456310676 0.0 0.9591836734693877 0.04081632653061224 0.0 0.8673469387755102 1071.839595237231 20.319704137441306 103
0.9097744360902256 0.09022556390977443 0.0 0.90625 0.09375 0.0 0.6875 1087.4570060873448 19.335371109671485 133
0.9507389162561576 0.04926108374384237 0.0 0.9494949494949495 0.050505050505050504 0.0 0.7424242424242424 1087.380297350536 18.06142817188964 203
0.9508196721311475 0.04918032786885246 0.0 0.9487179487179487 0.05128205128205128 0.0 0.7350427350427351 1057.5330745185424 20.167498086023244 122
0.8978494623655914 0.10215053763440861 0.0 0.8950276243093923 0.10497237569060773 0.0 0.6961325966850829 1086.8278992880341 18.641299639203375 186
0.9583333333333334 0.041666666666666664 0.0 0.9570552147239264 0.04294478527607362 0.0 0.5030674846625767 1042.4553987174654 19.73292030284964 168
0.8931297709923665 0.10687022900763359 0.0 0.8888888888888888 0.1111111111111111 0.0 0.7936507936507936 1067.8038652349467 19.312709576444217 131
0.9193548387096774 0.08064516129032258 0.0 0.9159663865546218 0.08403361344537816 0.0 0.8739495798319328 1067.0219988375716 20.3900521294722 124
0.937984496124031 0.05426356589147287 0.007751937984496124 0.9354838709677419 0.056451612903225805 0.008064516129032258 0.8225806451612904 1069.400193330792 20.340213198241706 129
0.9431818181818182 0.056818181818181816 0.0 0.9397590361445783 0.060240963855421686 0.0 0.9879518072289156 963.2255287560686 23.72224454643365 88
0.9612903225806452 0.03870967741935484 0.0 0.96 0.04 0.0 0.8533333333333334 1087.3905918442288 19.355525116217116 155
0.873015873015873 0.11904761904761904 0.007936507936507936 0.8677685950413223 0.12396694214876033 0.008264462809917356 0.4628099173553719 1087.463215264206 20.10577620784078 126
0.9238095238095239 0.05714285714285714 0.01904761904761905 0.92 0.06 0.02 0.9 1071.9490410238689 19.280301178335275 105
0.9512195121951219 0.04065040650406504 0.008130081300813009 0.9491525423728814 0.0423728813559322 0.00847457627118644 0.9915254237288136 1036.8069532442178 20.12492064109919 123
0.8899082568807339 0.09174311926605505 0.01834862385321101 0.8846153846153846 0.09615384615384616 0.019230769230769232 0.8557692307692307 1084.7290243483576 22.572388985626297 109
0.8853503184713376 0.11464968152866242 0.0 0.881578947368421 0.11842105263157894 0.0 0.7171052631578947 1087.1232147042842 19.952859751160144 157
0.9615384615384616 0.038461538461538464 0.0 0.9595959595959596 0.04040404040404041 0.0 0.9797979797979798 1034.1287854314205 21.440217119043986 104
0.9523809523809523 0.047619047619047616 0.0 0.9504132231404959 0.049586776859504134 0.0 0.8264462809917356 984.6765922945161 19.285925392570192 126
0.9416666666666667 0.058333333333333334 0.0 0.9391304347826087 0.06086956521739131 0.0 0.7304347826086957 1087.330409553519 21.01411745447896 120
0.9421487603305785 0.05785123966942149 0.0 0.9396551724137931 0.0603448275862069 0.0 0.9051724137931034 1087.4177564655872 20.812308019769773 121
0.8417721518987342 0.14556962025316456 0.012658227848101266 0.8366013071895425 0.1503267973856209 0.013071895424836602 0.738562091503268 1087.3667871486657 19.235988954137554 158
0.9572649572649573 0.042735042735042736 0.0 0.9553571428571429 0.044642857142857144 0.0 0.8482142857142857 1057.5391513937905 19.97720237438874 117
0.9457364341085271 0.05426356589147287 0.0 0.9435483870967742 0.056451612903225805 0.0 0.9193548387096774 1049.0630227711417 21.36514849027407 129
0.9396551724137931 0.0603448275862069 0.0 0.9369369369369369 0.06306306306306306 0.0 0.5765765765765766 1087.4483719517982 19.71169561719578 116
0.9304347826086956 0.06956521739130435 0.0 0.9272727272727272 0.07272727272727272 0.0 0.9818181818181818 939.4912475455762 20.344852437899977 115
0.7972027972027972 0.20279720279720279 0.0 0.7898550724637681 0.21014492753623187 0.0 0.6231884057971014 1084.8355189810918 20.058079973200144 143
0.9577464788732394 0.04225352112676056 0.0 0.9562043795620438 0.043795620437956206 0.0 0.8321167883211679 1087.2828336907444 19.438341832766877 142
0.9379310344827586 0.06206896551724138 0.0 0.9357142857142857 0.06428571428571428 0.0 0.9142857142857143 1078.9130443487732 20.799190748972425 145
1.0 0.0 0.0 1.0 0.0 0.0 0.8715596330275229 1086.9987915708316 19.649169146105166 114
0.9562043795620438 0.043795620437956206 0.0 0.9621212121212122 0.03787878787878788 0.0 0.696969696969697 1066.7713412188634 18.103561683234858 137
0.9204545454545454 0.07954545454545454 0.0 0.9156626506024096 0.08433734939759036 0.0 0.8072289156626506 1031.3949389216884 22.098740246110637 88
0.9777777777777777 0.022222222222222223 0.0 0.9764705882352941 0.023529411764705882 0.0 0.8705882352941177 1087.4433925405929 21.62099262217155 90
0.9587628865979382 0.041237113402061855 0.0 0.9565217391304348 0.043478260869565216 0.0 0.7717391304347826 1017.2148820163142 20.062298879660688 97
0.9910714285714286 0.008928571428571428 0.0 0.9906542056074766 0.009345794392523364 0.0 0.9252336448598131 1019.3365696864521 20.83765349872292 112
0.9274193548387096 0.07258064516129033 0.0 0.9327731092436975 0.06722689075630252 0.0 0.9915966386554622 1085.052559304517 20.78224461519759 124
0.9642857142857143 0.03571428571428571 0.0 0.9629629629629629 0.037037037037037035 0.0 0.9259259259259259 1075.847178328617 19.612888178313913 140
0.9451219512195121 0.054878048780487805 0.0 0.9433962264150944 0.05660377358490566 0.0 0.9182389937106918 1031.2907237475752 18.562324349903047 164
0.9478260869565217 0.05217391304347826 0.0 0.9454545454545454 0.05454545454545454 0.0 0.8636363636363636 1087.4785271954006 20.674096873331326 115
0.9420289855072463 0.057971014492753624 0.0 0.9398496240601504 0.06015037593984962 0.0 0.5939849624060151 1081.7043962789903 19.33053984644214 138
0.9487179487179487 0.05128205128205128 0.0 0.9464285714285714 0.05357142857142857 0.0 0.9196428571428571 1048.0376638898056 20.646059746015855 117
0.9491525423728814 0.05084745762711865 0.0 0.9469026548672567 0.05309734513274336 0.0 0.6283185840707964 1087.4087411430303 20.426095243783433 118
0.9655172413793104 0.034482758620689655 0.0 0.9642857142857143 0.03571428571428571 0.0 0.8857142857142857 1051.3480187313673 19.414663308054703 145
0.9807692307692307 0.019230769230769232 0.0 0.9797979797979798 0.020202020202020204 0.0 0.8888888888888888 1039.3250332633552 19.040278014675962 104
0.8173076923076923 0.14423076923076922 0.038461538461538464 0.8080808080808081 0.15151515151515152 0.04040404040404041 0.898989898989899 1067.7597980694275 22.07903055931495 104
0.9905660377358491 0.009433962264150943 0.0 0.9900990099009901 0.009900990099009901 0.0 0.7821782178217822 1062.783774803997 19.89670402196823 106
0.9428571428571428 0.05714285714285714 0.0 0.94 0.06 0.0 0.85 1085.4584149423831 21.1054039559664 105
0.9692307692307692 0.03076923076923077 0.0 0.968 0.032 0.0 0.92 1059.0760154663258 20.898062111150743 130
0.924812030075188 0.07518796992481203 0.0 0.921875 0.078125 0.0 0.90625 1025.2880319985773 20.697360370529104 133
0.9821428571428571 0.017857142857142856 0.0 0.9813084112149533 0.018691588785046728 0.0 0.8317757009345794 1074.2760571335652 19.918500702340854 112
1.0 0.0 0.0 1.0 0.0 0.0 0.7040816326530612 1014.6193587338153 20.502331079408265 103
0.9021739130434783 0.09782608695652174 0.0 0.896551724137931 0.10344827586206896 0.0 0.9425287356321839 1035.4292566632662 23.386511682666335 92
0.9622641509433962 0.03773584905660377 0.0 0.9702970297029703 0.0297029702970297 0.0 0.8118811881188119 1082.3383153298664 21.74017707399917 106
0.9537037037037037 0.046296296296296294 0.0 0.9514563106796117 0.04854368932038835 0.0 0.7572815533980582 1017.8947909090155 20.98515679465573 108
0.937007874015748 0.06299212598425197 0.0 0.9344262295081968 0.06557377049180328 0.0 0.7377049180327869 1087.4633259252464 18.618278673001903 127
0.9344262295081968 0.06557377049180328 0.0 0.9316239316239316 0.06837606837606838 0.0 0.8717948717948718 1085.3170035936848 19.84298516369634 122
0.9333333333333333 0.05925925925925926 0.007407407407407408 0.9307692307692308 0.06153846153846154 0.007692307692307693 0.7769230769230769 1061.1376416376477 19.300401004769046 135
0.9225806451612903 0.07741935483870968 0.0 0.92 0.08 0.0 0.76 1078.2480005097145 18.373258321822597 155
0.95 0.05 0.0 0.9473684210526315 0.05263157894736842 0.0 1.0 1079.585983304891 22.186479169405413 100
0.9166666666666666 0.06481481481481481 0.018518518518518517 0.9223300970873787 0.05825242718446602 0.019417475728155338 0.8446601941747572 1026.3311425455638 21.99002164786303 108
0.940677966101695 0.059322033898305086 0.0 0.9380530973451328 0.061946902654867256 0.0 0.7876106194690266 1073.4170735747946 20.157217570323375 118
0.9789473684210527 0.021052631578947368 0.0 0.9888888888888889 0.011111111111111112 0.0 0.8111111111111111 1069.6552577679176 22.289881078406218 95
0.9259259259259259 0.07407407407407407 0.0 0.9230769230769231 0.07692307692307693 0.0 0.7538461538461538 1065.9871069049132 19.960797376164052 135
0.9432624113475178 0.05673758865248227 0.0 0.9411764705882353 0.058823529411764705 0.0 0.8897058823529411 1087.4579581778307 19.38079038617376 141
0.958904109589041 0.0410958904109589 0.0 0.9645390070921985 0.03546099290780142 0.0 0.8014184397163121 1039.1286844301117 19.19737851902347 146
0.8646616541353384 0.12030075187969924 0.015037593984962405 0.859375 0.125 0.015625 0.78125 1062.2877998697563 20.860804627223036 133
0.90625 0.08333333333333333 0.010416666666666666 0.9010989010989011 0.08791208791208792 0.01098901098901099 0.8571428571428571 1048.4697216180189 21.82176600678522 96
0.9901960784313726 0.00980392156862745 0.0 0.9896907216494846 0.010309278350515464 0.0 0.9690721649484536 1071.1922360061587 20.962924569571793 102
0.952 0.048 0.0 0.95 0.05 0.0 0.875 1057.4153141481786 20.150224239248804 125
0.9387755102040817 0.061224489795918366 0.0 0.9366197183098591 0.06338028169014084 0.0 0.8309859154929577 1086.7718520657397 19.45464767707899 147
0.9262295081967213 0.07377049180327869 0.0 0.9230769230769231 0.07692307692307693 0.0 0.717948717948718 1080.4894096931775 20.413842161882002 122
0.944954128440367 0.05504587155963303 0.0 0.9423076923076923 0.057692307692307696 0.0 0.7884615384615384 1047.017470855052 21.802844729694282 109
0.9444444444444444 0.05555555555555555 0.0 0.9424460431654677 0.05755395683453238 0.0 0.8920863309352518 1057.3701001270367 18.010299333721733 144
0.9115646258503401 0.08843537414965986 0.0 0.9084507042253521 0.09154929577464789 0.0 0.7816901408450704 1087.300526080276 19.109155196959158 147
0.9064748201438849 0.09352517985611511 0.0 0.9029850746268657 0.09701492537313433 0.0 0.007462686567164179 1045.4209771113801 20.277784703661347 139
0.9714285714285714 0.02857142857142857 0.0 0.9703703703703703 0.02962962962962963 0.0 0.8148148148148148 1028.6424697653476 19.068179695462536 140
0.984375 0.015625 0.0 0.983739837398374 0.016260162601626018 0.0 0.7723577235772358 1078.0300167144944 19.151215728700624 128
1.0 0.0 0.0 1.0 0.0 0.0 1.0 1045.1381497268474 24.30368739216244 87
0.9032258064516129 0.0967741935483871 0.0 0.9 0.1 0.0 0.68 1087.4411216629353 17.76482903805495 155
0.8648648648648649 0.12612612612612611 0.009009009009009009 0.8584905660377359 0.1320754716981132 0.009433962264150943 0.9056603773584906 1087.005717678763 22.981552801043513 111
0.8362068965517241 0.16379310344827586 0.0 0.8288288288288288 0.17117117117117117 0.0 0.6576576576576577 1061.2896024824838 21.07417277469152 116
0.9469026548672567 0.05309734513274336 0.0 0.9444444444444444 0.05555555555555555 0.0 0.75 1073.1313044257965 21.740763908710406 113
0.8739495798319328 0.11764705882352941 0.008403361344537815 0.868421052631579 0.12280701754385964 0.008771929824561403 0.8859649122807017 1039.7423642879728 20.499147742165466 119
0.9552238805970149 0.04477611940298507 0.0 0.9612403100775194 0.03875968992248062 0.0 0.7906976744186046 1075.8620954542002 20.42458149019796 134
0.9153846153846154 0.08461538461538462 0.0 0.912 0.088 0.0 0.864 1075.4475422511955 20.580260879398015 130
0.9897959183673469 0.01020408163265306 0.0 0.989247311827957 0.010752688172043012 0.0 0.946236559139785 1066.3809118950028 21.665892001553765 98
0.9782608695652174 0.021739130434782608 0.0 0.9770114942528736 0.022988505747126436 0.0 0.6896551724137931 1084.6331420430633 22.189917940337743 92
0.925 0.075 0.0 0.92 0.08 0.0 0.9866666666666667 1043.13699477211 23.230193985070542 80
0.9612403100775194 0.03875968992248062 0.0 0.9596774193548387 0.04032258064516129 0.0 0.8064516129032258 1078.7327113969463 20.157096670624117 129
0.9452054794520548 0.0547945205479452 0.0 0.9432624113475178 0.05673758865248227 0.0 0.8085106382978723 1085.0099316046583 19.30622521394169 146
0.7272727272727273 0.2727272727272727 0.0 0.7246376811594203 0.2753623188405797 0.0 0.0 1021.9237104521102 18.03466779217578 143
0.9583333333333334 0.041666666666666664 0.0 0.9570552147239264 0.04294478527607362 0.0 0.7607361963190185 1064.0732276457438 18.853440318049774 168
0.9572649572649573 0.042735042735042736 0.0 0.9553571428571429 0.044642857142857144 0.0 0.9017857142857143 1073.4060484537001 21.601913373349376 117
0.9813664596273292 0.018633540372670808 0.0 0.9807692307692307 0.019230769230769232 0.0 0.7692307692307693 1080.718528687546 18.68154336720485 161
0.9661016949152542 0.03389830508474576 0.0 0.9646017699115044 0.035398230088495575 0.0 0.8495575221238938 1071.5483864449463 20.40843475068787 118
0.9338842975206612 0.06611570247933884 0.0 0.9310344827586207 0.06896551724137931 0.0 0.7155172413793104 1087.3947918618699 19.369428381697386 121
0.9315068493150684 0.0684931506849315 0.0 0.9361702127659575 0.06382978723404255 0.0 0.8439716312056738 1068.24259557498 17.954330520920028 146
0.9107142857142857 0.08035714285714286 0.008928571428571428 0.9065420560747663 0.08411214953271028 0.009345794392523364 0.897196261682243 1050.623664675061 20.127331920207475 112
0.9745222929936306 0.025477707006369428 0.0 0.9802631578947368 0.019736842105263157 0.0 0.8552631578947368 1077.8090038054022 19.100207182017233 157
0.979381443298969 0.020618556701030927 0.0 0.9782608695652174 0.021739130434782608 0.0 0.6413043478260869 1085.5041352230219 22.611832588511515 97
0.9655172413793104 0.034482758620689655 0.0 0.9634146341463414 0.036585365853658534 0.0 1.0 1012.5240524506772 21.581117393429903 87
0.9262295081967213 0.07377049180327869 0.0 0.9230769230769231 0.07692307692307693 0.0 0.8974358974358975 1063.9353152985227 21.239880863668336 122
0.9736842105263158 0.02631578947368421 0.0 0.9724770642201835 0.027522935779816515 0.0 0.9357798165137615 1084.971619700061 19.867790058133682 114
0.954954954954955 0.04504504504504504 0.0 0.9528301886792453 0.04716981132075472 0.0 0.7924528301886793 1087.4242610795498 19.51909906315955 111
0.8880597014925373 0.11194029850746269 0.0 0.8837209302325582 0.11627906976744186 0.0 0.7209302325581395 1087.475877370955 18.8693867652711 134
0.956140350877193 0.043859649122807015 0.0 0.9541284403669725 0.045871559633027525 0.0 0.9174311926605505 1079.696453291727 21.906294534653743 114
0.875 0.125 0.0 0.8787878787878788 0.12121212121212122 0.0 0.6767676767676768 1085.7869660185358 19.6293931202698 104
0.8803418803418803 0.11965811965811966 0.0 0.875 0.125 0.0 1.0 1043.3149442022898 20.923542530913757 117
0.904 0.096 0.0 0.9 0.1 0.0 0.675 1087.4927511536994 20.43902689114753 125
0.9290780141843972 0.07092198581560284 0.0 0.9338235294117647 0.0661764705882353 0.0 0.8602941176470589 1087.2276947167732 20.227813733990597 141
0.9315068493150684 0.0684931506849315 0.0 0.9290780141843972 0.07092198581560284 0.0 0.0 1025.9759974166577 19.450761512434383 146
0.9629629629629629 0.037037037037037035 0.0 0.9611650485436893 0.038834951456310676 0.0 0.8543689320388349 1085.9971225522106 21.085158729436063 108
0.9423076923076923 0.057692307692307696 0.0 0.9393939393939394 0.06060606060606061 0.0 0.7676767676767676 1036.3107548401274 19.761472912504853 104
0.9428571428571428 0.05714285714285714 0.0 0.94 0.06 0.0 0.9 1050.7680370509327 20.298402381121253 105
0.9444444444444444 0.05555555555555555 0.0 0.941747572815534 0.05825242718446602 0.0 0.8543689320388349 1069.666213297098 21.21149516295504 108
0.9572649572649573 0.042735042735042736 0.0 0.9642857142857143 0.03571428571428571 0.0 0.7946428571428571 1086.448628377174 21.44623282188293 117
0.9375 0.0625 0.0 0.9349593495934959 0.06504065040650407 0.0 0.7560975609756098 1087.4152991990443 19.1559705934266 128
1.0 0.0 0.0 1.0 0.0 0.0 0.8214285714285714 1056.624707662129 21.437156726285107 89
0.905511811023622 0.09448818897637795 0.0 0.9016393442622951 0.09836065573770492 0.0 0.860655737704918 1087.354900918031 19.718611302806977 127
1.0 0.0 0.0 1.0 0.0 0.0 0.8476190476190476 1025.3143366247944 20.913645724068573 110
0.9631901840490797 0.03680981595092025 0.0 0.9620253164556962 0.0379746835443038 0.0 0.7215189873417721 1087.4907523859583 17.99895831120034 163
0.875 0.08333333333333333 0.041666666666666664 0.8705035971223022 0.08633093525179857 0.04316546762589928 0.8848920863309353 1052.1529484191115 19.69943623130375 144
0.9518072289156626 0.04819277108433735 0.0 0.9487179487179487 0.05128205128205128 0.0 0.9743589743589743 1068.7474315567385 22.02502102242665 83
0.9365079365079365 0.06349206349206349 0.0 0.9421487603305785 0.05785123966942149 0.0 0.8512396694214877 1030.1655132405006 18.811118266422902 126
0.8515625 0.1484375 0.0 0.8455284552845529 0.15447154471544716 0.0 0.6016260162601627 1087.466801096694 19.084916722774597 128
0.9683544303797469 0.03164556962025317 0.0 0.9673202614379085 0.032679738562091505 0.0 0.8823529411764706 1031.6706909795403 19.234327839473302 158
1.0 0.0 0.0 1.0 0.0 0.0 0.8053097345132744 1012.5569833641715 18.88466781944629 118
0.9098360655737705 0.09016393442622951 0.0 0.905982905982906 0.09401709401709402 0.0 0.9145299145299145 1069.207586700785 21.289132590296685 122
1.0 0.0 0.0 1.0 0.0 0.0 0.868421052631579 1042.2511901900195 20.61812317128905 119
0.9007633587786259 0.09923664122137404 0.0 0.9047619047619048 0.09523809523809523 0.0 0.8412698412698413 1079.725660144749 19.807328937395067 131
0.9279279279279279 0.07207207207207207 0.0 0.9339622641509434 0.0660377358490566 0.0 0.8962264150943396 1084.6364205432128 22.102866817083587 111
0.7531645569620253 0.2468354430379747 0.0 0.7450980392156863 0.2549019607843137 0.0 0.0 1064.1988868478268 17.542672819718103 158
0.9473684210526315 0.05263157894736842 0.0 0.9444444444444444 0.05555555555555555 0.0 0.8666666666666667 1021.140922292674 22.539954716619928 95
0.9223300970873787 0.07766990291262135 0.0 0.9183673469387755 0.08163265306122448 0.0 0.9081632653061225 1037.1615514007046 21.860281699236673 103
0.975609756097561 0.024390243902439025 0.0 0.9745762711864406 0.025423728813559324 0.0 0.8559322033898306 1087.4527504434054 20.406162890428966 123
0.9064748201438849 0.09352517985611511 0.0 0.9029850746268657 0.09701492537313433 0.0 0.6417910447761194 1040.9589959352509 19.021945846095605 139
0.8642857142857143 0.12142857142857143 0.014285714285714285 0.8592592592592593 0.1259259259259259 0.014814814814814815 0.9481481481481482 1079.6790218127194 18.572428399081083 140
0.9363057324840764 0.06369426751592357 0.0 0.9342105263157895 0.06578947368421052 0.0 0.7894736842105263 1087.4276396111436 19.251912416133838 157
0.9019607843137255 0.0915032679738562 0.006535947712418301 0.8986486486486487 0.0945945945945946 0.006756756756756757 0.6891891891891891 1087.4511813745164 18.641152728644524 153
0.8978102189781022 0.10218978102189781 0.0 0.8939393939393939 0.10606060606060606 0.0 0.7196969696969697 1086.2087121671527 19.438797244070543 137
0.9555555555555556 0.044444444444444446 0.0 0.9615384615384616 0.038461538461538464 0.0 0.7153846153846154 1086.3013784732887 19.981886755082062 135
0.9145299145299145 0.08547008547008547 0.0 0.9107142857142857 0.08928571428571429 0.0 0.8303571428571429 1085.143728434694 21.083029160054423 117
0.9274193548387096 0.07258064516129033 0.0 0.9243697478991597 0.07563025210084033 0.0 0.9495798319327731 1010.6018562129661 21.409278230124038 124
0.9279279279279279 0.07207207207207207 0.0 0.9245283018867925 0.07547169811320754 0.0 0.8679245283018868 1058.3560917094153 19.22771610868998 111
0.9387755102040817 0.061224489795918366 0.0 0.9366197183098591 0.06338028169014084 0.0 0.8661971830985915 1076.0973296905793 19.449693096548412 147
0.865546218487395 0.09243697478991597 0.04201680672268908 0.8596491228070176 0.09649122807017543 0.043859649122807015 0.868421052631579 1077.0283853805445 19.962060834976665 119
0.9433962264150944 0.05660377358490566 0.0 0.9504950495049505 0.04950495049504951 0.0 0.7227722772277227 1064.7489365458848 20.746367035675643 106
0.803030303030303 0.1590909090909091 0.03787878787878788 0.7952755905511811 0.16535433070866143 0.03937007874015748 0.7795275590551181 1077.5963848065671 20.141997505294736 132
1.0 0.0 0.0 1.0 0.0 0.0 0.8468468468468469 1068.481126494115 19.099049063728152 116
0.96 0.04 0.0 0.9583333333333334 0.041666666666666664 0.0 0.6833333333333333 1085.836655628267 19.634792905585314 125
0.8648648648648649 0.13513513513513514 0.0 0.8584905660377359 0.14150943396226415 0.0 0.6792452830188679 1075.1348084494357 21.364333055657834 111
0.9732142857142857 0.026785714285714284 0.0 0.9719626168224299 0.028037383177570093 0.0 0.6822429906542056 1068.9838938077205 18.888185417396638 112
0.8611111111111112 0.1388888888888889 0.0 0.8543689320388349 0.14563106796116504 0.0 0.8155339805825242 1064.178325383135 22.02089888288144 108
0.9097222222222222 0.09027777777777778 0.0 0.9064748201438849 0.09352517985611511 0.0 0.7841726618705036 1086.9913458077058 18.744347439700064 144
0.9111111111111111 0.08888888888888889 0.0 0.9076923076923077 0.09230769230769231 0.0 1.0 1046.3343598217473 19.88892872596391 135
0.9568965517241379 0.04310344827586207 0.0 0.954954954954955 0.04504504504504504 0.0 0.9009009009009009 1083.2714007161615 19.68015398866622 116
0.9693877551020408 0.030612244897959183 0.0 0.967741935483871 0.03225806451612903 0.0 0.8387096774193549 1023.4855216793336 21.171460328476456 98
0.9291338582677166 0.07086614173228346 0.0 0.9262295081967213 0.07377049180327869 0.0 0.8032786885245902 1059.426096050037 20.248463939932446 127
0.9658119658119658 0.03418803418803419 0.0 0.9642857142857143 0.03571428571428571 0.0 0.7857142857142857 1087.0704660744077 21.332231955915262 117
0.8823529411764706 0.1092436974789916 0.008403361344537815 0.8859649122807017 0.10526315789473684 0.008771929824561403 0.7280701754385965 1087.2101796216343 18.700978186164917 119
0.9477611940298507 0.05223880597014925 0.0 0.9457364341085271 0.05426356589147287 0.0 0.7751937984496124 1087.4648195961272 18.045356796776286 134
0.9420289855072463 0.057971014492753624 0.0 0.9398496240601504 0.06015037593984962 0.0 0.8872180451127819 1060.2716786938347 20.43023074433114 138
0.9603174603174603 0.03968253968253968 0.0 0.9586776859504132 0.04132231404958678 0.0 0.7851239669421488 1085.3314964021704 21.141163165260625 126
0.9834710743801653 0.01652892561983471 0.0 0.9827586206896551 0.017241379310344827 0.0 0.7931034482758621 1075.8271525701177 19.13279997605231 121
0.8990825688073395 0.10091743119266056 0.0 0.8942307692307693 0.10576923076923077 0.0 0.9903846153846154 1054.4036342631741 21.16442685772112 109
0.9280575539568345 0.07194244604316546 0.0 0.9253731343283582 0.07462686567164178 0.0 0.8656716417910447 1057.90642405657 20.44654653177905 139
0.9646017699115044 0.035398230088495575 0.0 0.9629629629629629 0.037037037037037035 0.0 0.6944444444444444 1070.772932892973 20.753654685526968 113
0.992 0.008 0.0 0.9916666666666667 0.008333333333333333 0.0 0.4083333333333333 1038.1697079231133 19.7790047604402 125
0.8968253968253969 0.10317460317460317 0.0 0.8925619834710744 0.10743801652892562 0.0 0.8347107438016529 1021.5197554828069 19.396536913909145 126
0.9537037037037037 0.046296296296296294 0.0 0.9514563106796117 0.04854368932038835 0.0 0.9320388349514563 1035.799833781801 19.35728160398423 108
0.911504424778761 0.08849557522123894 0.0 0.9074074074074074 0.09259259259259259 0.0 0.7592592592592593 1085.6238336916604 21.90404964249628 113
0.8926174496644296 0.10067114093959731 0.006711409395973154 0.8888888888888888 0.10416666666666667 0.006944444444444444 0.0 1022.3852528403004 18.44448239413284 149
0.9310344827586207 0.06896551724137931 0.0 0.9279279279279279 0.07207207207207207 0.0 0.7837837837837838 1086.9068212615855 21.915000910634024 116
0.8975903614457831 0.0963855421686747 0.006024096385542169 0.8944099378881988 0.09937888198757763 0.006211180124223602 0.7701863354037267 1087.28614215115 19.023760502267457 166
0.9380530973451328 0.061946902654867256 0.0 0.9351851851851852 0.06481481481481481 0.0 0.9351851851851852 1051.9903845511346 21.039043061782014 113
0.9375 0.0625 0.0 0.935251798561151 0.06474820143884892 0.0 0.7913669064748201 1049.3830585121268 18.911272806325815 144
0.9619047619047619 0.0380952380952381 0.0 0.96 0.04 0.0 0.6 1063.1052883740083 19.313086411957052 105
0.9071428571428571 0.09285714285714286 0.0 0.9037037037037037 0.0962962962962963 0.0 0.7333333333333333 1009.2397198119199 17.71825396276712 140
0.9824561403508771 0.017543859649122806 0.0 0.981651376146789 0.01834862385321101 0.0 0.7889908256880734 1087.3545339762507 20.20046532794719 114
0.9264705882352942 0.07352941176470588 0.0 0.9236641221374046 0.07633587786259542 0.0 0.7557251908396947 1062.9700296504059 20.910893775691147 136
0.8582677165354331 0.11023622047244094 0.031496062992125984 0.860655737704918 0.10655737704918032 0.03278688524590164 0.819672131147541 1066.223235510486 20.655608007650287 127
0.9262295081967213 0.07377049180327869 0.0 0.9230769230769231 0.07692307692307693 0.0 0.7863247863247863 1087.412190302721 19.945101503625303 122
0.9433962264150944 0.05660377358490566 0.0 0.9405940594059405 0.0594059405940594 0.0 0.8118811881188119 1016.3529780635342 21.18456392348743 106
0.9658119658119658 0.03418803418803419 0.0 0.9642857142857143 0.03571428571428571 0.0 0.7678571428571429 1079.5310795626392 20.598341504270238 117
0.9381443298969072 0.041237113402061855 0.020618556701030927 0.9347826086956522 0.043478260869565216 0.021739130434782608 0.9782608695652174 1079.199406594815 21.68101504785445 97
0.9741379310344828 0.02586206896551724 0.0 0.972972972972973 0.02702702702702703 0.0 0.7837837837837838 1086.2667377794903 20.10219910422086 116
0.8524590163934426 0.10655737704918032 0.040983606557377046 0.8461538461538461 0.1111111111111111 0.042735042735042736 0.7948717948717948 1025.0314614290733 19.3364109621589 122
0.8372093023255814 0.13178294573643412 0.031007751937984496 0.8306451612903226 0.13709677419354838 0.03225806451612903 0.8790322580645161 1062.0906194505865 19.48596230040287 129
0.936 0.064 0.0 0.9333333333333333 0.06666666666666667 0.0 0.9416666666666667 1080.630997362427 20.169867360718676 125
0.8827586206896552 0.11724137931034483 0.0 0.8928571428571429 0.10714285714285714 0.0 0.8857142857142857 1082.7940560002814 19.63889606198051 145
0.9568345323741008 0.04316546762589928 0.0 0.9552238805970149 0.04477611940298507 0.0 0.7910447761194029 1086.4506245250213 19.53233267569857 139
0.9173553719008265 0.08264462809917356 0.0 0.9137931034482759 0.08620689655172414 0.0 0.6982758620689655 1085.0548725824847 20.810334777722325 121
0.9424460431654677 0.05755395683453238 0.0 0.9402985074626866 0.05970149253731343 0.0 0.835820895522388 1060.0399819250017 19.504727964870025 139
0.9606299212598425 0.03937007874015748 0.0 0.9590163934426229 0.040983606557377046 0.0 0.9508196721311475 1052.9320839391526 20.971686014958106 127
0.9705882352941176 0.029411764705882353 0.0 0.9694656488549618 0.030534351145038167 0.0 0.732824427480916 1058.6423895919938 19.691392935911008 136
0.968503937007874 0.031496062992125984 0.0 0.9672131147540983 0.03278688524590164 0.0 0.8278688524590164 1073.9475178463886 20.427208802465888 127
0.9882352941176471 0.011764705882352941 0.0 0.9875 0.0125 0.0 0.75 1080.439536481894 21.857716184748615 85
0.9591836734693877 0.04081632653061224 0.0 0.956989247311828 0.043010752688172046 0.0 0.9032258064516129 1082.795383095297 22.687290638733526 98
0.9195402298850575 0.08045977011494253 0.0 0.9171597633136095 0.08284023668639054 0.0 0.7159763313609467 1087.3945550870164 17.630511540702308 174
0.961038961038961 0.03896103896103896 0.0 0.959731543624161 0.040268456375838924 0.0 0.6644295302013423 1051.9869438665012 19.22461619342756 154
0.9669421487603306 0.03305785123966942 0.0 0.9655172413793104 0.034482758620689655 0.0 0.9224137931034483 1075.125691721045 20.976135666856294 121
0.9699248120300752 0.03007518796992481 0.0 0.96875 0.03125 0.0 0.8671875 1040.2034638222503 20.13014581227174 133
0.9487179487179487 0.05128205128205128 0.0 0.9464285714285714 0.05357142857142857 0.0 0.8125 1086.7543410911107 19.46169367784153 117
0.864406779661017 0.1271186440677966 0.00847457627118644 0.8672566371681416 0.12389380530973451 0.008849557522123894 0.6991150442477876 1083.9592458052514 18.975795104752837 118
0.7278911564625851 0.24489795918367346 0.027210884353741496 0.7183098591549296 0.2535211267605634 0.028169014084507043 0.5352112676056338 1086.3420105368532 18.90521460677208 147
1.0 0.0 0.0 1.0 0.0 0.0 0.7209302325581395 1025.1173868885298 20.93284137068861 91
0.9493670886075949 0.05063291139240506 0.0 0.9477124183006536 0.05228758169934641 0.0 0.8366013071895425 1086.8769443177468 18.64067130029945 158
0.9122807017543859 0.07894736842105263 0.008771929824561403 0.908256880733945 0.08256880733944955 0.009174311926605505 0.8715596330275229 1044.6057518862078 20.214900407699258 114
0.9859154929577465 0.014084507042253521 0.0 0.9854014598540146 0.014598540145985401 0.0 0.9124087591240876 1037.2836874133375 19.371689793461865 142
0.8187919463087249 0.15436241610738255 0.026845637583892617 0.8125 0.1597222222222222 0.027777777777777776 0.7916666666666666 1031.0645192131408 19.537373296682386 149
0.8832116788321168 0.10218978102189781 0.014598540145985401 0.8787878787878788 0.10606060606060606 0.015151515151515152 0.9848484848484849 1020.7537717921047 19.51614642502237 137
0.9074074074074074 0.09259259259259259 0.0 0.9044585987261147 0.09554140127388536 0.0 0.6751592356687898 1087.404186799745 18.018317729714113 162
0.9407894736842105 0.05921052631578947 0.0 0.9387755102040817 0.061224489795918366 0.0 0.7891156462585034 1087.3578237260615 19.96615884889587 152
0.9612403100775194 0.03875968992248062 0.0 0.9596774193548387 0.04032258064516129 0.0 0.6451612903225806 1087.438550791559 19.478085564727532 129
0.967741935483871 0.03225806451612903 0.0 0.9659090909090909 0.03409090909090909 0.0 0.7840909090909091 1051.944738705182 20.90015893561923 93
0.9618320610687023 0.03816793893129771 0.0 0.9603174603174603 0.03968253968253968 0.0 0.9365079365079365 1044.227215241518 20.256349536273515 131
0.989247311827957 0.010752688172043012 0.0 0.9886363636363636 0.011363636363636364 0.0 0.9318181818181818 1041.3556384591936 22.811490225565556 93
0.9477611940298507 0.05223880597014925 0.0 0.9457364341085271 0.05426356589147287 0.0 0.8914728682170543 1074.536444748014 20.326295894258156 134
0.9078947368421053 0.09210526315789473 0.0 0.9047619047619048 0.09523809523809523 0.0 0.7414965986394558 1086.566954700845 19.039561981641647 152
0.9754098360655737 0.02459016393442623 0.0 0.9743589743589743 0.02564102564102564 0.0 0.9914529914529915 1009.0901617434288 20.381803242259544 122
0.9770114942528736 0.022988505747126436 0.0 0.975609756097561 0.024390243902439025 0.0 0.7073170731707317 1078.4329577073368 20.32107530911413 87
0.8421052631578947 0.13533834586466165 0.022556390977443608 0.8359375 0.140625 0.0234375 0.9453125 1077.4734538165833 20.23417024536798 133
1.0 0.0 0.0 1.0 0.0 0.0 0.8409090909090909 1072.9522505200077 19.491259226592753 93
0.9554140127388535 0.044585987261146494 0.0 0.9539473684210527 0.046052631578947366 0.0 0.7828947368421053 1087.010040172639 18.829899334180364 157
0.9596774193548387 0.04032258064516129 0.0 0.957983193277311 0.04201680672268908 0.0 0.865546218487395 1080.5735492261053 20.050472783329603 124
