0.8203125 0.1796875 0.0 0.8130081300813008 0.18699186991869918 0.0 0.8780487804878049 1051.2585242119198 21.92211148468695 128
0.8333333333333334 0.16666666666666666 0.0 0.8278145695364238 0.17218543046357615 0.0 0.7814569536423841 1069.4064143994904 20.63939523892537 156
0.6982758620689655 0.3017241379310345 0.0 0.6846846846846847 0.3153153153153153 0.0 0.6576576576576577 1070.3348439079616 22.448395858641458 116
0.7563025210084033 0.21008403361344538 0.03361344537815126 0.7456140350877193 0.21929824561403508 0.03508771929824561 0.9736842105263158 1017.5005690939477 22.527156775689708 119
0.8157894736842105 0.17105263157894737 0.013157894736842105 0.8028169014084507 0.18309859154929578 0.014084507042253521 1.0 1056.3497351331937 25.09169298419507 76
0.7894736842105263 0.21052631578947367 0.0 0.78125 0.21875 0.0 0.6875 1087.4263296563265 19.392169741063316 133
0.7398373983739838 0.2601626016260163 0.0 0.7288135593220338 0.2711864406779661 0.0 0.788135593220339 1056.484925805952 22.4511641560665 123
0.8169014084507042 0.16901408450704225 0.014084507042253521 0.8102189781021898 0.17518248175182483 0.014598540145985401 0.8978102189781022 1082.8273172982801 21.702794212858436 142
0.8594594594594595 0.14054054054054055 0.0 0.8611111111111112 0.1388888888888889 0.0 0.6833333333333333 1032.0186910105263 19.503591941364796 185
0.7866666666666666 0.21333333333333335 0.0 0.7793103448275862 0.2206896551724138 0.0 0.7655172413793103 1059.8757622375133 20.718617366535735 150
0.8389830508474576 0.16101694915254236 0.0 0.831858407079646 0.168141592920354 0.0 0.6902654867256637 1087.2679585229082 21.135297516375598 118
0.6936936936936937 0.26126126126126126 0.04504504504504504 0.6792452830188679 0.27358490566037735 0.04716981132075472 0.7641509433962265 1067.2293066902182 22.66900346195983 111
0.8089887640449438 0.19101123595505617 0.0 0.7976190476190477 0.20238095238095238 0.0 0.7976190476190477 1061.7978115895328 23.34435789987608 89
0.7717391304347826 0.21739130434782608 0.010869565217391304 0.7586206896551724 0.22988505747126436 0.011494252873563218 1.0 983.267320431612 24.449828301977103 92
0.875 0.125 0.0 0.8785046728971962 0.12149532710280374 0.0 0.8037383177570093 1042.5729283990472 21.93732403263503 112
0.8198198198198198 0.18018018018018017 0.0 0.8113207547169812 0.18867924528301888 0.0 0.8301886792452831 1087.3264159543046 21.39094051268917 111
0.7024793388429752 0.2892561983471074 0.008264462809917356 0.6982758620689655 0.29310344827586204 0.008620689655172414 0.8879310344827587 960.4337635361651 21.646100655781474 121
0.7923076923076923 0.2076923076923077 0.0 0.784 0.216 0.0 0.824 1065.9470588816012 22.252882667070672 130
0.6744186046511628 0.26744186046511625 0.05813953488372093 0.654320987654321 0.2839506172839506 0.06172839506172839 1.0 1078.308705179145 24.94059424054117 86
0.7857142857142857 0.21428571428571427 0.0 0.7757009345794392 0.22429906542056074 0.0 0.7009345794392523 1080.2999838418311 22.129594583048544 112
0.8166666666666667 0.18333333333333332 0.0 0.808695652173913 0.19130434782608696 0.0 0.9826086956521739 1083.502685700333 21.846663814769023 120
0.8272727272727273 0.17272727272727273 0.0 0.819047619047619 0.18095238095238095 0.0 0.8571428571428571 1087.083344571059 23.455191802792637 110
0.8488372093023255 0.1511627906976744 0.0 0.8395061728395061 0.16049382716049382 0.0 0.9382716049382716 1080.3465889117845 23.794805334375184 86
0.75 0.25 0.0 0.7391304347826086 0.2608695652173913 0.0 0.8347826086956521 1086.2226095518574 22.683530701524614 120
0.7835820895522388 0.21641791044776118 0.0 0.7751937984496124 0.2248062015503876 0.0 0.8604651162790697 1086.391245732118 22.305083674267266 134
0.7397260273972602 0.2602739726027397 0.0 0.7205882352941176 0.27941176470588236 0.0 0.8382352941176471 1087.3660376612531 21.9829463991298 73
0.9 0.1 0.0 0.8956521739130435 0.10434782608695652 0.0 0.9652173913043478 1042.6621370370829 21.200238345875576 120
0.8641975308641975 0.13580246913580246 0.0 0.8598726114649682 0.14012738853503184 0.0 0.8598726114649682 1083.2947065030357 19.916131523080804 162
0.7739130434782608 0.22608695652173913 0.0 0.7636363636363637 0.23636363636363636 0.0 0.6545454545454545 1087.4520793477604 19.42328263284786 115
0.8478260869565217 0.15217391304347827 0.0 0.8421052631578947 0.15789473684210525 0.0 1.0 1064.8562867458206 22.61757728825045 138
0.8383838383838383 0.16161616161616163 0.0 0.8297872340425532 0.1702127659574468 0.0 0.7340425531914894 1087.4338770022448 22.017886055367573 99
0.8590604026845637 0.14093959731543623 0.0 0.8541666666666666 0.14583333333333334 0.0 0.6180555555555556 1045.871801867665 21.02280009455189 149
0.8728813559322034 0.1271186440677966 0.0 0.8672566371681416 0.13274336283185842 0.0 0.7433628318584071 1058.36422005222 19.813056627905244 118
0.7079646017699115 0.2743362831858407 0.017699115044247787 0.6944444444444444 0.28703703703703703 0.018518518518518517 0.75 1027.7603424659121 24.349661927905487 113
0.8264462809917356 0.17355371900826447 0.0 0.8275862068965517 0.1724137931034483 0.0 0.8362068965517241 1045.714332549667 22.99093339468548 121
0.865546218487395 0.13445378151260504 0.0 0.8596491228070176 0.14035087719298245 0.0 0.6228070175438597 1087.1712985589465 21.193464078905922 119
0.7433628318584071 0.23008849557522124 0.02654867256637168 0.7314814814814815 0.24074074074074073 0.027777777777777776 0.7314814814814815 1065.0106244317192 24.653056255043218 113
0.796875 0.1953125 0.0078125 0.7886178861788617 0.2032520325203252 0.008130081300813009 0.6422764227642277 1081.194558523884 21.80649497713927 128
0.8403361344537815 0.15966386554621848 0.0 0.8333333333333334 0.16666666666666666 0.0 0.6842105263157895 1082.9822423218366 21.557212857568377 119
0.8357142857142857 0.16428571428571428 0.0 0.8296296296296296 0.17037037037037037 0.0 0.7185185185185186 1087.4265992284306 20.217975383907543 140
0.672 0.32 0.008 0.6583333333333333 0.3333333333333333 0.008333333333333333 0.8833333333333333 1086.3420178746073 23.63642922643161 125
0.7583333333333333 0.24166666666666667 0.0 0.7565217391304347 0.24347826086956523 0.0 0.8173913043478261 1079.6660142920148 22.894334009437944 120
0.7383177570093458 0.2523364485981308 0.009345794392523364 0.7254901960784313 0.2647058823529412 0.00980392156862745 0.8823529411764706 1077.615526321952 24.110157724429765 107
0.8118811881188119 0.18811881188118812 0.0 0.8020833333333334 0.19791666666666666 0.0 0.8958333333333334 1069.396699528197 23.291662582981896 101
0.8347107438016529 0.1652892561983471 0.0 0.8275862068965517 0.1724137931034483 0.0 0.9913793103448276 1080.756531708562 20.64090000306015 121
0.7456140350877193 0.24561403508771928 0.008771929824561403 0.7339449541284404 0.25688073394495414 0.009174311926605505 0.8348623853211009 1020.8465592642838 20.874733005451972 114
0.7525773195876289 0.24742268041237114 0.0 0.7391304347826086 0.2608695652173913 0.0 0.6630434782608695 1087.4660356060017 24.055650366492046 97
0.7846153846153846 0.2153846153846154 0.0 0.776 0.224 0.0 0.776 1087.4435938870358 20.906066659595073 130
0.7613636363636364 0.23863636363636365 0.0 0.7469879518072289 0.25301204819277107 0.0 0.7469879518072289 1069.0691613409142 21.796755592171504 88
0.7884615384615384 0.20192307692307693 0.009615384615384616 0.7878787878787878 0.20202020202020202 0.010101010101010102 0.8585858585858586 1057.6912070444628 23.71210519640794 104
0.6326530612244898 0.30612244897959184 0.061224489795918366 0.6129032258064516 0.3225806451612903 0.06451612903225806 0.989247311827957 1064.0281689166852 25.158757088611402 98
0.797979797979798 0.20202020202020202 0.0 0.7872340425531915 0.2127659574468085 0.0 0.9361702127659575 1063.2970224048454 23.706380766264573 99
0.7169811320754716 0.2830188679245283 0.0 0.7128712871287128 0.2871287128712871 0.0 0.8217821782178217 1086.5280965074712 23.45610061032152 106
0.6833333333333333 0.275 0.041666666666666664 0.6695652173913044 0.28695652173913044 0.043478260869565216 1.0 1079.8325692801302 24.517402891660534 120
0.8421052631578947 0.15789473684210525 0.0 0.8348623853211009 0.1651376146788991 0.0 0.7614678899082569 1086.6057467709363 21.74003333005677 114
0.8450704225352113 0.15492957746478872 0.0 0.8394160583941606 0.16058394160583941 0.0 0.5474452554744526 1042.1711908133768 20.749940057209283 142
0.8362068965517241 0.15517241379310345 0.008620689655172414 0.8288288288288288 0.16216216216216217 0.009009009009009009 0.8288288288288288 1061.9044304138486 21.716963357276704 116
0.7264150943396226 0.22641509433962265 0.04716981132075472 0.7227722772277227 0.22772277227722773 0.04950495049504951 0.8712871287128713 1043.7067631091695 23.811426030288718 106
0.7610619469026548 0.22123893805309736 0.017699115044247787 0.75 0.23148148148148148 0.018518518518518517 0.75 1086.173262829493 21.933734901420262 113
0.7348484848484849 0.23484848484848486 0.030303030303030304 0.7244094488188977 0.2440944881889764 0.031496062992125984 0.7165354330708661 1057.090393980903 20.44833281583809 132
0.8411214953271028 0.1588785046728972 0.0 0.8333333333333334 0.16666666666666666 0.0 0.8823529411764706 1046.8406600986361 22.522031666250633 107
0.7551020408163265 0.22448979591836735 0.02040816326530612 0.7419354838709677 0.23655913978494625 0.021505376344086023 0.8709677419354839 1061.6666876962834 22.11171034044945 98
0.8235294117647058 0.17647058823529413 0.0 0.8144329896907216 0.18556701030927836 0.0 0.7938144329896907 1030.4423573054207 23.096693670396974 102
0.765625 0.234375 0.0 0.7560975609756098 0.24390243902439024 0.0 0.9186991869918699 1074.543763647096 23.430725620199098 128
0.8602150537634409 0.13978494623655913 0.0 0.8522727272727273 0.14772727272727273 0.0 0.6704545454545454 1078.1544805819142 24.065101211082386 93
0.7596899224806202 0.24031007751937986 0.0 0.75 0.25 0.0 0.9435483870967742 1038.8222740907297 22.50689096861831 129
0.8888888888888888 0.1111111111111111 0.0 0.883495145631068 0.11650485436893204 0.0 0.7961165048543689 1080.2873358345635 20.874119606630455 108
0.8365384615384616 0.16346153846153846 0.0 0.8282828282828283 0.1717171717171717 0.0 0.8888888888888888 1087.3475755437612 24.2925959864299 104
0.782608695652174 0.21739130434782608 0.0 0.7818181818181819 0.21818181818181817 0.0 0.9272727272727272 1077.1410240773514 22.96953909262289 115
0.75 0.25 0.0 0.735632183908046 0.26436781609195403 0.0 0.7471264367816092 1044.1762161229665 24.096781843134373 92
0.8110236220472441 0.1889763779527559 0.0 0.8114754098360656 0.1885245901639344 0.0 0.8032786885245902 1049.5721710371438 20.519761694825792 127
0.75 0.25 0.0 0.7368421052631579 0.2631578947368421 0.0 0.6631578947368421 1080.8137120693598 23.65281627488527 100
0.7580645161290323 0.23387096774193547 0.008064516129032258 0.7478991596638656 0.24369747899159663 0.008403361344537815 0.8067226890756303 1087.4888380697582 23.04733977061488 124
0.8103448275862069 0.1810344827586207 0.008620689655172414 0.8018018018018018 0.1891891891891892 0.009009009009009009 0.6936936936936937 1087.2852088967068 21.0410747730823 116
0.6764705882352942 0.3088235294117647 0.014705882352941176 0.6641221374045801 0.32061068702290074 0.015267175572519083 0.7633587786259542 1087.4171350260488 21.380313741387212 136
0.8372093023255814 0.16279069767441862 0.0 0.8306451612903226 0.1693548387096774 0.0 0.9919354838709677 1046.8921755967874 23.514656573351285 129
0.7747747747747747 0.21621621621621623 0.009009009009009009 0.7641509433962265 0.22641509433962265 0.009433962264150943 0.6886792452830188 1016.0887765410846 23.024846872642232 111
0.7870370370370371 0.19444444444444445 0.018518518518518517 0.7766990291262136 0.20388349514563106 0.019417475728155338 0.7669902912621359 1035.9255694788692 22.861776171365786 108
0.7647058823529411 0.226890756302521 0.008403361344537815 0.7543859649122807 0.23684210526315788 0.008771929824561403 0.7719298245614035 1087.3346468002183 22.866128250592702 119
0.7916666666666666 0.19444444444444445 0.013888888888888888 0.7761194029850746 0.208955223880597 0.014925373134328358 0.9253731343283582 928.7257383512451 26.212964608865082 72
0.8333333333333334 0.16666666666666666 0.0 0.8264462809917356 0.17355371900826447 0.0 0.8512396694214877 985.0306796849042 21.784137616387184 126
0.7701149425287356 0.22413793103448276 0.005747126436781609 0.7633136094674556 0.23076923076923078 0.005917159763313609 0.650887573964497 1087.3117451931705 19.948975765411358 174
0.8137254901960784 0.18627450980392157 0.0 0.8144329896907216 0.18556701030927836 0.0 0.8247422680412371 961.2465230384263 23.573784785837187 102
0.8211382113821138 0.17886178861788618 0.0 0.8135593220338984 0.1864406779661017 0.0 0.8898305084745762 1076.1518433505664 23.142065048650448 123
0.7711864406779662 0.2288135593220339 0.0 0.7610619469026548 0.23893805309734514 0.0 0.8053097345132744 1065.65895016186 24.361186002704986 118
0.7387387387387387 0.26126126126126126 0.0 0.7264150943396226 0.27358490566037735 0.0 0.8301886792452831 1076.1284988103853 22.36379522476524 111
0.746268656716418 0.2537313432835821 0.0 0.7258064516129032 0.27419354838709675 0.0 0.8064516129032258 1051.298594760295 25.279771049732965 67
0.75 0.24166666666666667 0.008333333333333333 0.7391304347826086 0.25217391304347825 0.008695652173913044 0.782608695652174 1069.6925176138493 23.276020575993854 120
0.7403846153846154 0.25 0.009615384615384616 0.7272727272727273 0.26262626262626265 0.010101010101010102 0.7575757575757576 1067.8257824015195 22.308028118890718 104
0.7804878048780488 0.21138211382113822 0.008130081300813009 0.7711864406779662 0.22033898305084745 0.00847457627118644 0.9830508474576272 1062.092743185634 23.333653155817462 123
0.8390804597701149 0.16091954022988506 0.0 0.8292682926829268 0.17073170731707318 0.0 0.4878048780487805 1083.5637748774375 20.201259966608745 87
0.7777777777777778 0.2222222222222222 0.0 0.7766990291262136 0.22330097087378642 0.0 0.7184466019417476 1085.2718757672596 21.692095278308255 108
0.7698412698412699 0.21428571428571427 0.015873015873015872 0.7603305785123967 0.2231404958677686 0.01652892561983471 0.8181818181818182 1081.682175193175 23.059130038588794 126
0.8791208791208791 0.12087912087912088 0.0 0.872093023255814 0.12790697674418605 0.0 0.7558139534883721 1038.0816684489284 23.242773374956226 91
0.7818181818181819 0.21818181818181817 0.0 0.7714285714285715 0.22857142857142856 0.0 0.9523809523809523 1075.8436603321607 22.993357026282744 110
0.8448275862068966 0.13793103448275862 0.017241379310344827 0.8378378378378378 0.14414414414414414 0.018018018018018018 0.7477477477477478 1085.037640292488 23.848476508597084 116
0.7557251908396947 0.183206106870229 0.061068702290076333 0.7619047619047619 0.18253968253968253 0.05555555555555555 0.7301587301587301 1086.6337140687776 21.33999525710599 131
0.762589928057554 0.2158273381294964 0.02158273381294964 0.753731343283582 0.22388059701492538 0.022388059701492536 0.7014925373134329 1087.060197982019 19.909733664158907 139
0.7560975609756098 0.24390243902439024 0.0 0.7457627118644068 0.2542372881355932 0.0 0.7033898305084746 1084.928937248787 20.962127681169967 123
0.5523809523809524 0.4095238095238095 0.0380952380952381 0.53 0.43 0.04 0.83 1045.9407488576167 23.573267086456703 105
0.7407407407407407 0.18518518518518517 0.07407407407407407 0.7236842105263158 0.19736842105263158 0.07894736842105263 0.8157894736842105 1036.250783399381 24.04675548819097 81
0.832258064516129 0.16774193548387098 0.0 0.8266666666666667 0.17333333333333334 0.0 0.8 1067.342353144454 20.266916550298863 155
0.7663551401869159 0.22429906542056074 0.009345794392523364 0.7549019607843137 0.23529411764705882 0.00980392156862745 0.9411764705882353 1050.4212414688832 23.598606305233243 107
0.7404580152671756 0.25190839694656486 0.007633587786259542 0.7301587301587301 0.2619047619047619 0.007936507936507936 0.6587301587301587 1064.3588766120117 21.85437669830594 131
0.8260869565217391 0.17391304347826086 0.0 0.8181818181818182 0.18181818181818182 0.0 0.7909090909090909 1087.204189431687 23.022377040918588 115
0.6642335766423357 0.32116788321167883 0.014598540145985401 0.6515151515151515 0.3333333333333333 0.015151515151515152 0.803030303030303 1087.399730047388 21.504007200321226 137
0.8557692307692307 0.14423076923076922 0.0 0.8484848484848485 0.15151515151515152 0.0 0.9090909090909091 1068.8512611071017 24.233153941271137 104
0.6870229007633588 0.2824427480916031 0.030534351145038167 0.6746031746031746 0.29365079365079366 0.031746031746031744 0.9206349206349206 1062.1107689546272 21.00889123213607 131
0.7416666666666667 0.23333333333333334 0.025 0.7304347826086957 0.24347826086956523 0.02608695652173913 0.7391304347826086 1087.3661071124545 21.313592504826918 120
0.8248175182481752 0.1678832116788321 0.0072992700729927005 0.8181818181818182 0.17424242424242425 0.007575757575757576 0.6590909090909091 1087.3366874635312 20.699421998088795 137
0.7913043478260869 0.20869565217391303 0.0 0.7818181818181819 0.21818181818181817 0.0 1.0 1066.4721123043928 22.741561711287456 115
0.7333333333333333 0.24242424242424243 0.024242424242424242 0.73125 0.24375 0.025 0.79375 1087.4070860307827 19.52690842667758 165
0.7959183673469388 0.20408163265306123 0.0 0.7849462365591398 0.21505376344086022 0.0 0.6344086021505376 1084.4889499551864 22.2005510153804 98
0.7903225806451613 0.20967741935483872 0.0 0.7815126050420168 0.2184873949579832 0.0 0.7394957983193278 1087.442953003946 21.725559136481333 124
0.7848101265822784 0.21518987341772153 0.0 0.7837837837837838 0.21621621621621623 0.0 0.7297297297297297 1086.0484865284363 25.48242324900159 79
0.7933884297520661 0.19834710743801653 0.008264462809917356 0.7844827586206896 0.20689655172413793 0.008620689655172414 0.7327586206896551 1087.3326028970334 22.50954703339022 121
0.6666666666666666 0.29365079365079366 0.03968253968253968 0.6611570247933884 0.30578512396694213 0.03305785123966942 0.8677685950413223 1044.1430036577142 21.210394421052424 126
0.7377049180327869 0.2459016393442623 0.01639344262295082 0.7264957264957265 0.2564102564102564 0.017094017094017096 0.7692307692307693 1059.2064525591845 23.214058958891176 122
0.7578947368421053 0.24210526315789474 0.0 0.7444444444444445 0.25555555555555554 0.0 0.9777777777777777 1075.1055010774737 22.49746552614903 95
0.7318840579710145 0.2536231884057971 0.014492753623188406 0.7218045112781954 0.2631578947368421 0.015037593984962405 0.8345864661654135 1079.767967754197 22.027987626746658 138
0.7573529411764706 0.22058823529411764 0.022058823529411766 0.7480916030534351 0.22900763358778625 0.022900763358778626 0.8931297709923665 1066.1722810676863 20.404285408918923 136
0.831858407079646 0.168141592920354 0.0 0.8240740740740741 0.17592592592592593 0.0 0.9537037037037037 1019.2612911747868 23.203868441967224 113
0.7623762376237624 0.2079207920792079 0.0297029702970297 0.75 0.21875 0.03125 0.7083333333333334 1050.2202581090698 21.30552039187273 101
0.8740157480314961 0.12598425196850394 0.0 0.8688524590163934 0.13114754098360656 0.0 0.8524590163934426 1022.3343306025416 21.02195104979553 127
0.773109243697479 0.226890756302521 0.0 0.7631578947368421 0.23684210526315788 0.0 0.7807017543859649 1087.3333095162861 21.515548502229958 119
0.8292682926829268 0.16260162601626016 0.008130081300813009 0.8220338983050848 0.1694915254237288 0.00847457627118644 0.7288135593220338 1087.2012088854676 21.52606460482518 123
0.8253968253968254 0.1746031746031746 0.0 0.8181818181818182 0.18181818181818182 0.0 0.8429752066115702 1086.2078388735629 22.837599341129035 126
0.7767857142857143 0.22321428571428573 0.0 0.7663551401869159 0.2336448598130841 0.0 0.8785046728971962 1062.2939141537377 23.341882854091274 112
0.8306451612903226 0.1693548387096774 0.0 0.8319327731092437 0.16806722689075632 0.0 0.7142857142857143 1066.7193199727776 21.400356355232564 124
0.8235294117647058 0.17647058823529413 0.0 0.8157894736842105 0.18421052631578946 0.0 0.9736842105263158 1081.4156457167005 22.98775512488523 119
0.7563025210084033 0.24369747899159663 0.0 0.7456140350877193 0.2543859649122807 0.0 0.7456140350877193 1071.1577979044778 24.06794957111685 119
0.7152777777777778 0.2638888888888889 0.020833333333333332 0.7050359712230215 0.2733812949640288 0.02158273381294964 0.7122302158273381 1087.1897527734807 20.61732213936247 144
0.8188976377952756 0.18110236220472442 0.0 0.8114754098360656 0.1885245901639344 0.0 0.7622950819672131 1086.784305299799 21.064235211192827 127
0.7288135593220338 0.2627118644067797 0.00847457627118644 0.7168141592920354 0.2743362831858407 0.008849557522123894 0.8407079646017699 983.5363687988026 22.27917581539343 118
0.8198198198198198 0.17117117117117117 0.009009009009009009 0.8113207547169812 0.1792452830188679 0.009433962264150943 0.7358490566037735 1072.561708982657 21.875882345280058 111
0.8301886792452831 0.16981132075471697 0.0 0.8217821782178217 0.1782178217821782 0.0 0.6138613861386139 1087.4354271260768 19.252539874276174 106
0.7078651685393258 0.2808988764044944 0.011235955056179775 0.6904761904761905 0.2976190476190476 0.011904761904761904 0.6547619047619048 1058.72308825998 25.684708095842346 89
0.7931034482758621 0.20689655172413793 0.0 0.7735849056603774 0.22641509433962265 0.0 0.9811320754716981 1046.3447887664706 27.780937699266385 58
0.835820895522388 0.16417910447761194 0.0 0.8294573643410853 0.17054263565891473 0.0 0.7751937984496124 1087.395809285247 20.859849008242048 134
0.7954545454545454 0.20454545454545456 0.0 0.7831325301204819 0.21686746987951808 0.0 0.7108433734939759 1077.6054677739064 21.165500430534394 88
0.6944444444444444 0.25 0.05555555555555555 0.6796116504854369 0.2621359223300971 0.05825242718446602 0.9805825242718447 1082.4939623847627 24.216738796660888 108
0.7663551401869159 0.21495327102803738 0.018691588785046728 0.7549019607843137 0.22549019607843138 0.0196078431372549 0.8725490196078431 1081.2817116638605 24.491965018248305 107
0.7121212121212122 0.2803030303030303 0.007575757575757576 0.7007874015748031 0.29133858267716534 0.007874015748031496 0.9763779527559056 1064.0817150559683 20.150198613565 132
0.8173913043478261 0.1826086956521739 0.0 0.8090909090909091 0.19090909090909092 0.0 0.7727272727272727 1037.2866749203909 22.696673836556286 115
0.6486486486486487 0.3333333333333333 0.018018018018018018 0.6415094339622641 0.33962264150943394 0.018867924528301886 0.8867924528301887 1075.3198774869009 23.62532220401944 111
0.8133333333333334 0.18666666666666668 0.0 0.8068965517241379 0.19310344827586207 0.0 0.9724137931034482 1080.5010238824807 22.002681467972835 150
0.7475728155339806 0.2524271844660194 0.0 0.7346938775510204 0.2653061224489796 0.0 0.8469387755102041 1082.1953863431795 23.30098517169559 103
0.8294573643410853 0.17054263565891473 0.0 0.8225806451612904 0.1774193548387097 0.0 0.7741935483870968 1087.012786582236 21.38590736533937 129
0.7459016393442623 0.2540983606557377 0.0 0.7350427350427351 0.26495726495726496 0.0 0.7863247863247863 1081.7275984215137 21.395660724892704 122
0.7876106194690266 0.20353982300884957 0.008849557522123894 0.7777777777777778 0.21296296296296297 0.009259259259259259 0.8981481481481481 1068.0863926764 24.360986722114916 113
0.811965811965812 0.18803418803418803 0.0 0.8035714285714286 0.19642857142857142 0.0 0.7232142857142857 1086.7501088887698 21.738163767540165 117
0.7327586206896551 0.25862068965517243 0.008620689655172414 0.7207207207207207 0.2702702702702703 0.009009009009009009 0.7387387387387387 1070.5698533200243 22.213956517320995 116
0.8521739130434782 0.14782608695652175 0.0 0.8454545454545455 0.15454545454545454 0.0 0.6545454545454545 1022.1937648993364 21.054770917404255 115
0.8455284552845529 0.14634146341463414 0.008130081300813009 0.8389830508474576 0.15254237288135594 0.00847457627118644 0.6694915254237288 1087.4045164123681 21.024299701204935 123
0.5319148936170213 0.3617021276595745 0.10638297872340426 0.5056179775280899 0.38202247191011235 0.11235955056179775 0.9325842696629213 1052.2596203473904 23.152131453080912 94
0.6717557251908397 0.29770992366412213 0.030534351145038167 0.6587301587301587 0.30952380952380953 0.031746031746031744 0.7936507936507936 1079.3011630612157 21.564727671683727 131
0.8472222222222222 0.1527777777777778 0.0 0.841726618705036 0.15827338129496402 0.0 0.8273381294964028 1008.9075463320088 20.700453278103563 144
0.8290598290598291 0.17094017094017094 0.0 0.8214285714285714 0.17857142857142858 0.0 0.6428571428571429 1087.3980164697598 20.85126845303882 117
0.8503401360544217 0.14965986394557823 0.0 0.8450704225352113 0.15492957746478872 0.0 0.7676056338028169 1087.4357620626781 21.1724172580437 147
0.7737226277372263 0.21897810218978103 0.0072992700729927005 0.7651515151515151 0.22727272727272727 0.007575757575757576 0.7575757575757576 1080.438513994917 21.80660204142752 137
0.7477477477477478 0.24324324324324326 0.009009009009009009 0.7358490566037735 0.25471698113207547 0.009433962264150943 0.9245283018867925 1071.2604230360412 22.607555947079803 111
0.7204301075268817 0.27956989247311825 0.0 0.7045454545454546 0.29545454545454547 0.0 0.9318181818181818 1041.935780663818 24.315768291518495 93
0.8211382113821138 0.17886178861788618 0.0 0.8135593220338984 0.1864406779661017 0.0 0.7203389830508474 1080.6568570239017 21.96268559745953 123
0.7557251908396947 0.24427480916030533 0.0 0.753968253968254 0.24603174603174602 0.0 0.8015873015873016 1086.6476827276604 21.59966965719791 131
0.7647058823529411 0.22058823529411764 0.014705882352941176 0.746031746031746 0.23809523809523808 0.015873015873015872 0.9841269841269841 996.4509045524737 26.60850533711037 68
0.7555555555555555 0.2111111111111111 0.03333333333333333 0.7411764705882353 0.2235294117647059 0.03529411764705882 0.8117647058823529 1058.7848468405246 26.02956884662703 90
0.6592592592592592 0.3037037037037037 0.037037037037037035 0.6461538461538462 0.3153846153846154 0.038461538461538464 0.8538461538461538 1080.1220669402398 22.487803529279525 135
0.8125 0.17708333333333334 0.010416666666666666 0.8021978021978022 0.18681318681318682 0.01098901098901099 0.7582417582417582 1054.6114317371978 21.817392918262282 96
0.7769230769230769 0.2153846153846154 0.007692307692307693 0.776 0.216 0.008 0.76 1085.6992259274643 21.622379637763053 130
0.6697247706422018 0.28440366972477066 0.045871559633027525 0.6538461538461539 0.2980769230769231 0.04807692307692308 0.7788461538461539 1082.730436516524 23.630802565632568 109
0.8865979381443299 0.10309278350515463 0.010309278350515464 0.8804347826086957 0.10869565217391304 0.010869565217391304 0.7934782608695652 1060.4137362377307 22.567639742056016 97
0.7522935779816514 0.23853211009174313 0.009174311926605505 0.7403846153846154 0.25 0.009615384615384616 0.9903846153846154 1077.341532298073 24.204114897009205 109
0.819047619047619 0.18095238095238095 0.0 0.81 0.19 0.0 0.66 1087.3847679304715 20.425457706477694 105
0.7876106194690266 0.21238938053097345 0.0 0.7777777777777778 0.2222222222222222 0.0 0.9722222222222222 1048.148993085824 22.371708688086578 113
0.8455882352941176 0.15441176470588236 0.0 0.8396946564885496 0.16030534351145037 0.0 0.7557251908396947 1040.619395483029 20.152356603377612 136
0.9009009009009009 0.09009009009009009 0.009009009009009009 0.8962264150943396 0.09433962264150944 0.009433962264150943 0.8113207547169812 1087.4614247397287 23.495940698693328 111
0.7153846153846154 0.27692307692307694 0.007692307692307693 0.704 0.288 0.008 0.832 990.3617076775281 21.758921226482773 130
0.8018018018018018 0.1891891891891892 0.009009009009009009 0.7924528301886793 0.19811320754716982 0.009433962264150943 0.6886792452830188 1080.6257600057263 20.313105063646276 111
0.8043478260869565 0.1956521739130435 0.0 0.7969924812030075 0.20300751879699247 0.0 0.6917293233082706 1068.2184019680856 21.598154554791947 138
0.78125 0.21875 0.0 0.7692307692307693 0.23076923076923078 0.0 0.7912087912087912 1087.3616708300565 21.741854443316722 96
0.5454545454545454 0.3090909090909091 0.14545454545454545 0.5238095238095238 0.3238095238095238 0.1523809523809524 0.9142857142857143 1047.8267363560556 23.110552013231132 110
0.8405797101449275 0.15942028985507245 0.0 0.8421052631578947 0.15789473684210525 0.0 0.7593984962406015 1087.145753488965 19.883646563929847 138
0.8255813953488372 0.1744186046511628 0.0 0.8148148148148148 0.18518518518518517 0.0 0.8888888888888888 1038.1379456288353 26.283916933544678 86
0.7540983606557377 0.22131147540983606 0.02459016393442623 0.7435897435897436 0.23076923076923078 0.02564102564102564 0.8632478632478633 1072.6060224485022 22.367736163950287 122
0.7596899224806202 0.24031007751937986 0.0 0.75 0.25 0.0 0.8064516129032258 1062.5279363233228 21.426587461993627 129
0.7961165048543689 0.18446601941747573 0.019417475728155338 0.7857142857142857 0.19387755102040816 0.02040816326530612 0.8877551020408163 1013.5497987726555 24.22411015887044 103
0.9069767441860465 0.09302325581395349 0.0 0.9032258064516129 0.0967741935483871 0.0 0.7741935483870968 1076.12131976941 19.410010348362277 129
0.8275862068965517 0.1724137931034483 0.0 0.8198198198198198 0.18018018018018017 0.0 0.8558558558558559 1078.7545181087057 23.23525109720048 116
0.8076923076923077 0.19230769230769232 0.0 0.7945205479452054 0.2054794520547945 0.0 0.8904109589041096 1068.7804660532763 25.104643018868487 78
0.7128712871287128 0.25742574257425743 0.0297029702970297 0.6979166666666666 0.2708333333333333 0.03125 0.7916666666666666 1038.1798518636965 22.121601182499507 101
0.8679245283018868 0.1320754716981132 0.0 0.8613861386138614 0.13861386138613863 0.0 0.9702970297029703 1086.3449166333444 22.296360018138632 106
0.7640449438202247 0.21348314606741572 0.02247191011235955 0.75 0.2261904761904762 0.023809523809523808 0.5238095238095238 1085.550789536625 23.91197520341618 89
0.8482142857142857 0.15178571428571427 0.0 0.8411214953271028 0.1588785046728972 0.0 0.7476635514018691 1083.5031534369928 20.609849356486333 112
0.6810344827586207 0.29310344827586204 0.02586206896551724 0.6666666666666666 0.3063063063063063 0.02702702702702703 0.7657657657657657 1080.4633627674148 22.630303822322656 116
0.7714285714285715 0.20952380952380953 0.01904761904761905 0.76 0.22 0.02 0.96 1086.674942439336 22.978627894660868 105
0.8432835820895522 0.15671641791044777 0.0 0.8372093023255814 0.16279069767441862 0.0 0.8294573643410853 995.4035317458428 20.70632429395255 134
0.8584905660377359 0.14150943396226415 0.0 0.8514851485148515 0.1485148514851485 0.0 0.7029702970297029 1085.3780246121305 21.019044237681015 106
0.7606837606837606 0.23931623931623933 0.0 0.75 0.25 0.0 0.75 1073.3651258991817 21.539019723366998 117
0.8552631578947368 0.13815789473684212 0.006578947368421052 0.8503401360544217 0.14285714285714285 0.006802721088435374 0.7482993197278912 1005.5849023882266 20.386311212242514 152
0.7857142857142857 0.21428571428571427 0.0 0.7757009345794392 0.22429906542056074 0.0 0.6915887850467289 1087.4885642358934 21.576801018836104 112
0.8059701492537313 0.1865671641791045 0.007462686567164179 0.7984496124031008 0.1937984496124031 0.007751937984496124 0.7286821705426356 1028.0300886001892 20.278196439267944 134
0.7410714285714286 0.25 0.008928571428571428 0.7289719626168224 0.2616822429906542 0.009345794392523364 0.9439252336448598 1020.6530507685408 22.358941042468548 112
0.7913669064748201 0.20863309352517986 0.0 0.7985074626865671 0.20149253731343283 0.0 0.8507462686567164 1056.0662220400798 20.37492147196212 139
0.625 0.3235294117647059 0.051470588235294115 0.6183206106870229 0.3282442748091603 0.05343511450381679 0.7709923664122137 1076.4806218173894 22.256477269417122 136
0.6732673267326733 0.26732673267326734 0.0594059405940594 0.65625 0.28125 0.0625 0.90625 1077.802794801049 25.04971286125966 101
0.6934306569343066 0.25547445255474455 0.051094890510948905 0.6818181818181818 0.26515151515151514 0.05303030303030303 0.9166666666666666 1029.7591820238872 21.261406154654956 137
0.6782608695652174 0.2608695652173913 0.06086956521739131 0.6636363636363637 0.2727272727272727 0.06363636363636363 0.7545454545454545 1039.9666241128534 22.492775673172194 115
0.6756756756756757 0.2972972972972973 0.02702702702702703 0.6643356643356644 0.3076923076923077 0.027972027972027972 0.6783216783216783 1065.572736498384 21.244161727768685 148
0.7941176470588235 0.20588235294117646 0.0 0.7862595419847328 0.21374045801526717 0.0 0.8396946564885496 1060.7622895608044 20.968945122017434 136
0.7052631578947368 0.29473684210526313 0.0 0.6888888888888889 0.3111111111111111 0.0 0.7333333333333333 1081.8028050931816 24.228174562808462 95
0.7792207792207793 0.22077922077922077 0.0 0.7777777777777778 0.2222222222222222 0.0 0.9027777777777778 1062.4735458476189 23.469342624886483 77
0.7984496124031008 0.18604651162790697 0.015503875968992248 0.7903225806451613 0.1935483870967742 0.016129032258064516 0.7258064516129032 1058.3556606323305 21.472302609861508 129
0.7627118644067796 0.23728813559322035 0.0 0.7407407407407407 0.25925925925925924 0.0 0.9444444444444444 990.8801543500573 26.421461732705517 59
0.8116883116883117 0.18831168831168832 0.0 0.8053691275167785 0.19463087248322147 0.0 0.610738255033557 1087.4594178343084 20.22084392161895 154
0.6428571428571429 0.3492063492063492 0.007936507936507936 0.628099173553719 0.36363636363636365 0.008264462809917356 0.7768595041322314 1038.1518229950707 21.514486994757302 126
0.8088235294117647 0.19117647058823528 0.0 0.8015267175572519 0.1984732824427481 0.0 0.816793893129771 1087.4835789774502 20.56376990199851 136
0.8245614035087719 0.17543859649122806 0.0 0.8165137614678899 0.1834862385321101 0.0 0.9174311926605505 1021.5128118345767 22.865336114706867 114
0.8152173913043478 0.18478260869565216 0.0 0.8045977011494253 0.19540229885057472 0.0 0.8390804597701149 1077.8369515508175 25.21925536983672 92
0.796875 0.203125 0.0 0.7886178861788617 0.21138211382113822 0.0 0.8943089430894309 1045.7691230183138 21.492707188854197 128
0.7806451612903226 0.2129032258064516 0.0064516129032258064 0.7733333333333333 0.22 0.006666666666666667 0.7533333333333333 1087.4423885729072 21.326656339926263 155
0.8018018018018018 0.1981981981981982 0.0 0.7924528301886793 0.20754716981132076 0.0 0.7452830188679245 1007.079051512515 22.478556987881262 111
0.5584415584415584 0.3961038961038961 0.045454545454545456 0.5436241610738255 0.40939597315436244 0.04697986577181208 0.6308724832214765 1087.2810118527352 20.91878868122986 154
0.7307692307692307 0.17307692307692307 0.09615384615384616 0.7218543046357616 0.17880794701986755 0.09933774834437085 0.6357615894039735 1087.3105350400565 20.619049193577748 156
0.8256880733944955 0.1743119266055046 0.0 0.8173076923076923 0.18269230769230768 0.0 0.7403846153846154 1069.3426443086244 21.619264958737453 109
0.7286821705426356 0.2713178294573643 0.0 0.717741935483871 0.28225806451612906 0.0 0.8306451612903226 1087.3450070853287 22.327016536453506 129
0.7936507936507936 0.1984126984126984 0.007936507936507936 0.7851239669421488 0.2066115702479339 0.008264462809917356 0.7272727272727273 1071.924299767845 22.14045999329242 126
0.7850467289719626 0.21495327102803738 0.0 0.7745098039215687 0.22549019607843138 0.0 0.803921568627451 1087.4583199728124 23.551970273085406 107
0.7983193277310925 0.20168067226890757 0.0 0.7894736842105263 0.21052631578947367 0.0 0.6929824561403509 1084.0098166123773 22.112829668434195 119
0.75 0.22916666666666666 0.020833333333333332 0.7362637362637363 0.24175824175824176 0.02197802197802198 1.0 989.2150346500272 24.328869648826707 96
0.83 0.17 0.0 0.8210526315789474 0.17894736842105263 0.0 0.7894736842105263 1011.0070857182294 23.296876689358946 100
0.6973684210526315 0.28289473684210525 0.019736842105263157 0.6870748299319728 0.2925170068027211 0.02040816326530612 0.7414965986394558 1032.248226737246 20.62905037059131 152
0.8405797101449275 0.15942028985507245 0.0 0.8345864661654135 0.16541353383458646 0.0 0.849624060150376 1080.4215282021166 21.123931881836437 138
0.7849462365591398 0.21505376344086022 0.0 0.7727272727272727 0.22727272727272727 0.0 0.6363636363636364 1051.786543087145 23.17819655524594 93
0.75 0.25 0.0 0.7477477477477478 0.25225225225225223 0.0 0.7027027027027027 1060.133893238647 22.56413390835838 116
0.7459016393442623 0.23770491803278687 0.01639344262295082 0.7350427350427351 0.24786324786324787 0.017094017094017096 0.7264957264957265 1087.4088802019987 20.365597676547985 122
0.796875 0.203125 0.0 0.7886178861788617 0.21138211382113822 0.0 0.6829268292682927 1084.0964942259154 22.37497246119966 128
0.7747747747747747 0.21621621621621623 0.009009009009009009 0.7641509433962265 0.22641509433962265 0.009433962264150943 0.8207547169811321 1079.9254414980567 24.020476960873896 111
0.7432432432432432 0.25675675675675674 0.0 0.7391304347826086 0.2608695652173913 0.0 0.7391304347826086 1061.8497726336943 22.421894603059407 74
0.7925925925925926 0.1925925925925926 0.014814814814814815 0.7846153846153846 0.2 0.015384615384615385 0.9076923076923077 1084.9924249107971 22.80277048472117 135
0.825 0.16666666666666666 0.008333333333333333 0.8173913043478261 0.17391304347826086 0.008695652173913044 0.6521739130434783 1077.3333226701664 22.835094877980275 120
0.7327586206896551 0.23275862068965517 0.034482758620689655 0.7207207207207207 0.24324324324324326 0.036036036036036036 0.9279279279279279 1030.5381723910461 24.663868392927583 116
0.7407407407407407 0.24074074074074073 0.018518518518518517 0.7281553398058253 0.2524271844660194 0.019417475728155338 0.8932038834951457 1071.0919346213852 23.73740554051324 108
0.6857142857142857 0.29285714285714287 0.02142857142857143 0.674074074074074 0.3037037037037037 0.022222222222222223 0.8444444444444444 1061.4284994975364 22.159807715349608 140
0.794392523364486 0.18691588785046728 0.018691588785046728 0.7941176470588235 0.18627450980392157 0.0196078431372549 0.8235294117647058 1085.7187150238165 22.469382213839413 107
0.6146788990825688 0.3394495412844037 0.045871559633027525 0.5961538461538461 0.3557692307692308 0.04807692307692308 0.8846153846153846 1061.4353430704098 23.8934280452523 109
0.8487394957983193 0.15126050420168066 0.0 0.8421052631578947 0.15789473684210525 0.0 0.7807017543859649 1053.8615188591746 21.49054382402865 119
0.7252747252747253 0.24175824175824176 0.03296703296703297 0.7093023255813954 0.2558139534883721 0.03488372093023256 0.6162790697674418 1027.3032204122705 21.651386649012625 91
0.7802197802197802 0.2087912087912088 0.01098901098901099 0.7674418604651163 0.22093023255813954 0.011627906976744186 0.9883720930232558 1086.2385267941982 25.057608756355375 91
0.78 0.21 0.01 0.7684210526315789 0.22105263157894736 0.010526315789473684 0.7789473684210526 1081.8737783180088 22.213180617104236 100
0.6923076923076923 0.28205128205128205 0.02564102564102564 0.6785714285714286 0.29464285714285715 0.026785714285714284 0.7321428571428571 1056.3585455995874 22.91115869203024 117
0.7767857142857143 0.21428571428571427 0.008928571428571428 0.7663551401869159 0.22429906542056074 0.009345794392523364 0.7476635514018691 1078.0432547351545 21.5281457279477 112
0.7473684210526316 0.25263157894736843 0.0 0.7333333333333333 0.26666666666666666 0.0 1.0 991.4382656794131 24.60639580607571 95
0.8688524590163934 0.13114754098360656 0.0 0.8632478632478633 0.13675213675213677 0.0 0.7777777777777778 1046.7577736101632 20.3466427642558 122
0.5428571428571428 0.3047619047619048 0.1523809523809524 0.52 0.32 0.16 1.0 998.8245650053221 23.506715914889394 105
0.8 0.2 0.0 0.8 0.2 0.0 0.6555555555555556 1087.4510988190095 20.17747104847929 95
0.8035714285714286 0.1875 0.008928571428571428 0.794392523364486 0.19626168224299065 0.009345794392523364 0.8878504672897196 1068.4600832799804 22.287857789860265 112
0.7819548872180451 0.21804511278195488 0.0 0.7734375 0.2265625 0.0 0.75 1075.3480946854852 20.843208650113652 133
0.7456140350877193 0.2543859649122807 0.0 0.7522935779816514 0.24770642201834864 0.0 0.8715596330275229 1031.644118175536 22.486488235521904 114
0.7709923664122137 0.22900763358778625 0.0 0.7619047619047619 0.23809523809523808 0.0 0.6428571428571429 1087.2276791479576 21.307398132785373 131
0.8290598290598291 0.1623931623931624 0.008547008547008548 0.8214285714285714 0.16964285714285715 0.008928571428571428 0.7767857142857143 969.0950657234724 21.832129744444472 117
0.7583333333333333 0.24166666666666667 0.0 0.7478260869565218 0.25217391304347825 0.0 0.782608695652174 1071.4271166974715 22.166795896134676 120
0.8333333333333334 0.16666666666666666 0.0 0.8264462809917356 0.17355371900826447 0.0 0.743801652892562 1079.0986474706465 23.355723223934366 126
0.8495575221238938 0.1504424778761062 0.0 0.8425925925925926 0.1574074074074074 0.0 0.75 1070.8353100665388 22.41551783907911 113
0.7699115044247787 0.20353982300884957 0.02654867256637168 0.7592592592592593 0.21296296296296297 0.027777777777777776 0.8611111111111112 1079.185481384549 23.806954703968046 113
0.7948717948717948 0.19230769230769232 0.01282051282051282 0.7808219178082192 0.2054794520547945 0.0136986301369863 0.8767123287671232 1079.3467144298345 24.97489304170265 78
0.8175182481751825 0.18248175182481752 0.0 0.8106060606060606 0.1893939393939394 0.0 0.9242424242424242 999.7254864677464 20.647274826439112 137
0.8421052631578947 0.15789473684210525 0.0 0.8333333333333334 0.16666666666666666 0.0 0.7444444444444445 1047.630906799856 22.32177491056642 95
0.7857142857142857 0.21428571428571427 0.0 0.7850467289719626 0.21495327102803738 0.0 0.7757009345794392 1057.4648037669215 22.85787692712577 112
0.7372881355932204 0.211864406779661 0.05084745762711865 0.7345132743362832 0.21238938053097345 0.05309734513274336 0.8053097345132744 1082.0588937115845 21.336330327309188 118
0.8486842105263158 0.1513157894736842 0.0 0.8435374149659864 0.1564625850340136 0.0 0.7278911564625851 1087.2416657379777 19.838176540489627 152
0.8095238095238095 0.19047619047619047 0.0 0.8 0.2 0.0 0.8 1084.1256516756794 24.28969792603074 105
0.71900826446281 0.2066115702479339 0.0743801652892562 0.7068965517241379 0.21551724137931033 0.07758620689655173 0.8017241379310345 1078.1903931799973 23.17484352943153 121
0.7461538461538462 0.23846153846153847 0.015384615384615385 0.736 0.248 0.016 0.824 1043.4300369746925 22.47373853031124 130
0.8333333333333334 0.16666666666666666 0.0 0.8256880733944955 0.1743119266055046 0.0 0.7798165137614679 1087.159016370549 21.075071158499856 114
0.7352941176470589 0.2426470588235294 0.022058823529411766 0.7251908396946565 0.25190839694656486 0.022900763358778626 0.7404580152671756 1087.4435940826597 22.046132969945088 136
0.75 0.25 0.0 0.7368421052631579 0.2631578947368421 0.0 0.9789473684210527 1051.2081300588459 22.50585971906665 100
0.7536231884057971 0.2391304347826087 0.007246376811594203 0.7443609022556391 0.24812030075187969 0.007518796992481203 0.9172932330827067 1086.200083343913 21.76244600349129 138
0.7692307692307693 0.21367521367521367 0.017094017094017096 0.7589285714285714 0.22321428571428573 0.017857142857142856 0.8125 1086.883483592814 22.805988361944642 117
0.7804878048780488 0.21138211382113822 0.008130081300813009 0.7711864406779662 0.22033898305084745 0.00847457627118644 0.6440677966101694 1051.0077939399803 23.189899150788488 123
0.8764044943820225 0.12359550561797752 0.0 0.8690476190476191 0.13095238095238096 0.0 0.6071428571428571 1083.8597375225718 23.114394174244982 89
0.8478260869565217 0.15217391304347827 0.0 0.8390804597701149 0.16091954022988506 0.0 0.7126436781609196 1083.6556534218983 21.714342313732075 92
0.837037037037037 0.16296296296296298 0.0 0.8307692307692308 0.16923076923076924 0.0 0.7923076923076923 1083.4752711529336 21.653048027205244 135
0.7793103448275862 0.2206896551724138 0.0 0.7785714285714286 0.22142857142857142 0.0 0.75 1081.0222785049375 20.0643668900043 145
0.7323943661971831 0.2605633802816901 0.007042253521126761 0.7299270072992701 0.26277372262773724 0.0072992700729927005 0.9781021897810219 1038.3438246218564 21.7390960194757 142
0.8062015503875969 0.1937984496124031 0.0 0.8064516129032258 0.1935483870967742 0.0 0.7580645161290323 1086.6672968675284 21.106578623963603 129
0.6470588235294118 0.3445378151260504 0.008403361344537815 0.6403508771929824 0.3508771929824561 0.008771929824561403 0.7280701754385965 987.7211613465789 21.922193554985476 119
0.7669902912621359 0.23300970873786409 0.0 0.7551020408163265 0.24489795918367346 0.0 0.7857142857142857 1072.9987768026083 23.65902052818736 103
0.7894736842105263 0.21052631578947367 0.0 0.782312925170068 0.21768707482993196 0.0 0.7551020408163265 1087.2973057699157 19.747969005313454 152
0.7755102040816326 0.21428571428571427 0.01020408163265306 0.7634408602150538 0.22580645161290322 0.010752688172043012 0.6021505376344086 1060.4865043846753 21.345066404624124 98
0.7222222222222222 0.2619047619047619 0.015873015873015872 0.7107438016528925 0.2727272727272727 0.01652892561983471 0.6528925619834711 1087.3785984782041 20.154550515481294 126
0.7090909090909091 0.2545454545454545 0.03636363636363636 0.6952380952380952 0.26666666666666666 0.0380952380952381 0.9333333333333333 1076.3827264356248 22.48370314067865 110
0.7472527472527473 0.24175824175824176 0.01098901098901099 0.7325581395348837 0.2558139534883721 0.011627906976744186 0.9767441860465116 1073.59756444659 25.80121896830171 91
0.717948717948718 0.28205128205128205 0.0 0.7053571428571429 0.29464285714285715 0.0 0.7142857142857143 1082.8424003185287 21.40575805547913 117
0.7741935483870968 0.21774193548387097 0.008064516129032258 0.7647058823529411 0.226890756302521 0.008403361344537815 0.8151260504201681 1074.828939939602 21.78223296654775 124
0.7962962962962963 0.2037037037037037 0.0 0.7864077669902912 0.21359223300970873 0.0 0.6601941747572816 975.0067761106385 20.932862504494544 108
0.7727272727272727 0.21212121212121213 0.015151515151515152 0.7540983606557377 0.22950819672131148 0.01639344262295082 0.9180327868852459 1028.8258730886555 26.71512791540186 66
0.7435897435897436 0.23931623931623933 0.017094017094017096 0.7321428571428571 0.25 0.017857142857142856 0.8035714285714286 1086.0070347757235 24.796886233645278 117
0.8264462809917356 0.17355371900826447 0.0 0.8189655172413793 0.1810344827586207 0.0 0.6551724137931034 1087.2894337295338 20.730640460997062 121
0.8148148148148148 0.18518518518518517 0.0 0.8058252427184466 0.1941747572815534 0.0 0.7766990291262136 1078.9715632015927 22.75716099660048 108
0.8653846153846154 0.1346153846153846 0.0 0.8585858585858586 0.1414141414141414 0.0 0.7272727272727273 1072.6793731457728 23.279525461792858 104
0.7215189873417721 0.25949367088607594 0.0189873417721519 0.7124183006535948 0.2679738562091503 0.0196078431372549 0.7973856209150327 1087.343152315341 20.43447792203413 158
0.8703703703703703 0.12962962962962962 0.0 0.8737864077669902 0.1262135922330097 0.0 0.6310679611650486 1087.2980826177507 21.68021513051126 108
0.8623853211009175 0.13761467889908258 0.0 0.8557692307692307 0.14423076923076922 0.0 0.7884615384615384 1069.6495366410845 22.794235978168746 109
0.8076923076923077 0.19230769230769232 0.0 0.7945205479452054 0.2054794520547945 0.0 0.684931506849315 1062.4528048564437 26.124422763894586 78
0.8476190476190476 0.1523809523809524 0.0 0.84 0.16 0.0 0.82 1061.7651321182987 22.367108190885975 105
0.8347107438016529 0.1652892561983471 0.0 0.8275862068965517 0.1724137931034483 0.0 0.7241379310344828 1087.351647119742 21.691025564707413 121
0.7964601769911505 0.20353982300884957 0.0 0.7870370370370371 0.21296296296296297 0.0 0.7685185185185185 1075.7399466209324 22.090553768450427 113
0.8 0.2 0.0 0.788235294117647 0.21176470588235294 0.0 0.788235294117647 1072.0943608923114 25.380787534803904 90
0.6923076923076923 0.3076923076923077 0.0 0.6744186046511628 0.32558139534883723 0.0 0.9418604651162791 1022.2977022432915 26.126674010913554 91
0.7672413793103449 0.21551724137931033 0.017241379310344827 0.7567567567567568 0.22522522522522523 0.018018018018018018 0.7207207207207207 1087.4798867010193 20.08119739614942 116
0.7789473684210526 0.21052631578947367 0.010526315789473684 0.7666666666666667 0.2222222222222222 0.011111111111111112 0.7333333333333333 1052.5061507801636 24.583899220030656 95
0.7864077669902912 0.18446601941747573 0.02912621359223301 0.7755102040816326 0.19387755102040816 0.030612244897959183 0.8877551020408163 1025.5479412264613 23.82233992301994 103
0.7542372881355932 0.2288135593220339 0.01694915254237288 0.7522123893805309 0.23008849557522124 0.017699115044247787 0.7699115044247787 1025.2832889849174 22.207152767159833 118
0.8395061728395061 0.16049382716049382 0.0 0.8289473684210527 0.17105263157894737 0.0 0.8421052631578947 1019.7494920254878 26.706239487455637 81
0.7263157894736842 0.25263157894736843 0.021052631578947368 0.7111111111111111 0.26666666666666666 0.022222222222222223 0.7888888888888889 1076.3125645145055 23.119829530937782 95
0.8545454545454545 0.14545454545454545 0.0 0.8476190476190476 0.1523809523809524 0.0 0.9809523809523809 1045.9369715117507 23.04880954744906 110
0.7722772277227723 0.2079207920792079 0.019801980198019802 0.7604166666666666 0.21875 0.020833333333333332 0.9479166666666666 1009.2443909922998 24.378849778294168 101
0.8363636363636363 0.16363636363636364 0.0 0.8285714285714286 0.17142857142857143 0.0 0.7714285714285715 1080.2896490722337 22.004281464782867 110
0.765625 0.234375 0.0 0.7560975609756098 0.24390243902439024 0.0 0.6910569105691057 1086.6370288474354 20.795958167280986 128
0.6428571428571429 0.3469387755102041 0.01020408163265306 0.6236559139784946 0.3655913978494624 0.010752688172043012 0.8279569892473119 1065.9386620502826 25.002275692982558 98
0.7642276422764228 0.22764227642276422 0.008130081300813009 0.7542372881355932 0.23728813559322035 0.00847457627118644 0.7288135593220338 1072.4606523522825 21.368878386565267 123
0.8095238095238095 0.19047619047619047 0.0 0.8016528925619835 0.19834710743801653 0.0 0.7603305785123967 1087.150306262228 21.301181906007223 126
0.7745098039215687 0.19607843137254902 0.029411764705882353 0.7628865979381443 0.20618556701030927 0.030927835051546393 0.845360824742268 1039.0332250830086 24.812925020300916 102
0.8029197080291971 0.1897810218978102 0.0072992700729927005 0.7954545454545454 0.19696969696969696 0.007575757575757576 0.75 1076.228659137302 20.960563870938973 137
0.7796610169491526 0.22033898305084745 0.0 0.7699115044247787 0.23008849557522124 0.0 0.9026548672566371 1069.824233303118 23.381372861120745 118
0.7913669064748201 0.20863309352517986 0.0 0.7910447761194029 0.208955223880597 0.0 0.7835820895522388 1087.3469943581274 19.899525643343793 139
0.8064516129032258 0.1935483870967742 0.0 0.8068181818181818 0.19318181818181818 0.0 0.9659090909090909 1086.4000650170399 25.658825374716255 93
0.8527131782945736 0.14728682170542637 0.0 0.8548387096774194 0.14516129032258066 0.0 0.9435483870967742 1079.1757675762976 21.80789292090149 129
0.823076923076923 0.17692307692307693 0.0 0.816 0.184 0.0 0.664 1087.248905786423 22.383111339203648 130
0.7522935779816514 0.22935779816513763 0.01834862385321101 0.7692307692307693 0.22115384615384615 0.009615384615384616 0.6442307692307693 1087.436782693947 20.948476165353465 109
0.5727272727272728 0.39090909090909093 0.03636363636363636 0.5619047619047619 0.4 0.0380952380952381 0.8 1040.9197434253226 22.380038911896737 110
0.8728813559322034 0.1271186440677966 0.0 0.8672566371681416 0.13274336283185842 0.0 0.6991150442477876 1067.7586087852078 21.979100086687374 118
0.7676767676767676 0.23232323232323232 0.0 0.7553191489361702 0.24468085106382978 0.0 0.7553191489361702 1052.268070525037 24.10640998755104 99
0.7723577235772358 0.22764227642276422 0.0 0.7627118644067796 0.23728813559322035 0.0 0.7966101694915254 1079.7514149548983 21.9102304915996 123
0.72 0.26666666666666666 0.013333333333333334 0.7142857142857143 0.2714285714285714 0.014285714285714285 0.7571428571428571 1037.739032881767 27.026221034715874 75
0.8244274809160306 0.17557251908396945 0.0 0.8174603174603174 0.18253968253968253 0.0 0.8571428571428571 1087.024501693226 22.25519618466456 131
0.6974789915966386 0.2605042016806723 0.04201680672268908 0.6842105263157895 0.2719298245614035 0.043859649122807015 0.7543859649122807 1023.6708274771198 23.069952254647042 119
0.8857142857142857 0.11428571428571428 0.0 0.88 0.12 0.0 0.74 1086.4807653841208 22.155268519810985 105
0.8070175438596491 0.18421052631578946 0.008771929824561403 0.7981651376146789 0.1926605504587156 0.009174311926605505 0.6972477064220184 1086.0811183745286 23.304193294665073 114
0.8073394495412844 0.1834862385321101 0.009174311926605505 0.7980769230769231 0.19230769230769232 0.009615384615384616 0.8653846153846154 995.1819149266023 22.526471492571428 109
0.8214285714285714 0.16666666666666666 0.011904761904761904 0.8227848101265823 0.16455696202531644 0.012658227848101266 0.8481012658227848 983.8375750594608 22.88827838520023 84
0.7603305785123967 0.2396694214876033 0.0 0.75 0.25 0.0 0.7155172413793104 1053.7145764683103 20.38386442365226 121
0.688 0.296 0.016 0.675 0.30833333333333335 0.016666666666666666 0.9416666666666667 1076.0312370002355 22.51642640890122 125
0.7766990291262136 0.22330097087378642 0.0 0.7653061224489796 0.23469387755102042 0.0 0.8775510204081632 1058.2602877740264 23.915543049791975 103
0.7830188679245284 0.2169811320754717 0.0 0.7821782178217822 0.21782178217821782 0.0 0.7326732673267327 1087.443230869244 22.25866892647053 106
0.7613636363636364 0.23863636363636365 0.0 0.7590361445783133 0.24096385542168675 0.0 0.8433734939759037 1016.0216139769224 24.305725420164375 88
0.7253521126760564 0.2535211267605634 0.02112676056338028 0.7153284671532847 0.26277372262773724 0.021897810218978103 0.781021897810219 1042.9124948546855 21.879607766589846 142
0.8758620689655172 0.1103448275862069 0.013793103448275862 0.8714285714285714 0.11428571428571428 0.014285714285714285 0.6642857142857143 1087.366882295436 20.95498263353395 145
0.9108910891089109 0.0891089108910891 0.0 0.90625 0.09375 0.0 0.7083333333333334 1075.9272607124226 22.724048173480657 101
0.7941176470588235 0.20588235294117646 0.0 0.7835051546391752 0.21649484536082475 0.0 0.9587628865979382 1058.573081366745 22.999654607920693 102
0.835820895522388 0.16417910447761194 0.0 0.8294573643410853 0.17054263565891473 0.0 0.7364341085271318 1069.790321280223 20.180309924731443 134
0.8137254901960784 0.18627450980392157 0.0 0.8041237113402062 0.1958762886597938 0.0 0.7216494845360825 1044.938530387283 22.66068260537735 102
0.775 0.21666666666666667 0.008333333333333333 0.7652173913043478 0.22608695652173913 0.008695652173913044 0.6956521739130435 1074.8609731557362 22.2497584314994 120
0.6666666666666666 0.25925925925925924 0.07407407407407407 0.6560509554140127 0.267515923566879 0.07643312101910828 0.6942675159235668 1087.1892451241508 19.377075704645794 162
0.7878787878787878 0.21212121212121213 0.0 0.776595744680851 0.22340425531914893 0.0 0.8297872340425532 1086.7568209194344 25.056781647994423 99
0.7572815533980582 0.20388349514563106 0.038834951456310676 0.7448979591836735 0.21428571428571427 0.04081632653061224 0.8469387755102041 1031.1318358988053 23.75779184538683 103
0.7582417582417582 0.24175824175824176 0.0 0.7441860465116279 0.2558139534883721 0.0 0.9418604651162791 1063.7230158735206 27.69726043774485 91
0.8557692307692307 0.14423076923076922 0.0 0.8585858585858586 0.1414141414141414 0.0 0.7575757575757576 1087.1447355497137 23.297764447000596 104
0.7278911564625851 0.2653061224489796 0.006802721088435374 0.7183098591549296 0.2746478873239437 0.007042253521126761 0.9295774647887324 995.4537351499869 20.55026757734932 147
0.8412698412698413 0.15873015873015872 0.0 0.8347107438016529 0.1652892561983471 0.0 0.8347107438016529 1087.4423609679473 21.822142584754562 126
0.7730496453900709 0.22695035460992907 0.0 0.7647058823529411 0.23529411764705882 0.0 0.6985294117647058 1087.4673096495176 21.180265351016214 141
0.7441860465116279 0.23255813953488372 0.023255813953488372 0.7283950617283951 0.24691358024691357 0.024691358024691357 0.9259259259259259 1030.2172442803067 23.859554125813073 86
0.7916666666666666 0.20833333333333334 0.0 0.782608695652174 0.21739130434782608 0.0 0.7652173913043478 1086.8402039943726 20.083674046577023 120
0.6535433070866141 0.3228346456692913 0.023622047244094488 0.639344262295082 0.3360655737704918 0.02459016393442623 0.7786885245901639 1064.041521544479 24.523488755401658 127
0.7543859649122807 0.24561403508771928 0.0 0.7431192660550459 0.25688073394495414 0.0 0.7247706422018348 1087.3657068222747 22.017117269063913 114
0.8404255319148937 0.1595744680851064 0.0 0.8314606741573034 0.16853932584269662 0.0 0.6853932584269663 1086.763184061817 21.067135546934352 94
0.7014925373134329 0.26119402985074625 0.03731343283582089 0.689922480620155 0.2713178294573643 0.03875968992248062 0.9922480620155039 1058.121928696808 22.622652842419264 134
0.6708074534161491 0.2795031055900621 0.049689440993788817 0.6602564102564102 0.28846153846153844 0.05128205128205128 0.6794871794871795 1087.4516559024667 18.734947784186392 161
0.8055555555555556 0.18518518518518517 0.009259259259259259 0.7961165048543689 0.1941747572815534 0.009708737864077669 0.7961165048543689 1059.9654422744873 22.96249954968078 108
0.8166666666666667 0.18333333333333332 0.0 0.808695652173913 0.19130434782608696 0.0 0.8260869565217391 1023.6320374227723 22.95735936412822 120
0.7720588235294118 0.22058823529411764 0.007352941176470588 0.7633587786259542 0.22900763358778625 0.007633587786259542 0.7938931297709924 1059.9899872951169 21.237796018986526 136
0.8601398601398601 0.13986013986013987 0.0 0.855072463768116 0.14492753623188406 0.0 0.8840579710144928 1086.993719907436 20.46211836621708 143
0.7454545454545455 0.2545454545454545 0.0 0.7333333333333333 0.26666666666666666 0.0 0.8761904761904762 1072.7038529993201 22.402393014625126 110
0.7786885245901639 0.21311475409836064 0.00819672131147541 0.7692307692307693 0.2222222222222222 0.008547008547008548 1.0 1025.2361654748638 21.96664760788287 122
0.7916666666666666 0.20833333333333334 0.0 0.7802197802197802 0.21978021978021978 0.0 0.7692307692307693 1087.3228533761496 22.267552268625323 96
0.7950819672131147 0.1885245901639344 0.01639344262295082 0.7863247863247863 0.19658119658119658 0.017094017094017096 0.7948717948717948 1077.0391662872482 21.609937032972372 122
0.7560975609756098 0.21951219512195122 0.024390243902439025 0.7457627118644068 0.2288135593220339 0.025423728813559324 0.8559322033898306 1085.310201203277 21.504423877498386 123
0.6964285714285714 0.2857142857142857 0.017857142857142856 0.6822429906542056 0.29906542056074764 0.018691588785046728 0.9532710280373832 983.7517872058971 22.420174784247525 112
0.8211382113821138 0.17886178861788618 0.0 0.8135593220338984 0.1864406779661017 0.0 0.7457627118644068 1021.0408043648788 20.84508796212466 123
0.7928571428571428 0.19285714285714287 0.014285714285714285 0.7851851851851852 0.2 0.014814814814814815 0.7037037037037037 1086.715387451025 21.18113432241139 140
0.8151260504201681 0.17647058823529413 0.008403361344537815 0.8070175438596491 0.18421052631578946 0.008771929824561403 0.5964912280701754 1087.3818012621898 20.420509841138397 119
0.8532110091743119 0.13761467889908258 0.009174311926605505 0.8461538461538461 0.14423076923076922 0.009615384615384616 0.8557692307692307 1068.0923342533795 22.498866297820705 109
0.7103448275862069 0.2896551724137931 0.0 0.7 0.3 0.0 0.9785714285714285 1083.3872925113246 20.89889417317741 145
0.744 0.24 0.016 0.7333333333333333 0.25 0.016666666666666666 0.825 1054.378698630093 23.135364052055692 125
0.7570093457943925 0.21495327102803738 0.028037383177570093 0.7450980392156863 0.22549019607843138 0.029411764705882353 0.7843137254901961 1037.9008021216232 22.841688461815515 107
0.7592592592592593 0.23148148148148148 0.009259259259259259 0.7572815533980582 0.23300970873786409 0.009708737864077669 0.6796116504854369 1087.4305277880226 21.623815607268725 108
0.7413793103448276 0.25 0.008620689655172414 0.7297297297297297 0.26126126126126126 0.009009009009009009 0.7477477477477478 1051.392443457213 22.059540249724353 116
0.7333333333333333 0.24761904761904763 0.01904761904761905 0.72 0.26 0.02 0.9 1069.1751550158176 23.49927633488284 105
0.8240740740740741 0.16666666666666666 0.009259259259259259 0.8155339805825242 0.17475728155339806 0.009708737864077669 0.8446601941747572 1049.9337745932062 22.94916224713947 108
0.8299319727891157 0.17006802721088435 0.0 0.823943661971831 0.176056338028169 0.0 0.852112676056338 1059.3039091500336 21.242881175555343 147
0.7571428571428571 0.24285714285714285 0.0 0.7384615384615385 0.26153846153846155 0.0 0.6461538461538462 1075.4900614083522 26.534507642213907 70
0.8333333333333334 0.16666666666666666 0.0 0.8247422680412371 0.17525773195876287 0.0 0.7319587628865979 1030.5061191471805 22.083597285099362 102
0.7913669064748201 0.2014388489208633 0.007194244604316547 0.7835820895522388 0.208955223880597 0.007462686567164179 0.6940298507462687 1087.2444266683476 20.621033391401294 139
0.8125 0.1875 0.0 0.8130081300813008 0.18699186991869918 0.0 0.7317073170731707 1087.3659644838851 20.885665684103127 128
0.8230088495575221 0.17699115044247787 0.0 0.8148148148148148 0.18518518518518517 0.0 0.8703703703703703 1078.6640218668742 23.12550293797312 113
0.8 0.2 0.0 0.7904761904761904 0.20952380952380953 0.0 0.780952380952381 1071.5528118744526 23.082776824717474 110
0.7428571428571429 0.24761904761904763 0.009523809523809525 0.74 0.25 0.01 0.88 1066.7478139881914 22.829493333740977 105
0.784 0.2 0.016 0.775 0.20833333333333334 0.016666666666666666 0.7583333333333333 1075.0978246550355 23.371461995297786 125
0.7983870967741935 0.20161290322580644 0.0 0.7983193277310925 0.20168067226890757 0.0 0.8571428571428571 1086.6338217620303 20.49202819294831 124
0.7661290322580645 0.20967741935483872 0.024193548387096774 0.7563025210084033 0.2184873949579832 0.025210084033613446 0.9159663865546218 1075.5461705819991 23.17286517148169 124
0.7246376811594203 0.2463768115942029 0.028985507246376812 0.7142857142857143 0.2556390977443609 0.03007518796992481 0.8646616541353384 1028.5904412816144 20.626531567848275 138
0.7346938775510204 0.2653061224489796 0.0 0.7204301075268817 0.27956989247311825 0.0 0.8494623655913979 976.2022631286513 23.698720700828453 98
0.7894736842105263 0.21052631578947367 0.0 0.7777777777777778 0.2222222222222222 0.0 0.8555555555555555 1057.018965475217 25.276209434036915 95
0.6728971962616822 0.308411214953271 0.018691588785046728 0.6568627450980392 0.3235294117647059 0.0196078431372549 0.9705882352941176 1000.6225806950221 23.854206651055247 107
0.8073394495412844 0.1834862385321101 0.009174311926605505 0.7980769230769231 0.19230769230769232 0.009615384615384616 0.8942307692307693 1044.9948892934751 22.382052819101705 109
0.8571428571428571 0.14285714285714285 0.0 0.8504672897196262 0.14953271028037382 0.0 0.9439252336448598 1083.8631498557522 23.223550742839823 112
0.7737226277372263 0.2116788321167883 0.014598540145985401 0.7651515151515151 0.2196969696969697 0.015151515151515152 0.8181818181818182 1055.6891723646534 21.068385553382672 137
0.7878787878787878 0.21212121212121213 0.0 0.776595744680851 0.22340425531914893 0.0 0.8191489361702128 1053.94848656006 23.63100632159652 99
0.7433628318584071 0.25663716814159293 0.0 0.7407407407407407 0.25925925925925924 0.0 0.8333333333333334 1055.4608846636418 24.96025719952625 113
0.8333333333333334 0.16666666666666666 0.0 0.8273381294964028 0.17266187050359713 0.0 0.8273381294964028 1044.2380654921344 20.448043690551856 144
0.7770700636942676 0.21656050955414013 0.006369426751592357 0.7697368421052632 0.2236842105263158 0.006578947368421052 0.7960526315789473 1070.2344992070796 22.391206219634594 157
0.7583892617449665 0.2348993288590604 0.006711409395973154 0.7638888888888888 0.22916666666666666 0.006944444444444444 0.7152777777777778 1087.1662950802838 21.80009965135013 149
0.7105263157894737 0.27631578947368424 0.013157894736842105 0.6901408450704225 0.29577464788732394 0.014084507042253521 0.9859154929577465 1031.373069831325 24.334460661622536 76
0.8135593220338984 0.1864406779661017 0.0 0.8053097345132744 0.19469026548672566 0.0 0.8230088495575221 1074.1453984839718 21.98870325928533 118
0.8807339449541285 0.11009174311926606 0.009174311926605505 0.875 0.11538461538461539 0.009615384615384616 0.75 1086.6841737376915 21.999887643956466 109
0.7802197802197802 0.21978021978021978 0.0 0.7674418604651163 0.23255813953488372 0.0 0.6395348837209303 1087.1417701171358 25.915996059199877 91
0.782608695652174 0.21739130434782608 0.0 0.7727272727272727 0.22727272727272727 0.0 0.6727272727272727 1087.3360415013399 21.76517200223584 115
0.7788461538461539 0.22115384615384615 0.0 0.7676767676767676 0.23232323232323232 0.0 0.7474747474747475 1078.5522208157652 23.16236286865598 104
0.816 0.184 0.0 0.8083333333333333 0.19166666666666668 0.0 0.8916666666666667 1039.8038899356916 21.07664212947308 125
0.7481481481481481 0.1925925925925926 0.05925925925925926 0.7384615384615385 0.2 0.06153846153846154 0.6384615384615384 1087.3391316033658 21.299867007286498 135
0.7769230769230769 0.2153846153846154 0.007692307692307693 0.768 0.224 0.008 0.792 1086.2059253416583 21.027062637667825 130
0.7699115044247787 0.23008849557522124 0.0 0.7592592592592593 0.24074074074074073 0.0 0.8240740740740741 1085.519481768606 22.58903949346597 113
0.8333333333333334 0.16666666666666666 0.0 0.8273381294964028 0.17266187050359713 0.0 0.9136690647482014 1079.8740655595866 21.62720463720537 144
0.8691588785046729 0.1308411214953271 0.0 0.8627450980392157 0.13725490196078433 0.0 0.6470588235294118 1081.3292078977365 21.850833293878555 107
0.7870370370370371 0.21296296296296297 0.0 0.7766990291262136 0.22330097087378642 0.0 1.0 957.9555801502227 24.029346439195084 108
0.6796875 0.3125 0.0078125 0.6747967479674797 0.3170731707317073 0.008130081300813009 0.8699186991869918 970.9534285386796 22.017478426268674 128
0.7936507936507936 0.20634920634920634 0.0 0.7851239669421488 0.21487603305785125 0.0 0.7355371900826446 1086.6491125408813 21.295141449400344 126
0.8449612403100775 0.15503875968992248 0.0 0.8387096774193549 0.16129032258064516 0.0 0.8145161290322581 1025.4904566172218 21.093765046172283 129
0.8432835820895522 0.15671641791044777 0.0 0.8372093023255814 0.16279069767441862 0.0 0.8682170542635659 1041.2142399898203 21.469325599354956 134
0.8203125 0.1796875 0.0 0.8130081300813008 0.18699186991869918 0.0 0.7723577235772358 1086.4048083086159 20.92745441170235 128
0.8035714285714286 0.19642857142857142 0.0 0.794392523364486 0.205607476635514 0.0 0.7476635514018691 1087.1643322426335 22.826152430463527 112
0.78125 0.21875 0.0 0.7723577235772358 0.22764227642276422 0.0 0.8943089430894309 996.547987836146 21.191321454179437 128
0.8 0.2 0.0 0.7894736842105263 0.21052631578947367 0.0 0.9789473684210527 1085.9009141396639 25.48748832479016 100
0.8151260504201681 0.18487394957983194 0.0 0.8070175438596491 0.19298245614035087 0.0 0.7105263157894737 1087.3927255347005 20.812116192313354 119
0.7717391304347826 0.21739130434782608 0.010869565217391304 0.7586206896551724 0.22988505747126436 0.011494252873563218 0.9655172413793104 1016.928632089154 23.420550493158633 92
0.8089887640449438 0.19101123595505617 0.0 0.7976190476190477 0.20238095238095238 0.0 0.6071428571428571 1044.0928141654738 24.45374680047536 89
0.7640449438202247 0.23595505617977527 0.0 0.75 0.25 0.0 0.7857142857142857 1052.867339599178 25.72740304675329 89
0.8 0.19090909090909092 0.00909090909090909 0.7904761904761904 0.2 0.009523809523809525 0.7333333333333333 1082.5153875660994 23.738662302750686 110
0.7807017543859649 0.21052631578947367 0.008771929824561403 0.7706422018348624 0.22018348623853212 0.009174311926605505 0.7522935779816514 981.9827546439732 21.215015204916806 114
0.7777777777777778 0.2222222222222222 0.0 0.7697841726618705 0.2302158273381295 0.0 0.9280575539568345 1055.542275074022 21.999340456706275 144
0.7878787878787878 0.21212121212121213 0.0 0.776595744680851 0.22340425531914893 0.0 1.0 1068.1037003350377 24.757059954053823 99
0.6693548387096774 0.25806451612903225 0.07258064516129033 0.6554621848739496 0.2689075630252101 0.07563025210084033 1.0 1046.7390833474217 23.20712238442008 124
0.6259541984732825 0.29770992366412213 0.07633587786259542 0.6111111111111112 0.30952380952380953 0.07936507936507936 0.9920634920634921 1074.9155098707583 23.1337855470082 131
0.7457627118644068 0.2542372881355932 0.0 0.7345132743362832 0.26548672566371684 0.0 0.7256637168141593 1023.1451347435794 21.601588208948606 118
0.7731958762886598 0.2268041237113402 0.0 0.7608695652173914 0.2391304347826087 0.0 0.8152173913043478 1080.5692834313063 22.771157509613936 97
0.6323529411764706 0.3235294117647059 0.04411764705882353 0.6183206106870229 0.33587786259541985 0.04580152671755725 0.9083969465648855 1004.969498077683 21.359095738965415 136
0.7815126050420168 0.21008403361344538 0.008403361344537815 0.7807017543859649 0.21052631578947367 0.008771929824561403 0.7368421052631579 1087.151904722425 21.169124867026053 119
0.7833333333333333 0.21666666666666667 0.0 0.7739130434782608 0.22608695652173913 0.0 0.8260869565217391 1070.4121326313177 22.81112491078441 120
0.7049180327868853 0.28688524590163933 0.00819672131147541 0.6923076923076923 0.29914529914529914 0.008547008547008548 0.8205128205128205 1041.3546178370816 22.749752963129378 122
0.768595041322314 0.2231404958677686 0.008264462809917356 0.7586206896551724 0.23275862068965517 0.008620689655172414 0.9482758620689655 1036.6664239420318 24.031253908428845 121
0.853448275862069 0.13793103448275862 0.008620689655172414 0.8468468468468469 0.14414414414414414 0.009009009009009009 0.7927927927927928 1064.2374540908372 21.926318863646628 116
0.7899159663865546 0.20168067226890757 0.008403361344537815 0.7807017543859649 0.21052631578947367 0.008771929824561403 0.7894736842105263 1072.2072083783214 22.968816619059282 119
0.780952380952381 0.2 0.01904761904761905 0.77 0.21 0.02 0.87 997.3445497173698 23.950922196289973 105
0.7241379310344828 0.27586206896551724 0.0 0.7073170731707317 0.2926829268292683 0.0 0.8780487804878049 1006.2456151487048 25.117034704567434 87
0.6076923076923076 0.3 0.09230769230769231 0.592 0.312 0.096 0.784 1074.2698168627005 22.902341725332054 130
0.811965811965812 0.18803418803418803 0.0 0.8035714285714286 0.19642857142857142 0.0 0.8392857142857143 1063.1242483654164 21.92394955224038 117
0.8321167883211679 0.16058394160583941 0.0072992700729927005 0.8257575757575758 0.16666666666666666 0.007575757575757576 0.8106060606060606 1008.8077371970852 20.96275275255046 137
0.7581699346405228 0.2222222222222222 0.0196078431372549 0.75 0.22972972972972974 0.02027027027027027 0.7905405405405406 1085.7863602388998 21.63638882339401 153
0.8403361344537815 0.15966386554621848 0.0 0.8421052631578947 0.15789473684210525 0.0 0.7192982456140351 1086.3157227219417 20.18320291126231 119
0.8560606060606061 0.14393939393939395 0.0 0.8661417322834646 0.13385826771653545 0.0 0.7480314960629921 1054.5321807532155 21.298982602851805 132
0.7910447761194029 0.208955223880597 0.0 0.7829457364341085 0.21705426356589147 0.0 0.7674418604651163 1032.2643933698885 22.12239286131088 134
0.5981308411214953 0.29906542056074764 0.102803738317757 0.5882352941176471 0.30392156862745096 0.10784313725490197 0.9607843137254902 1085.963284092243 24.064653403813818 107
0.7703703703703704 0.22962962962962963 0.0 0.7615384615384615 0.23846153846153847 0.0 0.7230769230769231 1086.3802219376928 20.665197387644405 135
0.744 0.248 0.008 0.7333333333333333 0.25833333333333336 0.008333333333333333 0.775 1085.7586786870293 22.039002875736262 125
0.7717391304347826 0.22826086956521738 0.0 0.7586206896551724 0.2413793103448276 0.0 0.9195402298850575 1055.1715287942898 26.624476486884532 92
0.8434782608695652 0.1565217391304348 0.0 0.8363636363636363 0.16363636363636364 0.0 0.8818181818181818 1086.064961001244 22.625919077500253 115
0.631578947368421 0.3263157894736842 0.042105263157894736 0.6111111111111112 0.34444444444444444 0.044444444444444446 0.9888888888888889 1068.0861575944352 26.469910658734157 95
0.6875 0.296875 0.015625 0.6610169491525424 0.3220338983050847 0.01694915254237288 0.7796610169491526 1067.7773053234432 23.963678489070123 64
0.7586206896551724 0.2413793103448276 0.0 0.7439024390243902 0.25609756097560976 0.0 0.8536585365853658 1046.9407184839786 24.94629202704023 87
0.7931034482758621 0.20689655172413793 0.0 0.7837837837837838 0.21621621621621623 0.0 0.954954954954955 1041.3660055826385 22.490497174459918 116
0.7358490566037735 0.25471698113207547 0.009433962264150943 0.7227722772277227 0.26732673267326734 0.009900990099009901 0.9702970297029703 1012.2962893331091 22.5126456561307 106
0.8 0.2 0.0 0.792 0.208 0.0 0.968 1054.0442339094668 21.53524407785054 130
0.7818181818181819 0.21818181818181817 0.0 0.780952380952381 0.21904761904761905 0.0 0.7714285714285715 1087.4525654527542 21.936891030156737 110
0.7638190954773869 0.23618090452261306 0.0 0.7577319587628866 0.2422680412371134 0.0 0.8247422680412371 1087.2584197856163 19.808392503274202 199
0.8263888888888888 0.1736111111111111 0.0 0.8201438848920863 0.17985611510791366 0.0 0.7553956834532374 1086.9149320572753 20.03838542919485 144
0.8181818181818182 0.17355371900826447 0.008264462809917356 0.8189655172413793 0.1724137931034483 0.008620689655172414 0.6206896551724138 1085.9856307272894 22.786501399908335 121
0.8175675675675675 0.18243243243243243 0.0 0.8111888111888111 0.1888111888111888 0.0 0.7482517482517482 1060.915104683082 21.541516542704596 148
0.743801652892562 0.24793388429752067 0.008264462809917356 0.7327586206896551 0.25862068965517243 0.008620689655172414 0.75 1086.3214756615223 21.521575448211646 121
0.851063829787234 0.14893617021276595 0.0 0.8426966292134831 0.15730337078651685 0.0 0.8764044943820225 1043.4845640190981 24.086280619892666 94
0.7631578947368421 0.23684210526315788 0.0 0.7522935779816514 0.24770642201834864 0.0 0.5963302752293578 1081.1519061547249 22.982729081687104 114
0.6534653465346535 0.31683168316831684 0.0297029702970297 0.6458333333333334 0.3229166666666667 0.03125 0.8958333333333334 1072.0571701300782 23.861473367081235 101
0.8363636363636363 0.16363636363636364 0.0 0.82 0.18 0.0 0.9 1023.9161029150209 21.852110739640384 55
0.7345132743362832 0.26548672566371684 0.0 0.7222222222222222 0.2777777777777778 0.0 0.7962962962962963 1052.1160889227156 22.899192668649842 113
0.6265060240963856 0.3373493975903614 0.03614457831325301 0.6025641025641025 0.358974358974359 0.038461538461538464 0.8974358974358975 1013.1689783636879 25.84763308460326 83
0.7898550724637681 0.21014492753623187 0.0 0.7819548872180451 0.21804511278195488 0.0 0.7142857142857143 1087.4172520134507 21.31920833263531 138
0.8878504672897196 0.11214953271028037 0.0 0.8823529411764706 0.11764705882352941 0.0 0.7647058823529411 1061.5535589113906 22.08926558250274 107
0.8362068965517241 0.16379310344827586 0.0 0.8288288288288288 0.17117117117117117 0.0 0.7747747747747747 1067.4902509769988 22.09622978941374 116
0.7326732673267327 0.25742574257425743 0.009900990099009901 0.7291666666666666 0.2604166666666667 0.010416666666666666 0.90625 1040.0202086863885 23.70918439558663 101
0.6825396825396826 0.2777777777777778 0.03968253968253968 0.6694214876033058 0.2892561983471074 0.04132231404958678 0.8264462809917356 1080.8370736606014 21.731912294248268 126
0.8679245283018868 0.1320754716981132 0.0 0.8613861386138614 0.13861386138613863 0.0 0.8415841584158416 1077.0281031152495 22.324565502006617 106
0.7636363636363637 0.22727272727272727 0.00909090909090909 0.7523809523809524 0.23809523809523808 0.009523809523809525 0.9619047619047619 1087.1136259681477 22.80938034435748 110
0.7887323943661971 0.2112676056338028 0.0 0.781021897810219 0.21897810218978103 0.0 0.781021897810219 1087.3815084479556 21.49682053372151 142
0.8076923076923077 0.19230769230769232 0.0 0.797979797979798 0.20202020202020202 0.0 0.9090909090909091 1030.2364760425787 23.579945611200873 104
0.7912087912087912 0.1978021978021978 0.01098901098901099 0.7790697674418605 0.20930232558139536 0.011627906976744186 0.7790697674418605 1086.4860072605507 25.489502541677087 91
0.8629032258064516 0.13709677419354838 0.0 0.8571428571428571 0.14285714285714285 0.0 0.8067226890756303 1080.4510136664385 22.040298044964896 124
0.8315789473684211 0.16842105263157894 0.0 0.8222222222222222 0.17777777777777778 0.0 0.8333333333333334 1024.4174092595415 22.15045740337673 95
0.7652173913043478 0.22608695652173913 0.008695652173913044 0.7636363636363637 0.22727272727272727 0.00909090909090909 0.7818181818181819 1079.0679731809303 23.19379304303025 115
0.71 0.28 0.01 0.6947368421052632 0.29473684210526313 0.010526315789473684 0.9052631578947369 1027.4231237262575 24.321954157586752 100
0.7967479674796748 0.2032520325203252 0.0 0.788135593220339 0.211864406779661 0.0 0.7627118644067796 1080.8441517989772 22.146403854137443 123
0.6639344262295082 0.3114754098360656 0.02459016393442623 0.6495726495726496 0.3247863247863248 0.02564102564102564 0.7435897435897436 1087.4756186662285 21.183586711925308 122
