0.9763779527559056 0.023622047244094488 0.0 0.9754098360655737 0.02459016393442623 0.0 0.6311475409836066 1087.3853954436493 18.69128437123078 127
0.9914529914529915 0.008547008547008548 0.0 0.9910714285714286 0.008928571428571428 0.0 0.7589285714285714 1086.2970819321758 19.34512945140374 117
1.0 0.0 0.0 1.0 0.0 0.0 0.8 1079.555039537051 18.803247131795718 130
0.9928571428571429 0.007142857142857143 0.0 0.9925925925925926 0.007407407407407408 0.0 0.6814814814814815 1084.9539603428743 20.23849594021508 140
0.96 0.04 0.0 0.9586206896551724 0.041379310344827586 0.0 0.7103448275862069 1087.245747813826 17.699573099554154 150
0.9338842975206612 0.06611570247933884 0.0 0.9310344827586207 0.06896551724137931 0.0 0.6379310344827587 1087.3458517285992 18.868781267233 121
1.0 0.0 0.0 1.0 0.0 0.0 0.8272727272727273 1045.818260439275 18.92254054266249 115
0.96 0.04 0.0 0.9578947368421052 0.042105263157894736 0.0 0.7789473684210526 1087.2487001263792 20.12249205363189 100
1.0 0.0 0.0 1.0 0.0 0.0 0.8235294117647058 1071.8963833249904 21.00935289412196 107
1.0 0.0 0.0 1.0 0.0 0.0 0.6732673267326733 1066.4951398947298 19.12293362374475 106
0.9921259842519685 0.007874015748031496 0.0 0.9918032786885246 0.00819672131147541 0.0 0.7131147540983607 1086.958098036659 19.58857740680823 127
0.991869918699187 0.008130081300813009 0.0 0.9915254237288136 0.00847457627118644 0.0 0.9830508474576272 1047.6698748144206 18.366332684127652 123
1.0 0.0 0.0 1.0 0.0 0.0 0.5714285714285714 1086.183510045944 19.629758548424082 124
0.9868421052631579 0.013157894736842105 0.0 0.9863945578231292 0.013605442176870748 0.0 0.6394557823129252 1086.8494608707308 18.16795889103781 152
0.9637681159420289 0.036231884057971016 0.0 0.9624060150375939 0.03759398496240601 0.0 0.9548872180451128 1084.286104283777 17.872149346830682 138
1.0 0.0 0.0 1.0 0.0 0.0 0.984375 1052.0046245282783 19.752469058930025 133
0.9882352941176471 0.011764705882352941 0.0 0.9875 0.0125 0.0 0.525 1087.1989739561257 18.82783326817816 85
1.0 0.0 0.0 1.0 0.0 0.0 0.6018518518518519 1087.0702009415083 19.638123106838773 113
0.9929577464788732 0.007042253521126761 0.0 0.9927007299270073 0.0072992700729927005 0.0 0.7518248175182481 1086.6296794610746 17.72740840280239 142
1.0 0.0 0.0 1.0 0.0 0.0 0.6974789915966386 1087.2538329331267 18.47261886501293 124
1.0 0.0 0.0 1.0 0.0 0.0 0.7125 1073.2486187527509 18.48725052485599 85
1.0 0.0 0.0 1.0 0.0 0.0 0.6785714285714286 1087.386772601576 17.982439110714985 145
1.0 0.0 0.0 1.0 0.0 0.0 0.0 1078.158542485274 17.155775962073687 148
1.0 0.0 0.0 1.0 0.0 0.0 0.7758620689655172 1086.2336589004187 19.80717605287397 121
0.9850746268656716 0.014925373134328358 0.0 0.9846938775510204 0.015306122448979591 0.0 0.49489795918367346 1087.4128966674198 16.920849463406782 201
0.9930555555555556 0.006944444444444444 0.0 0.9928057553956835 0.007194244604316547 0.0 0.7697841726618705 1083.860766716787 19.155396976358006 144
0.9318181818181818 0.06818181818181818 0.0 0.9291338582677166 0.07086614173228346 0.0 0.5984251968503937 1087.2190997098928 19.076246719386614 132
0.8700564971751412 0.12994350282485875 0.0 0.8662790697674418 0.13372093023255813 0.0 0.0 1087.4439981076598 16.624970022010505 177
0.9653179190751445 0.03468208092485549 0.0 0.9642857142857143 0.03571428571428571 0.0 0.5535714285714286 1086.139373820038 17.08377023632749 173
0.8333333333333334 0.16666666666666666 0.0 0.8273381294964028 0.17266187050359713 0.0 0.6834532374100719 1086.1816627530338 17.082879978472228 144
1.0 0.0 0.0 1.0 0.0 0.0 0.6857142857142857 1087.4255001653348 18.6610387236011 110
1.0 0.0 0.0 1.0 0.0 0.0 0.6645962732919255 1082.0439760034383 17.812231072954145 166
0.9940828402366864 0.005917159763313609 0.0 0.9939024390243902 0.006097560975609756 0.0 0.7987804878048781 1086.4067048966804 16.7107641883771 169
0.9724770642201835 0.027522935779816515 0.0 0.9711538461538461 0.028846153846153848 0.0 0.7019230769230769 1087.411010144512 20.59880000774169 109
1.0 0.0 0.0 1.0 0.0 0.0 0.8297872340425532 1086.7118494948456 20.55194549279013 99
0.987012987012987 0.012987012987012988 0.0 0.9865771812080537 0.013422818791946308 0.0 0.6375838926174496 1087.2500432001111 17.920037796324227 154
0.9878787878787879 0.012121212121212121 0.0 0.9875 0.0125 0.0 0.6875 1087.458962204059 17.945926214435588 165
1.0 0.0 0.0 1.0 0.0 0.0 0.8632478632478633 1048.8664949411298 17.85143104217519 122
1.0 0.0 0.0 1.0 0.0 0.0 0.8363636363636363 1082.3577227958624 20.149094561649004 115
0.9940828402366864 0.005917159763313609 0.0 0.9939024390243902 0.006097560975609756 0.0 0.7926829268292683 1087.454254223056 18.650081316129437 169
1.0 0.0 0.0 1.0 0.0 0.0 0.8208092485549133 1087.090221683817 18.548145319868084 178
0.9401197604790419 0.059880239520958084 0.0 0.9382716049382716 0.06172839506172839 0.0 0.006172839506172839 1045.9443052070997 16.954557285499856 167
0.9622641509433962 0.03773584905660377 0.0 0.9603960396039604 0.039603960396039604 0.0 0.693069306930693 1087.4659873697308 18.784714696834286 106
0.8776595744680851 0.12234042553191489 0.0 0.8743169398907104 0.12568306010928962 0.0 0.0 1087.3775335166627 16.428917265549348 188
1.0 0.0 0.0 1.0 0.0 0.0 0.9878048780487805 1056.718941740294 21.967726979226168 87
0.9552238805970149 0.029850746268656716 0.014925373134328358 0.9534883720930233 0.031007751937984496 0.015503875968992248 0.9689922480620154 1080.6008311221813 17.995075937329705 134
0.9794520547945206 0.0 0.02054794520547945 0.9787234042553191 0.0 0.02127659574468085 0.02127659574468085 1068.2246019113318 19.365933044533804 146
1.0 0.0 0.0 1.0 0.0 0.0 0.9051724137931034 1016.1851309459302 19.096510782837637 121
0.9712230215827338 0.02877697841726619 0.0 0.9701492537313433 0.029850746268656716 0.0 0.7238805970149254 1046.164467189683 18.41929228107152 139
1.0 0.0 0.0 1.0 0.0 0.0 0.7899159663865546 1078.35961923084 19.76452022997486 124
1.0 0.0 0.0 1.0 0.0 0.0 0.7238095238095238 1087.3343215506338 19.64061740194935 110
0.9794520547945206 0.02054794520547945 0.0 0.9787234042553191 0.02127659574468085 0.0 0.624113475177305 1078.9625791075537 17.907629998436892 146
1.0 0.0 0.0 1.0 0.0 0.0 0.7785714285714286 1077.697687083392 19.73775251046973 145
1.0 0.0 0.0 1.0 0.0 0.0 0.6691729323308271 1083.2637818903688 18.93143905949731 138
1.0 0.0 0.0 1.0 0.0 0.0 0.8270676691729323 1086.1999388508807 18.31740520289461 138
1.0 0.0 0.0 1.0 0.0 0.0 0.8152866242038217 1074.0461477612253 18.568277092917462 162
1.0 0.0 0.0 1.0 0.0 0.0 0.7320261437908496 1084.8968460530223 18.109685434054075 158
1.0 0.0 0.0 1.0 0.0 0.0 0.7833333333333333 1087.1262040617778 19.602290753860853 125
1.0 0.0 0.0 1.0 0.0 0.0 0.776 1087.0631407870849 17.816997828504107 130
1.0 0.0 0.0 1.0 0.0 0.0 0.8495575221238938 1046.3228336107647 19.583145304503827 118
1.0 0.0 0.0 1.0 0.0 0.0 0.6949152542372882 1041.26052243446 18.92695571011945 123
1.0 0.0 0.0 1.0 0.0 0.0 0.6481481481481481 1080.554801545985 18.89015304270705 167
0.984375 0.015625 0.0 0.983739837398374 0.016260162601626018 0.0 0.8130081300813008 1073.8058203493736 17.573181993959256 128
0.9924242424242424 0.007575757575757576 0.0 0.9921259842519685 0.007874015748031496 0.0 0.7480314960629921 1087.6334908215701 19.81321632059634 132
0.994413407821229 0.00558659217877095 0.0 0.9942528735632183 0.005747126436781609 0.0 0.3160919540229885 1087.4240973674357 16.827056877779604 179
1.0 0.0 0.0 1.0 0.0 0.0 0.9803921568627451 1020.4369662317266 22.810801212460493 56
1.0 0.0 0.0 1.0 0.0 0.0 0.7647058823529411 1077.4967488590898 18.676678908962483 124
1.0 0.0 0.0 1.0 0.0 0.0 0.7913669064748201 1087.406910904472 19.050584216977338 144
1.0 0.0 0.0 1.0 0.0 0.0 0.7975460122699386 1081.740493756154 17.84494628815135 168
0.9761904761904762 0.023809523809523808 0.0 0.9752066115702479 0.024793388429752067 0.0 0.9834710743801653 1081.869779807909 18.452566525017996 126
0.991304347826087 0.008695652173913044 0.0 0.990909090909091 0.00909090909090909 0.0 0.6636363636363637 1087.3462042482397 19.807164403859158 115
1.0 0.0 0.0 1.0 0.0 0.0 0.7175572519083969 1086.3546640823238 18.516835040294232 136
0.993006993006993 0.006993006993006993 0.0 0.9927536231884058 0.007246376811594203 0.0 0.7971014492753623 1087.385672654346 17.650507205855995 143
1.0 0.0 0.0 1.0 0.0 0.0 0.896551724137931 1086.2054181997128 19.66003423466278 121
1.0 0.0 0.0 1.0 0.0 0.0 0.5 1082.5500298720226 18.23815452755201 127
0.9606299212598425 0.007874015748031496 0.031496062992125984 0.9590163934426229 0.00819672131147541 0.03278688524590164 0.860655737704918 1032.717334009095 20.176368951077603 127
0.9787234042553191 0.02127659574468085 0.0 0.9779411764705882 0.022058823529411766 0.0 0.9044117647058824 1079.5479285578633 18.441570587528414 141
1.0 0.0 0.0 1.0 0.0 0.0 0.584070796460177 1078.9086281771913 19.207702528096927 118
1.0 0.0 0.0 1.0 0.0 0.0 0.7707006369426752 1084.4975401883478 18.915681240048535 162
0.7204968944099379 0.2236024844720497 0.055900621118012424 0.7115384615384616 0.23076923076923078 0.057692307692307696 0.8205128205128205 1087.3690970296743 18.453269084156222 161
0.9096774193548387 0.07096774193548387 0.01935483870967742 0.9066666666666666 0.07333333333333333 0.02 0.56 1057.5669756219997 17.3098659118597 155
0.968 0.032 0.0 0.9666666666666667 0.03333333333333333 0.0 0.8416666666666667 1079.6410569225043 18.474809235377545 125
0.9770992366412213 0.022900763358778626 0.0 0.9761904761904762 0.023809523809523808 0.0 0.6666666666666666 1087.3352392021432 18.841747799271225 131
0.99375 0.00625 0.0 0.9935483870967742 0.0064516129032258064 0.0 0.5290322580645161 1087.3615974088598 17.53884970766002 160
0.8926553672316384 0.10734463276836158 0.0 0.8895348837209303 0.11046511627906977 0.0 0.0 1087.230082650855 16.508807395628626 177
0.9797297297297297 0.02027027027027027 0.0 0.9790209790209791 0.02097902097902098 0.0 0.7832167832167832 1087.0144624788045 18.507597302853583 148
1.0 0.0 0.0 1.0 0.0 0.0 0.8376068376068376 1072.6333354415508 20.463887858355626 122
1.0 0.0 0.0 1.0 0.0 0.0 0.8793103448275862 1039.2599832546466 19.554814484866196 121
0.991869918699187 0.008130081300813009 0.0 0.9915254237288136 0.00847457627118644 0.0 0.7627118644067796 1087.1228385562404 19.227716789626115 123
1.0 0.0 0.0 1.0 0.0 0.0 0.5303867403314917 1087.2117582239232 17.262267504799105 186
0.993103448275862 0.006896551724137931 0.0 0.9928571428571429 0.007142857142857143 0.0 0.6071428571428571 1086.765533888229 19.233625285960976 145
1.0 0.0 0.0 1.0 0.0 0.0 0.9333333333333333 1061.2529267710488 19.8081559391384 125
0.9883040935672515 0.011695906432748537 0.0 0.9879518072289156 0.012048192771084338 0.0 0.0 1059.0979393739735 18.290120735402414 171
0.9937106918238994 0.006289308176100629 0.0 0.9935064935064936 0.006493506493506494 0.0 0.8246753246753247 1087.1194090088934 17.659868830998274 159
1.0 0.0 0.0 1.0 0.0 0.0 0.9338235294117647 1077.274331562792 19.56798887593408 141
0.9770992366412213 0.022900763358778626 0.0 0.9761904761904762 0.023809523809523808 0.0 0.5238095238095238 1059.79153428619 18.82557080807198 131
0.9905660377358491 0.009433962264150943 0.0 0.9900990099009901 0.009900990099009901 0.0 0.8118811881188119 1087.175864384144 19.93045770413075 106
1.0 0.0 0.0 1.0 0.0 0.0 0.7264150943396226 1053.9739474390428 19.657138108603135 111
1.0 0.0 0.0 1.0 0.0 0.0 0.8206896551724138 1065.8873242831842 18.418680445413692 150
1.0 0.0 0.0 1.0 0.0 0.0 0.7006802721088435 1087.3525337674405 18.488539408495694 152
0.7926829268292683 0.2073170731707317 0.0 0.7861635220125787 0.2138364779874214 0.0 0.7861635220125787 1066.7406388069603 16.563492797357544 164
1.0 0.0 0.0 1.0 0.0 0.0 0.7482517482517482 1087.2263964278757 18.251588836902755 148
1.0 0.0 0.0 1.0 0.0 0.0 0.7441860465116279 1087.3130702827511 18.923429453335995 134
0.968 0.032 0.0 0.9666666666666667 0.03333333333333333 0.0 0.825 1087.4857475632568 19.382026075449474 125
0.7450980392156863 0.2549019607843137 0.0 0.7364864864864865 0.2635135135135135 0.0 0.02702702702702703 1080.8537221166855 16.121714511927706 153
1.0 0.0 0.0 1.0 0.0 0.0 0.7037037037037037 1086.3643305594983 19.54916483677274 140
0.9894736842105263 0.010526315789473684 0.0 0.9888888888888889 0.011111111111111112 0.0 0.7555555555555555 1068.0783478099854 19.592896017226483 95
0.9880239520958084 0.011976047904191617 0.0 0.9876543209876543 0.012345679012345678 0.0 0.3765432098765432 1087.0216693591858 17.48435916319693 167
0.9415584415584416 0.05844155844155844 0.0 0.9395973154362416 0.06040268456375839 0.0 0.020134228187919462 1018.0927608608603 16.986414062280094 154
1.0 0.0 0.0 1.0 0.0 0.0 0.7723577235772358 1072.5858297257878 17.59701656020638 128
0.9810126582278481 0.0189873417721519 0.0 0.9803921568627451 0.0196078431372549 0.0 0.7647058823529411 1087.307610843842 18.70530506734413 158
1.0 0.0 0.0 1.0 0.0 0.0 0.7213114754098361 1086.1998500579948 18.695423740774295 127
1.0 0.0 0.0 1.0 0.0 0.0 0.6850393700787402 1077.9137271619359 18.433351884637702 132
1.0 0.0 0.0 1.0 0.0 0.0 0.5777777777777777 1087.01545659767 19.700161670716483 95
1.0 0.0 0.0 1.0 0.0 0.0 0.7933884297520661 1081.8503521063703 17.952649009131253 126
1.0 0.0 0.0 1.0 0.0 0.0 0.9038461538461539 1084.0302413836137 21.467852213238253 109
0.9935064935064936 0.006493506493506494 0.0 0.9932885906040269 0.006711409395973154 0.0 0.7449664429530202 1087.4204601066806 18.400329224429793 154
0.9929577464788732 0.007042253521126761 0.0 0.9927007299270073 0.0072992700729927005 0.0 0.8248175182481752 1081.481870561811 18.254688596644556 142
1.0 0.0 0.0 1.0 0.0 0.0 0.6810344827586207 1078.0102367917048 18.827400708834237 121
0.7579908675799086 0.2420091324200913 0.0 0.7523364485981309 0.24766355140186916 0.0 0.0 1087.3734112045431 15.82448019962853 219
1.0 0.0 0.0 1.0 0.0 0.0 0.7126436781609196 1086.3381601555473 18.018348258297443 179
0.9931972789115646 0.006802721088435374 0.0 0.9929577464788732 0.007042253521126761 0.0 0.7394366197183099 1033.3989608794002 18.40647167435829 147
1.0 0.0 0.0 1.0 0.0 0.0 0.9659090909090909 1072.698190134874 21.91533492243136 93
0.9933774834437086 0.006622516556291391 0.0 0.9931506849315068 0.00684931506849315 0.0 0.6164383561643836 1087.2249535010476 18.442540569568923 151
1.0 0.0 0.0 1.0 0.0 0.0 0.9090909090909091 984.8914401143263 18.960916891840483 71
0.845360824742268 0.15463917525773196 0.0 0.8412698412698413 0.15873015873015872 0.0 0.0 1085.1742945715998 16.367644166724627 194
1.0 0.0 0.0 1.0 0.0 0.0 0.7769230769230769 1080.6795805236995 19.05132593761373 135
1.0 0.0 0.0 1.0 0.0 0.0 0.6518518518518519 1087.403877704275 18.557767042233106 140
1.0 0.0 0.0 1.0 0.0 0.0 0.8015267175572519 1087.2572837136074 18.1384400472842 136
0.8742857142857143 0.12571428571428572 0.0 0.8705882352941177 0.12941176470588237 0.0 0.8588235294117647 1055.0379345551962 16.354931942289962 175
1.0 0.0 0.0 1.0 0.0 0.0 0.5474452554744526 1085.7183521154623 19.00481304145876 142
0.9915966386554622 0.008403361344537815 0.0 0.9912280701754386 0.008771929824561403 0.0 0.7192982456140351 1064.8408908379824 20.066907402109322 119
0.9920634920634921 0.007936507936507936 0.0 0.9917355371900827 0.008264462809917356 0.0 0.859504132231405 1086.1186783825847 19.028331911677455 126
0.9512195121951219 0.04878048780487805 0.0 0.9491525423728814 0.05084745762711865 0.0 0.6016949152542372 1081.6406512006904 19.416366137726143 123
1.0 0.0 0.0 1.0 0.0 0.0 0.8653846153846154 1056.4783273407063 19.91998937804886 109
0.9938650306748467 0.006134969325153374 0.0 0.9936708860759493 0.006329113924050633 0.0 0.7278481012658228 1087.480379419373 18.05612001245447 163
0.9937888198757764 0.006211180124223602 0.0 0.9935897435897436 0.00641025641025641 0.0 0.6923076923076923 1087.1283760893757 17.428317566781523 161
1.0 0.0 0.0 1.0 0.0 0.0 0.8421052631578947 1067.1626246344558 19.73275593476058 119
1.0 0.0 0.0 1.0 0.0 0.0 1.0 1053.5268244367428 21.62221990868692 100
0.9813084112149533 0.018691588785046728 0.0 0.9808612440191388 0.019138755980861243 0.0 0.7894736842105263 1087.4235350845534 17.940575795823367 214
1.0 0.0 0.0 1.0 0.0 0.0 0.9291338582677166 1071.065881476327 20.191620687054456 132
0.9473684210526315 0.05263157894736842 0.0 0.9453125 0.0546875 0.0 0.8828125 1018.5362435901006 18.11336766232636 133
0.7697368421052632 0.23026315789473684 0.0 0.7619047619047619 0.23809523809523808 0.0 0.006802721088435374 1087.4184986019575 16.66411887500803 152
1.0 0.0 0.0 1.0 0.0 0.0 0.8313953488372093 1087.1860482083966 17.293246012432764 177
0.9571428571428572 0.04285714285714286 0.0 0.9555555555555556 0.044444444444444446 0.0 0.5851851851851851 1073.9436006778546 18.122403439128732 140
0.9927536231884058 0.007246376811594203 0.0 0.9924812030075187 0.007518796992481203 0.0 0.7142857142857143 1087.4463452812024 19.52934157894802 138
1.0 0.0 0.0 1.0 0.0 0.0 0.7676056338028169 1085.7992940762028 17.749125043709142 147
1.0 0.0 0.0 1.0 0.0 0.0 0.8811188811188811 1058.8506631648365 19.42072078299742 148
0.9029126213592233 0.0970873786407767 0.0 0.8979591836734694 0.10204081632653061 0.0 0.6020408163265306 1087.4566430018426 20.239987519361073 103
0.9680851063829787 0.031914893617021274 0.0 0.9672131147540983 0.03278688524590164 0.0 0.00546448087431694 1087.374253463336 17.71014576624673 188
1.0 0.0 0.0 1.0 0.0 0.0 1.0 1064.4396365747114 22.48212178418866 94
1.0 0.0 0.0 1.0 0.0 0.0 0.8688524590163934 1025.171609663285 19.888220087238746 127
1.0 0.0 0.0 1.0 0.0 0.0 0.9772727272727273 1075.8133872675423 21.79596222865307 93
1.0 0.0 0.0 1.0 0.0 0.0 0.7272727272727273 1082.885735814887 20.7869488698468 93
1.0 0.0 0.0 1.0 0.0 0.0 0.0 1066.589005095501 17.114021788057144 169
1.0 0.0 0.0 1.0 0.0 0.0 0.7591240875912408 1085.808405053547 20.02862102916571 142
1.0 0.0 0.0 1.0 0.0 0.0 1.0 1071.6013887897677 20.66050187492443 128
1.0 0.0 0.0 1.0 0.0 0.0 0.68125 1068.8628536431968 18.767055785513488 165
1.0 0.0 0.0 1.0 0.0 0.0 0.8736842105263158 1062.5410837791278 19.81448113588873 100
1.0 0.0 0.0 1.0 0.0 0.0 0.8271604938271605 1072.3138349376188 18.254536585693156 167
0.8051948051948052 0.18181818181818182 0.012987012987012988 0.7986577181208053 0.18791946308724833 0.013422818791946308 0.006711409395973154 1045.5201917859351 17.258226067982896 154
0.7574257425742574 0.24257425742574257 0.0 0.751269035532995 0.24873096446700507 0.0 0.08121827411167512 1082.6938291514784 15.973668280262952 202
1.0 0.0 0.0 1.0 0.0 0.0 0.7291666666666666 1082.3137083442853 17.608872673070177 149
0.9861111111111112 0.013888888888888888 0.0 0.9856115107913669 0.014388489208633094 0.0 0.7266187050359713 1084.995332474289 18.52827841912976 144
1.0 0.0 0.0 1.0 0.0 0.0 0.7964601769911505 1073.4748486410658 20.365085723388336 118
0.9193548387096774 0.08064516129032258 0.0 0.9171270718232044 0.08287292817679558 0.0 0.0 1084.3028129655481 16.373589460978597 186
0.9932432432432432 0.006756756756756757 0.0 0.993006993006993 0.006993006993006993 0.0 0.5874125874125874 1087.4738390998414 17.127223491038347 148
1.0 0.0 0.0 1.0 0.0 0.0 0.8604651162790697 1085.378597030616 19.982999778928285 134
1.0 0.0 0.0 1.0 0.0 0.0 0.859504132231405 1059.453320356576 19.62082871112654 126
0.9722222222222222 0.027777777777777776 0.0 0.970873786407767 0.02912621359223301 0.0 0.5922330097087378 1087.409692146581 19.579744447232024 108
1.0 0.0 0.0 1.0 0.0 0.0 0.7565217391304347 1087.422571304183 21.16629650740662 120
0.9882352941176471 0.011764705882352941 0.0 0.9878787878787879 0.012121212121212121 0.0 0.6060606060606061 1087.4320842984982 18.450887714448562 170
0.991869918699187 0.008130081300813009 0.0 0.9915254237288136 0.00847457627118644 0.0 0.6440677966101694 1086.3115023967891 19.62298318371817 123
1.0 0.0 0.0 1.0 0.0 0.0 0.7518248175182481 1087.4067203755624 18.65565642460709 142
1.0 0.0 0.0 1.0 0.0 0.0 0.9411764705882353 1076.0193561385372 19.651389792200106 124
1.0 0.0 0.0 1.0 0.0 0.0 0.68 1087.442525699636 17.83279241388159 155
1.0 0.0 0.0 1.0 0.0 0.0 0.7596899224806202 1081.814645022806 19.3961218871143 134
1.0 0.0 0.0 1.0 0.0 0.0 0.6881720430107527 1000.6348224021986 21.597901518471716 98
0.9940476190476191 0.005952380952380952 0.0 0.9938650306748467 0.006134969325153374 0.0 0.7668711656441718 1040.1921624653728 17.338295708105424 168
0.7352941176470589 0.2647058823529412 0.0 0.7272727272727273 0.2727272727272727 0.0 0.8363636363636363 1063.736499756266 16.21663210502095 170
0.9938271604938271 0.006172839506172839 0.0 0.9936305732484076 0.006369426751592357 0.0 0.7006369426751592 1086.8994118174285 17.75814799047769 162
1.0 0.0 0.0 1.0 0.0 0.0 0.33532934131736525 1015.8270987404192 18.19894547747129 172
1.0 0.0 0.0 1.0 0.0 0.0 0.39669421487603307 1080.1683019115267 18.036860198214132 126
0.9692307692307692 0.03076923076923077 0.0 0.968 0.032 0.0 0.848 1087.3928748778292 19.33064495848205 130
1.0 0.0 0.0 1.0 0.0 0.0 0.7931034482758621 1061.1252593890113 19.046996609368083 121
0.9754098360655737 0.02459016393442623 0.0 0.9743589743589743 0.02564102564102564 0.0 0.7435897435897436 1084.177010399431 19.58395258584081 122
0.9663461538461539 0.03365384615384615 0.0 0.9655172413793104 0.034482758620689655 0.0 0.6059113300492611 1087.4319849427477 16.195412779292052 208
1.0 0.0 0.0 1.0 0.0 0.0 0.6818181818181818 1087.2916011938764 18.62044657746043 159
0.9795918367346939 0.02040816326530612 0.0 0.9788732394366197 0.02112676056338028 0.0 0.7676056338028169 1087.021873742229 18.105086327033288 147
0.9923664122137404 0.007633587786259542 0.0 0.9920634920634921 0.007936507936507936 0.0 0.8095238095238095 1076.298397758539 19.51115214840121 131
0.9849624060150376 0.015037593984962405 0.0 0.984375 0.015625 0.0 0.6796875 1014.4980012573924 18.283672480458875 133
1.0 0.0 0.0 1.0 0.0 0.0 0.8636363636363636 987.8736076331055 18.573270948071606 137
1.0 0.0 0.0 1.0 0.0 0.0 0.7964601769911505 1082.0419774186346 19.585387873796556 118
1.0 0.0 0.0 1.0 0.0 0.0 0.7727272727272727 1061.7218729514784 19.80849183629602 115
0.9919354838709677 0.008064516129032258 0.0 0.9915966386554622 0.008403361344537815 0.0 0.7310924369747899 1087.3766585657581 18.746854399709417 124
0.9520958083832335 0.04790419161676647 0.0 0.9506172839506173 0.04938271604938271 0.0 0.7160493827160493 1068.1896504030346 17.07089023540828 167
1.0 0.0 0.0 1.0 0.0 0.0 0.7670454545454546 1087.1395827699398 17.60048337576144 181
0.9891304347826086 0.010869565217391304 0.0 0.9885057471264368 0.011494252873563218 0.0 0.6551724137931034 1078.816739615381 22.14605830082213 92
0.9802631578947368 0.019736842105263157 0.0 0.9795918367346939 0.02040816326530612 0.0 0.8299319727891157 1087.2933081503816 18.817106799397727 152
0.9929078014184397 0.0070921985815602835 0.0 0.9926470588235294 0.007352941176470588 0.0 0.625 1087.3709955755905 18.79481829445934 141
1.0 0.0 0.0 1.0 0.0 0.0 0.912621359223301 1071.5646527190047 20.586406336361893 108
1.0 0.0 0.0 1.0 0.0 0.0 0.7981651376146789 1085.8839035007084 19.82489264147313 114
0.9776536312849162 0.0223463687150838 0.0 0.9770114942528736 0.022988505747126436 0.0 0.867816091954023 1078.1561348728856 17.002064772425364 179
1.0 0.0 0.0 1.0 0.0 0.0 0.8102189781021898 1087.3147368723285 19.1154491411265 142
1.0 0.0 0.0 1.0 0.0 0.0 0.6475409836065574 1086.4368659125062 18.553676454113507 127
1.0 0.0 0.0 1.0 0.0 0.0 0.6434108527131783 1030.113020655712 17.859975118090553 134
1.0 0.0 0.0 1.0 0.0 0.0 0.8441558441558441 1074.7465212748377 21.19124074816481 82
0.9921875 0.0078125 0.0 0.991869918699187 0.008130081300813009 0.0 0.7642276422764228 1087.4282000532774 18.85012564339077 128
1.0 0.0 0.0 1.0 0.0 0.0 0.7338709677419355 1081.4910820593689 18.621946144431654 129
1.0 0.0 0.0 1.0 0.0 0.0 0.8017241379310345 1085.740495575967 19.780447933327917 121
1.0 0.0 0.0 1.0 0.0 0.0 0.8407643312101911 1086.9949996825555 19.647717708219602 162
1.0 0.0 0.0 1.0 0.0 0.0 0.7142857142857143 1087.4047260232305 19.062160141099238 145
1.0 0.0 0.0 1.0 0.0 0.0 0.8623853211009175 1025.7799688659547 20.268802865823744 114
1.0 0.0 0.0 1.0 0.0 0.0 0.7251908396946565 1083.0449218241165 19.286660499951722 136
0.958041958041958 0.04195804195804196 0.0 0.9565217391304348 0.043478260869565216 0.0 0.7753623188405797 1064.83986747633 16.710265164334203 143
0.9855072463768116 0.014492753623188406 0.0 0.9849624060150376 0.015037593984962405 0.0 0.6616541353383458 1048.7450165828673 18.869072834660933 138
1.0 0.0 0.0 1.0 0.0 0.0 0.6944444444444444 1043.013178946084 17.65388173501129 149
1.0 0.0 0.0 1.0 0.0 0.0 0.8270676691729323 1065.4776393025872 19.77752581155861 138
0.9850746268656716 0.014925373134328358 0.0 0.9844961240310077 0.015503875968992248 0.0 0.7906976744186046 1085.7935537169703 18.484150507889257 134
0.9734513274336283 0.008849557522123894 0.017699115044247787 0.9722222222222222 0.009259259259259259 0.018518518518518517 0.9722222222222222 1070.1603717253336 19.085890638615638 113
1.0 0.0 0.0 1.0 0.0 0.0 0.8829787234042553 1054.8987053700382 20.942081209373306 99
0.9847715736040609 0.015228426395939087 0.0 0.984375 0.015625 0.0 0.6614583333333334 1087.4273141991694 17.064911960582865 197
0.9695121951219512 0.03048780487804878 0.0 0.9685534591194969 0.031446540880503145 0.0 0.710691823899371 1087.429900372209 16.746125357769664 164
1.0 0.0 0.0 1.0 0.0 0.0 0.7658227848101266 1033.2730674484783 18.95331847715434 163
1.0 0.0 0.0 1.0 0.0 0.0 0.6875 1079.2290768782902 19.517033761911648 133
0.9770992366412213 0.022900763358778626 0.0 0.9761904761904762 0.023809523809523808 0.0 0.7063492063492064 1080.3580882052572 19.83415522797685 131
1.0 0.0 0.0 1.0 0.0 0.0 0.8947368421052632 1034.3958291727793 21.872542314741025 81
0.967741935483871 0.03225806451612903 0.0 0.9663865546218487 0.03361344537815126 0.0 0.5798319327731093 1087.273400615458 19.60205745063026 124
0.9148936170212766 0.0851063829787234 0.0 0.9117647058823529 0.08823529411764706 0.0 0.6176470588235294 1087.3483629729665 18.855460513638437 141
0.8666666666666667 0.12727272727272726 0.006060606060606061 0.8625 0.13125 0.00625 0.33125 1087.3804151236343 16.395545207471336 165
0.9803921568627451 0.0196078431372549 0.0 0.9797297297297297 0.02027027027027027 0.0 0.39864864864864863 1066.2499054071034 17.242278868081605 153
1.0 0.0 0.0 1.0 0.0 0.0 0.7533333333333333 1070.2240103680876 18.342911854496283 155
1.0 0.0 0.0 1.0 0.0 0.0 0.6865671641791045 1086.3353703744385 19.305011750251108 139
1.0 0.0 0.0 1.0 0.0 0.0 0.7909090909090909 1077.1204790768484 18.001314502552166 115
1.0 0.0 0.0 1.0 0.0 0.0 0.7657657657657657 1087.4836458293737 18.451167364232575 116
0.9352941176470588 0.06470588235294118 0.0 0.9333333333333333 0.06666666666666667 0.0 0.593939393939394 1087.446188179518 17.961106200102 170
1.0 0.0 0.0 1.0 0.0 0.0 0.8021978021978022 1034.8216606029555 20.61509995411927 96
1.0 0.0 0.0 1.0 0.0 0.0 0.8804347826086957 1061.0924656459993 22.539794145775595 97
1.0 0.0 0.0 1.0 0.0 0.0 0.983739837398374 1050.186037740357 18.74587515413104 128
0.9273743016759777 0.07262569832402235 0.0 0.9252873563218391 0.07471264367816093 0.0 0.005747126436781609 1087.2699666062892 16.56002262753143 179
1.0 0.0 0.0 1.0 0.0 0.0 1.0 1026.075337525094 21.227139509495675 118
1.0 0.0 0.0 1.0 0.0 0.0 0.9523809523809523 1038.5598840742052 21.605126053953025 110
1.0 0.0 0.0 1.0 0.0 0.0 0.9902912621359223 1086.1282372940746 21.325537730920733 108
1.0 0.0 0.0 1.0 0.0 0.0 0.8455284552845529 1084.882697987443 20.045467850973413 128
1.0 0.0 0.0 1.0 0.0 0.0 0.8058252427184466 1085.8793876723012 19.638094968345428 108
1.0 0.0 0.0 1.0 0.0 0.0 0.8861788617886179 1076.0867981592446 19.87126354250885 128
1.0 0.0 0.0 1.0 0.0 0.0 1.0 1061.0821217012003 21.203920028139034 99
1.0 0.0 0.0 1.0 0.0 0.0 0.7924528301886793 1070.509034367659 19.2779833716239 111
0.991869918699187 0.008130081300813009 0.0 0.9915254237288136 0.00847457627118644 0.0 0.9067796610169492 1047.7135802957641 18.7831070422488 123
1.0 0.0 0.0 1.0 0.0 0.0 0.6788321167883211 1086.42352040934 19.92427147621769 142
1.0 0.0 0.0 1.0 0.0 0.0 0.8921568627450981 1057.974897944279 18.93764841465318 107
0.9919354838709677 0.008064516129032258 0.0 0.9915966386554622 0.008403361344537815 0.0 0.8067226890756303 1049.8414435063703 19.68307890415777 124
0.9877300613496932 0.012269938650306749 0.0 0.9873417721518988 0.012658227848101266 0.0 0.7974683544303798 1087.4352510168173 18.641906128562983 163
1.0 0.0 0.0 1.0 0.0 0.0 1.0 1038.7876836912735 21.271951581197133 96
1.0 0.0 0.0 1.0 0.0 0.0 0.7525773195876289 1027.0851385585424 20.773613234252426 102
1.0 0.0 0.0 1.0 0.0 0.0 0.8737864077669902 1013.8395998058472 20.16704491755788 108
1.0 0.0 0.0 1.0 0.0 0.0 0.9019607843137255 1087.025540144877 21.558825071536692 107
1.0 0.0 0.0 1.0 0.0 0.0 0.961038961038961 1035.451123264759 21.868077465231682 82
0.9710982658959537 0.028901734104046242 0.0 0.9702380952380952 0.02976190476190476 0.0 0.0 1087.456944826405 16.900087280960804 173
0.992 0.008 0.0 0.9916666666666667 0.008333333333333333 0.0 0.7916666666666666 1086.4216027759423 18.710874509592607 125
0.9922480620155039 0.007751937984496124 0.0 0.9919354838709677 0.008064516129032258 0.0 0.7661290322580645 1084.8109085609863 19.147584829328782 129
0.9708029197080292 0.029197080291970802 0.0 0.9696969696969697 0.030303030303030304 0.0 0.7424242424242424 1086.799733729145 18.085770021284674 137
1.0 0.0 0.0 1.0 0.0 0.0 0.7214285714285714 1068.920965546822 17.786362453704932 145
1.0 0.0 0.0 1.0 0.0 0.0 0.9875 1036.892727948138 23.719624367544366 85
0.9864864864864865 0.013513513513513514 0.0 0.986013986013986 0.013986013986013986 0.0 0.6993006993006993 1087.3342128518827 19.100503899292956 148
0.9925373134328358 0.007462686567164179 0.0 0.9922480620155039 0.007751937984496124 0.0 0.8449612403100775 1087.368980060891 18.85337780730606 134
0.9576719576719577 0.042328042328042326 0.0 0.9565217391304348 0.043478260869565216 0.0 0.0 1059.2960591791098 16.53203157093071 189
1.0 0.0 0.0 1.0 0.0 0.0 0.8297872340425532 1074.895136824694 18.01998686575531 146
1.0 0.0 0.0 1.0 0.0 0.0 0.8947368421052632 1078.4851115838728 18.806172520680885 138
0.9622641509433962 0.03773584905660377 0.0 0.961038961038961 0.03896103896103896 0.0 0.6363636363636364 1087.2745706953876 16.724325577457623 159
0.9940119760479041 0.005988023952095809 0.0 0.9938271604938271 0.006172839506172839 0.0 0.7469135802469136 1087.2257613079544 18.277927992798407 167
0.991869918699187 0.008130081300813009 0.0 0.9915254237288136 0.00847457627118644 0.0 0.8813559322033898 1085.051850306377 18.07443768714971 123
0.9382022471910112 0.06179775280898876 0.0 0.9364161849710982 0.06358381502890173 0.0 0.6473988439306358 1083.7727901963553 16.664178989600977 178
1.0 0.0 0.0 1.0 0.0 0.0 0.8210526315789474 1082.3867699409848 19.625186643013073 100
0.9637681159420289 0.036231884057971016 0.0 0.9624060150375939 0.03759398496240601 0.0 0.6917293233082706 1087.4627082435798 18.824459554478896 138
1.0 0.0 0.0 1.0 0.0 0.0 0.6428571428571429 1087.1633935595078 18.605946641612327 75
1.0 0.0 0.0 1.0 0.0 0.0 0.8202247191011236 1087.0200542625475 18.70756896972159 183
1.0 0.0 0.0 1.0 0.0 0.0 0.8255813953488372 1080.6313020599669 19.821225870333343 91
0.9790209790209791 0.02097902097902098 0.0 0.9782608695652174 0.021739130434782608 0.0 0.8115942028985508 1087.4110037138796 18.860912654733617 143
1.0 0.0 0.0 1.0 0.0 0.0 0.7109375 1070.7180793286402 19.843930778360267 133
0.9761904761904762 0.023809523809523808 0.0 0.9752066115702479 0.024793388429752067 0.0 0.7520661157024794 1067.0718809647647 19.12134572101912 126
1.0 0.0 0.0 1.0 0.0 0.0 0.5859375 1033.6648000440964 19.091050802309883 133
1.0 0.0 0.0 1.0 0.0 0.0 0.8285714285714286 1067.7848653354586 17.28480237065018 145
1.0 0.0 0.0 1.0 0.0 0.0 0.7659574468085106 1080.5228511147702 19.394237785665933 146
0.9922480620155039 0.007751937984496124 0.0 0.9919354838709677 0.008064516129032258 0.0 0.717741935483871 1087.4625693556989 18.75741095013956 129
0.9944444444444445 0.005555555555555556 0.0 0.9942857142857143 0.005714285714285714 0.0 0.64 1079.694052557517 18.200698026480033 180
1.0 0.0 0.0 1.0 0.0 0.0 0.8235294117647058 1076.2307342278552 19.160978818059437 124
1.0 0.0 0.0 1.0 0.0 0.0 0.851063829787234 1050.071946806627 21.73301735745486 99
1.0 0.0 0.0 1.0 0.0 0.0 0.9652173913043478 1086.060889503211 19.80671642906396 120
1.0 0.0 0.0 1.0 0.0 0.0 0.6451612903225806 1065.555356233051 18.71780340219646 160
0.9490445859872612 0.050955414012738856 0.0 0.9473684210526315 0.05263157894736842 0.0 0.7828947368421053 1087.345047767755 19.497028852694477 157
1.0 0.0 0.0 1.0 0.0 0.0 0.8090909090909091 1062.2597454643922 19.926808556966304 115
1.0 0.0 0.0 1.0 0.0 0.0 0.7386363636363636 1001.1677597995248 19.41401946390479 93
0.9919354838709677 0.008064516129032258 0.0 0.9915966386554622 0.008403361344537815 0.0 0.7058823529411765 1075.2765841668688 17.737735047168304 124
1.0 0.0 0.0 1.0 0.0 0.0 0.8037383177570093 1019.0435814135179 19.211079322989093 112
0.9732142857142857 0.026785714285714284 0.0 0.9719626168224299 0.028037383177570093 0.0 0.7663551401869159 1087.4911813175909 21.0582840023778 112
0.9841269841269841 0.015873015873015872 0.0 0.9834710743801653 0.01652892561983471 0.0 0.71900826446281 1087.4025900261124 19.899675463970407 126
1.0 0.0 0.0 1.0 0.0 0.0 0.7843137254901961 1087.4411067221488 20.942655775454615 107
1.0 0.0 0.0 1.0 0.0 0.0 0.8611111111111112 1055.846043372743 19.61234803776589 113
0.9879518072289156 0.012048192771084338 0.0 0.9871794871794872 0.01282051282051282 0.0 0.8333333333333334 1062.5054436131882 22.50039501333192 83
1.0 0.0 0.0 1.0 0.0 0.0 0.8411214953271028 1086.2597099955992 18.392966816953244 112
1.0 0.0 0.0 1.0 0.0 0.0 0.8333333333333334 1066.6170700690332 20.197040411373518 95
1.0 0.0 0.0 1.0 0.0 0.0 0.7692307692307693 1060.9753769955623 20.4640837984434 96
1.0 0.0 0.0 1.0 0.0 0.0 0.7215189873417721 1087.353882160839 18.795807241952577 163
0.9006622516556292 0.08609271523178808 0.013245033112582781 0.8972602739726028 0.08904109589041095 0.0136986301369863 0.0136986301369863 1063.2254347255775 18.196262177796918 151
0.8258426966292135 0.16853932584269662 0.0056179775280898875 0.8208092485549133 0.17341040462427745 0.005780346820809248 0.8439306358381503 1084.6235475512053 16.6562115812198 178
1.0 0.0 0.0 1.0 0.0 0.0 0.7286821705426356 1086.5562394665624 17.983983165855594 134
0.9868421052631579 0.013157894736842105 0.0 0.9863945578231292 0.013605442176870748 0.0 0.7210884353741497 1086.1827278975613 18.116078808600665 152
0.9826086956521739 0.017391304347826087 0.0 0.9818181818181818 0.01818181818181818 0.0 0.6272727272727273 1072.1095368198053 17.677645549060735 115
0.9752066115702479 0.024793388429752067 0.0 0.9741379310344828 0.02586206896551724 0.0 0.6810344827586207 1081.0710926423224 18.437378933403668 121
1.0 0.0 0.0 1.0 0.0 0.0 0.5932203389830508 1087.3008741269705 19.883113573290768 123
1.0 0.0 0.0 1.0 0.0 0.0 0.9901960784313726 1058.2357004577384 20.370951519116105 107
0.9908256880733946 0.009174311926605505 0.0 0.9903846153846154 0.009615384615384616 0.0 0.875 1051.5296021051427 19.803315018926384 109
1.0 0.0 0.0 1.0 0.0 0.0 0.8524590163934426 1064.7582553972993 19.811109194343132 127
0.9868421052631579 0.006578947368421052 0.006578947368421052 0.9863945578231292 0.006802721088435374 0.006802721088435374 0.891156462585034 1057.0533883281716 19.07255660825605 152
0.8614457831325302 0.08433734939759036 0.05421686746987952 0.8571428571428571 0.08695652173913043 0.055900621118012424 0.8322981366459627 1087.1967819703912 17.599556992279105 166
0.8129496402877698 0.08633093525179857 0.10071942446043165 0.8059701492537313 0.08955223880597014 0.1044776119402985 0.5895522388059702 1072.6160727826841 18.13960470367047 139
0.9912280701754386 0.008771929824561403 0.0 0.9908256880733946 0.009174311926605505 0.0 0.8807339449541285 1085.8434646454841 20.37155536467897 114
0.9940476190476191 0.005952380952380952 0.0 0.9938650306748467 0.006134969325153374 0.0 0.6748466257668712 1048.4094493618193 18.117999720960754 168
0.8486842105263158 0.1513157894736842 0.0 0.8435374149659864 0.1564625850340136 0.0 0.0 1085.8345454381408 16.639617671926338 152
1.0 0.0 0.0 1.0 0.0 0.0 0.8740157480314961 1058.2897440674565 18.970692344043087 132
0.9940476190476191 0.005952380952380952 0.0 0.9938650306748467 0.006134969325153374 0.0 0.5950920245398773 1087.222156414478 18.369901169197533 168
0.8066298342541437 0.19337016574585636 0.0 0.8011363636363636 0.19886363636363635 0.0 0.6022727272727273 1061.330077384452 16.638887027138658 181
1.0 0.0 0.0 1.0 0.0 0.0 0.8666666666666667 1053.8240693381488 22.192682652432705 110
1.0 0.0 0.0 1.0 0.0 0.0 0.7575757575757576 1084.2036797686992 19.745640095440617 137
0.9177215189873418 0.08227848101265822 0.0 0.9150326797385621 0.08496732026143791 0.0 0.0 1049.4834736087753 16.347440551667543 158
1.0 0.0 0.0 1.0 0.0 0.0 0.8235294117647058 1087.2641207572944 17.955858479838255 141
0.9797297297297297 0.02027027027027027 0.0 0.9790209790209791 0.02097902097902098 0.0 0.7272727272727273 1087.161096979335 17.987000980097797 148
0.9926470588235294 0.007352941176470588 0.0 0.9923664122137404 0.007633587786259542 0.0 0.648854961832061 1085.294765540197 18.232213672089962 136
1.0 0.0 0.0 1.0 0.0 0.0 0.7903225806451613 1087.3329630661156 18.109383855275034 129
1.0 0.0 0.0 1.0 0.0 0.0 0.7733333333333333 1070.7407492374448 18.029874359425694 155
0.9797297297297297 0.02027027027027027 0.0 0.9790209790209791 0.02097902097902098 0.0 0.8321678321678322 1087.1959418607164 18.953397973974628 148
1.0 0.0 0.0 1.0 0.0 0.0 0.5877192982456141 1075.1494446996098 19.392097536910708 119
1.0 0.0 0.0 1.0 0.0 0.0 0.7552447552447552 1087.4229783884596 18.551563876584275 148
1.0 0.0 0.0 1.0 0.0 0.0 0.7058823529411765 1085.1511155247038 19.63524960451317 124
1.0 0.0 0.0 1.0 0.0 0.0 0.88 1042.9107880689614 24.139811017156084 80
1.0 0.0 0.0 1.0 0.0 0.0 0.7857142857142857 1086.371014963141 18.87559014199826 187
0.963302752293578 0.03669724770642202 0.0 0.9615384615384616 0.038461538461538464 0.0 0.7115384615384616 1086.796809044274 20.054144427305186 109
0.9935897435897436 0.00641025641025641 0.0 0.9933774834437086 0.006622516556291391 0.0 0.7549668874172185 1087.4812685856032 18.60374570443275 156
1.0 0.0 0.0 1.0 0.0 0.0 0.7756410256410257 1076.3804788152095 18.316334094082013 161
0.9722222222222222 0.027777777777777776 0.0 0.9715639810426541 0.02843601895734597 0.0 0.7440758293838863 1086.035418652538 16.935141986982686 216
1.0 0.0 0.0 1.0 0.0 0.0 0.5378151260504201 1087.3838847079196 17.802031988080685 124
0.9539473684210527 0.046052631578947366 0.0 0.9523809523809523 0.047619047619047616 0.0 0.7687074829931972 1050.594311012294 17.350569328705156 152
1.0 0.0 0.0 1.0 0.0 0.0 0.79 1044.533062083276 20.901109973846346 105
0.9854014598540146 0.014598540145985401 0.0 0.9848484848484849 0.015151515151515152 0.0 0.9772727272727273 1048.0614246369885 18.278761016856535 137
0.990990990990991 0.009009009009009009 0.0 0.9905660377358491 0.009433962264150943 0.0 0.7735849056603774 1087.2099379414892 19.880961274692073 111
1.0 0.0 0.0 1.0 0.0 0.0 0.7203389830508474 1067.5606640607637 19.78080986340047 123
1.0 0.0 0.0 1.0 0.0 0.0 0.6886792452830188 1086.6190461592598 20.646200542100573 111
1.0 0.0 0.0 1.0 0.0 0.0 0.7674418604651163 1048.574290893038 18.957337081875476 134
0.9912280701754386 0.008771929824561403 0.0 0.9908256880733946 0.009174311926605505 0.0 0.8165137614678899 1085.2081967591002 19.590363642322284 114
1.0 0.0 0.0 1.0 0.0 0.0 0.7678571428571429 1021.9172658756194 19.89174321505243 117
1.0 0.0 0.0 1.0 0.0 0.0 0.7844311377245509 1087.4286232001546 18.262833530494387 172
1.0 0.0 0.0 1.0 0.0 0.0 0.32231404958677684 1077.6819444669893 18.866080878765164 126
0.9857142857142858 0.014285714285714285 0.0 0.9851851851851852 0.014814814814814815 0.0 0.6888888888888889 1086.9946750154922 18.538276926372944 140
1.0 0.0 0.0 1.0 0.0 0.0 0.7456140350877193 1080.1088131117851 19.80449519680708 119
1.0 0.0 0.0 1.0 0.0 0.0 0.9411764705882353 1041.4085943873818 18.060416382779596 141
1.0 0.0 0.0 1.0 0.0 0.0 0.8226950354609929 972.3073297748306 17.94124823786354 146
1.0 0.0 0.0 1.0 0.0 0.0 0.7398373983739838 1055.1111694468973 19.588979185543074 128
1.0 0.0 0.0 1.0 0.0 0.0 0.7480916030534351 1049.1722221330974 18.884006085591935 136
1.0 0.0 0.0 1.0 0.0 0.0 0.847457627118644 1033.256158220098 17.778572936707885 123
0.976 0.024 0.0 0.975 0.025 0.0 0.8 1018.5654293447473 19.416760751885796 125
1.0 0.0 0.0 1.0 0.0 0.0 0.7066666666666667 1087.1069645084835 18.36574093102901 155
0.9877300613496932 0.012269938650306749 0.0 0.9873417721518988 0.012658227848101266 0.0 0.6772151898734177 1087.3881162667183 18.626836948020713 163
1.0 0.0 0.0 1.0 0.0 0.0 0.7480314960629921 1087.469943558797 19.237940066362018 132
0.9754601226993865 0.024539877300613498 0.0 0.9746835443037974 0.02531645569620253 0.0 0.620253164556962 1087.41938828132 16.347057804999796 163
0.9576271186440678 0.0423728813559322 0.0 0.9557522123893806 0.04424778761061947 0.0 0.7699115044247787 1063.3274639130173 19.797422035660283 118
1.0 0.0 0.0 1.0 0.0 0.0 0.8189655172413793 1061.047346760066 19.41012831706628 121
1.0 0.0 0.0 1.0 0.0 0.0 0.6753246753246753 1087.1290726802113 18.555404995482935 159
0.9858156028368794 0.014184397163120567 0.0 0.9852941176470589 0.014705882352941176 0.0 0.8088235294117647 1087.4778532979676 17.910352839186405 141
0.9921259842519685 0.007874015748031496 0.0 0.9918032786885246 0.00819672131147541 0.0 0.7540983606557377 1086.69685098604 18.910284444377695 127
1.0 0.0 0.0 1.0 0.0 0.0 0.7372881355932204 1085.700997356002 19.119114449857868 123
1.0 0.0 0.0 1.0 0.0 0.0 0.8833333333333333 1060.1450657561315 19.175499190530743 125
0.9864864864864865 0.013513513513513514 0.0 0.986013986013986 0.013986013986013986 0.0 0.6853146853146853 1087.0738172692359 18.012148387286665 148
0.9798657718120806 0.020134228187919462 0.0 0.9791666666666666 0.020833333333333332 0.0 0.9930555555555556 1085.180481737269 17.89195601001209 149
1.0 0.0 0.0 1.0 0.0 0.0 0.7105263157894737 1087.4533893759476 19.23307894748051 119
0.99375 0.00625 0.0 0.9935483870967742 0.0064516129032258064 0.0 0.6387096774193548 1087.1293341361375 17.540544215923592 160
0.9928571428571429 0.007142857142857143 0.0 0.9925925925925926 0.007407407407407408 0.0 0.6370370370370371 1087.438188943297 18.40127013966061 140
0.9354838709677419 0.06451612903225806 0.0 0.9327731092436975 0.06722689075630252 0.0 0.6974789915966386 1087.4519174203363 19.165030243596565 124
1.0 0.0 0.0 1.0 0.0 0.0 0.9841269841269841 1072.290424713505 22.6310989495165 68
1.0 0.0 0.0 1.0 0.0 0.0 0.6956521739130435 1085.4010052841068 17.252062461287277 189
1.0 0.0 0.0 1.0 0.0 0.0 0.7216494845360825 1078.6580843542163 20.19550224071466 102
0.9935064935064936 0.006493506493506494 0.0 0.9932885906040269 0.006711409395973154 0.0 0.7651006711409396 1087.413610644747 18.42512961042676 154
1.0 0.0 0.0 1.0 0.0 0.0 0.8646616541353384 1086.3698476108302 18.448473787254823 138
1.0 0.0 0.0 1.0 0.0 0.0 0.8076923076923077 1062.187101381702 19.435928979710752 135
0.9925373134328358 0.007462686567164179 0.0 0.9922480620155039 0.007751937984496124 0.0 0.7906976744186046 1085.339612495515 20.140272681881825 134
1.0 0.0 0.0 1.0 0.0 0.0 0.5 1086.9311150564604 18.594751880578908 129
0.9545454545454546 0.045454545454545456 0.0 0.9532163742690059 0.04678362573099415 0.0 0.672514619883041 1084.0194763815557 17.074895541102592 176
1.0 0.0 0.0 1.0 0.0 0.0 0.6388888888888888 1087.3085775530885 19.708682649787676 113
0.9158878504672897 0.08411214953271028 0.0 0.9138755980861244 0.0861244019138756 0.0 0.5406698564593302 1087.4841287374009 15.959574802948048 214
0.9757575757575757 0.024242424242424242 0.0 0.975 0.025 0.0 0.6625 1086.2279215690678 18.52389485285189 165
1.0 0.0 0.0 1.0 0.0 0.0 0.8842105263157894 1066.4553786399254 19.8143687238445 100
0.9927007299270073 0.0072992700729927005 0.0 0.9924242424242424 0.007575757575757576 0.0 0.9166666666666666 1063.8335949698042 17.873229221809368 137
0.9512195121951219 0.04878048780487805 0.0 0.9491525423728814 0.05084745762711865 0.0 0.7372881355932204 1080.05733615963 18.853229882763433 123
0.925 0.075 0.0 0.9225806451612903 0.07741935483870968 0.0 0.864516129032258 1087.4172602157619 16.987759818129952 160
0.9675324675324676 0.032467532467532464 0.0 0.9664429530201343 0.03355704697986577 0.0 0.87248322147651 1050.4373438484881 18.35290332621147 154
0.9726027397260274 0.0273972602739726 0.0 0.9716312056737588 0.028368794326241134 0.0 0.7304964539007093 1087.1924489588553 19.431749966487676 146
0.974025974025974 0.025974025974025976 0.0 0.9731543624161074 0.026845637583892617 0.0 0.7583892617449665 1087.4556023309115 17.91440772960203 154
0.9922480620155039 0.007751937984496124 0.0 0.9919354838709677 0.008064516129032258 0.0 0.9032258064516129 1087.3585500661845 18.72800721903635 129
1.0 0.0 0.0 1.0 0.0 0.0 0.7285714285714285 1077.0505498889256 17.64142350101901 145
1.0 0.0 0.0 1.0 0.0 0.0 0.8205128205128205 1068.931589030356 21.333424392104853 122
1.0 0.0 0.0 1.0 0.0 0.0 0.0 1065.6418683894626 17.90640758984899 156
1.0 0.0 0.0 1.0 0.0 0.0 0.8701298701298701 1076.266909567095 18.0892145093779 159
0.9887640449438202 0.011235955056179775 0.0 0.9884393063583815 0.011560693641618497 0.0 0.7225433526011561 1084.568930766679 17.4722612872959 178
0.5675675675675675 0.3567567567567568 0.07567567567567568 0.5555555555555556 0.36666666666666664 0.07777777777777778 0.027777777777777776 1087.166696037986 17.284523539142118 185
0.81875 0.18125 0.0 0.8129032258064516 0.1870967741935484 0.0 0.0 1076.3961370309016 16.33767316427967 160
0.9672131147540983 0.03278688524590164 0.0 0.9662921348314607 0.033707865168539325 0.0 0.6235955056179775 1087.2278988408423 16.397608901264952 183
0.9787234042553191 0.02127659574468085 0.0 0.9779411764705882 0.022058823529411766 0.0 0.75 1039.269051057974 18.044398006811853 141
0.9542857142857143 0.045714285714285714 0.0 0.9529411764705882 0.047058823529411764 0.0 0.6058823529411764 1087.3205388032911 18.018933462693635 175
1.0 0.0 0.0 1.0 0.0 0.0 0.0 1085.1042887755493 19.140388886989754 156
0.990909090909091 0.00909090909090909 0.0 0.9904761904761905 0.009523809523809525 0.0 0.7523809523809524 1086.0751697435314 19.796643626798424 110
0.867816091954023 0.13218390804597702 0.0 0.863905325443787 0.13609467455621302 0.0 0.0 1087.3351198749751 16.34152944779732 174
1.0 0.0 0.0 1.0 0.0 0.0 0.6608695652173913 1078.872747228473 19.471706982149165 120
0.9868421052631579 0.013157894736842105 0.0 0.9863945578231292 0.013605442176870748 0.0 0.6870748299319728 1083.7249918088557 17.8998071452273 152
0.963855421686747 0.03614457831325301 0.0 0.9627329192546584 0.037267080745341616 0.0 0.0 1028.5959650586901 16.999625049930195 166
1.0 0.0 0.0 1.0 0.0 0.0 0.8429752066115702 1020.2397686503574 18.67234577624732 126
1.0 0.0 0.0 1.0 0.0 0.0 0.8181818181818182 1066.0419491798093 19.45715897125551 115
1.0 0.0 0.0 1.0 0.0 0.0 0.7967479674796748 1087.1185863482647 19.171791295524592 128
1.0 0.0 0.0 1.0 0.0 0.0 0.5838926174496645 1087.174309724214 17.281638380125894 154
0.986013986013986 0.013986013986013986 0.0 0.9855072463768116 0.014492753623188406 0.0 0.7681159420289855 1087.431951047375 19.434870530707077 143
1.0 0.0 0.0 1.0 0.0 0.0 0.6585365853658537 1087.1605249818067 19.085791266329863 128
0.9893048128342246 0.0106951871657754 0.0 0.989010989010989 0.01098901098901099 0.0 0.0 1085.4996002283942 16.848964906408746 187
1.0 0.0 0.0 1.0 0.0 0.0 0.9801324503311258 1068.0423811063908 17.53516482429123 156
0.9615384615384616 0.038461538461538464 0.0 0.9602649006622517 0.039735099337748346 0.0 0.6225165562913907 1084.2940639424096 17.17878044397141 156
0.9942857142857143 0.005714285714285714 0.0 0.9941176470588236 0.0058823529411764705 0.0 0.6176470588235294 1078.8738375761777 17.08567303310517 175
1.0 0.0 0.0 1.0 0.0 0.0 0.7235772357723578 1087.4670593371077 19.990111669252 128
1.0 0.0 0.0 1.0 0.0 0.0 0.5428571428571428 1086.8148213726813 19.023423020710524 110
0.9833333333333333 0.016666666666666666 0.0 0.9826086956521739 0.017391304347826087 0.0 0.7217391304347827 1085.3177627874356 19.24204134816536 120
1.0 0.0 0.0 1.0 0.0 0.0 0.6484375 1087.409030610111 18.671347801879765 133
0.9302325581395349 0.06976744186046512 0.0 0.9281437125748503 0.0718562874251497 0.0 0.0 1084.5401984805335 16.903181647127223 172
0.5882352941176471 0.2823529411764706 0.12941176470588237 0.5757575757575758 0.2909090909090909 0.13333333333333333 0.012121212121212121 1072.8579497452072 17.50197434367107 170
1.0 0.0 0.0 1.0 0.0 0.0 0.7653061224489796 1085.185519724882 21.71025128749676 103
1.0 0.0 0.0 1.0 0.0 0.0 0.8016528925619835 1081.2223705343329 19.202607368809485 126
1.0 0.0 0.0 1.0 0.0 0.0 0.5833333333333334 1087.3869583552432 20.3866803684515 101
1.0 0.0 0.0 1.0 0.0 0.0 0.7368421052631579 1087.1259349514917 18.00257525949801 138
0.9024390243902439 0.0975609756097561 0.0 0.8983050847457628 0.1016949152542373 0.0 0.5423728813559322 1087.3822062263553 18.098883472313762 123
1.0 0.0 0.0 1.0 0.0 0.0 0.7936507936507936 1085.7750004828852 19.900711043975097 131
1.0 0.0 0.0 1.0 0.0 0.0 0.8955223880597015 1087.3700824454286 18.12918009338896 139
1.0 0.0 0.0 1.0 0.0 0.0 0.8037974683544303 1086.1134970752041 18.88757555689365 163
0.9851851851851852 0.014814814814814815 0.0 0.9846153846153847 0.015384615384615385 0.0 0.7384615384615385 1087.010570754497 19.538349834262654 135
0.9779411764705882 0.022058823529411766 0.0 0.9770992366412213 0.022900763358778626 0.0 0.5801526717557252 1084.1581794360586 18.296025586988815 136
1.0 0.0 0.0 1.0 0.0 0.0 0.6728971962616822 1072.7768086939996 19.766566578465135 112
1.0 0.0 0.0 1.0 0.0 0.0 0.8461538461538461 1058.2159977385177 20.487945788665563 122
1.0 0.0 0.0 1.0 0.0 0.0 0.7559055118110236 1061.956527014307 17.989440863545926 132
1.0 0.0 0.0 1.0 0.0 0.0 0.926829268292683 1047.9974143516736 23.403071793969843 87
0.9859154929577465 0.014084507042253521 0.0 0.9854014598540146 0.014598540145985401 0.0 0.6788321167883211 1073.602819347377 18.653714659036943 142
0.6624203821656051 0.3375796178343949 0.0 0.6513157894736842 0.34868421052631576 0.0 0.006578947368421052 1087.030011106292 16.467064276615616 157
0.6514285714285715 0.3485714285714286 0.0 0.6411764705882353 0.3588235294117647 0.0 0.0 1086.3130215133683 16.013978672344894 175
0.9929577464788732 0.007042253521126761 0.0 0.9927007299270073 0.0072992700729927005 0.0 0.8102189781021898 1087.0715350071316 18.414258453203196 142
1.0 0.0 0.0 1.0 0.0 0.0 0.8145161290322581 1086.7680355400778 18.858988005885042 129
1.0 0.0 0.0 1.0 0.0 0.0 0.7583333333333333 1039.7892687659669 19.222967167349438 125
0.993103448275862 0.006896551724137931 0.0 0.9928571428571429 0.007142857142857143 0.0 0.7785714285714286 1087.0530803561176 19.959939216314385 145
0.9900990099009901 0.009900990099009901 0.0 0.9895833333333334 0.010416666666666666 0.0 0.8645833333333334 1080.7995936997925 20.242368833493934 101
1.0 0.0 0.0 1.0 0.0 0.0 0.7479674796747967 1087.2897507969199 19.039302126340264 128
1.0 0.0 0.0 1.0 0.0 0.0 0.6473988439306358 1084.6209362763516 18.359251987191776 178
1.0 0.0 0.0 1.0 0.0 0.0 0.8291139240506329 1051.644068257424 18.63555865108434 163
1.0 0.0 0.0 1.0 0.0 0.0 1.0 1022.2792321605414 21.31630607233751 98
1.0 0.0 0.0 1.0 0.0 0.0 0.012987012987012988 1087.3245483086653 18.069691234156107 159
0.9923664122137404 0.007633587786259542 0.0 0.9920634920634921 0.007936507936507936 0.0 0.6984126984126984 1076.8028201002217 18.386938982647795 131
0.9545454545454546 0.045454545454545456 0.0 0.9518072289156626 0.04819277108433735 0.0 0.7228915662650602 1031.743166899002 19.429224199958565 88
1.0 0.0 0.0 1.0 0.0 0.0 0.7394957983193278 1084.4155597708593 19.649421280053556 124
1.0 0.0 0.0 1.0 0.0 0.0 0.9745762711864406 1069.7079330801027 19.81995244523218 123
1.0 0.0 0.0 1.0 0.0 0.0 0.0 1085.7151249713625 17.354873622520095 202
1.0 0.0 0.0 1.0 0.0 0.0 0.6412213740458015 1087.0351008308687 18.785526163202718 136
1.0 0.0 0.0 1.0 0.0 0.0 0.6637931034482759 1085.533150227972 19.80507801532122 121
0.9842105263157894 0.015789473684210527 0.0 0.9837837837837838 0.016216216216216217 0.0 0.6918918918918919 1087.4761349246528 17.867975954846557 190
1.0 0.0 0.0 1.0 0.0 0.0 0.635036496350365 1085.3874493392982 19.258325155935783 142
0.8412698412698413 0.15873015873015872 0.0 0.8369565217391305 0.16304347826086957 0.0 0.2717391304347826 1075.3559342454735 15.94970626717237 189
0.9805825242718447 0.019417475728155338 0.0 0.9795918367346939 0.02040816326530612 0.0 0.7755102040816326 1060.340732382267 19.51874609845413 103
1.0 0.0 0.0 1.0 0.0 0.0 0.9904761904761905 1025.415517770111 20.78846582016743 110
1.0 0.0 0.0 1.0 0.0 0.0 0.79 1038.3318866290292 21.399236012293144 105
0.9763779527559056 0.023622047244094488 0.0 0.9754098360655737 0.02459016393442623 0.0 0.6885245901639344 1052.8085427374333 20.31850585632678 127
1.0 0.0 0.0 1.0 0.0 0.0 0.8333333333333334 1054.7285547976073 21.722220678573937 101
0.9927536231884058 0.007246376811594203 0.0 0.9924812030075187 0.007518796992481203 0.0 0.8947368421052632 1087.1237736021153 18.37973880285081 138
0.8525641025641025 0.1346153846153846 0.01282051282051282 0.847682119205298 0.1390728476821192 0.013245033112582781 0.013245033112582781 1028.901985371729 17.10647889367354 156
1.0 0.0 0.0 1.0 0.0 0.0 0.7417218543046358 996.6175213331044 19.111324686759417 156
0.9933333333333333 0.006666666666666667 0.0 0.993103448275862 0.006896551724137931 0.0 0.8896551724137931 1064.0971427684494 17.751069094336955 150
1.0 0.0 0.0 1.0 0.0 0.0 0.5792682926829268 1086.4124033529454 18.685794128388935 169
1.0 0.0 0.0 1.0 0.0 0.0 0.6761904761904762 1083.700595723379 20.97979642632605 110
0.7404580152671756 0.2595419847328244 0.0 0.7301587301587301 0.2698412698412698 0.0 0.0 1077.3834633316715 17.004098903985394 131
0.9358974358974359 0.0641025641025641 0.0 0.9337748344370861 0.06622516556291391 0.0 0.5231788079470199 1086.2700932804128 16.647829322398838 156
1.0 0.0 0.0 1.0 0.0 0.0 0.7045454545454546 1073.4536284484357 18.914120484143723 137
1.0 0.0 0.0 1.0 0.0 0.0 0.8173076923076923 1043.2271698324441 19.74357980277029 109
1.0 0.0 0.0 1.0 0.0 0.0 0.5878378378378378 1074.5686715073318 18.07833400057673 153
1.0 0.0 0.0 1.0 0.0 0.0 0.9222222222222223 1077.6394507030905 20.55168198216721 95
0.8866666666666667 0.11333333333333333 0.0 0.8827586206896552 0.11724137931034483 0.0 0.903448275862069 1014.7927361119539 16.998506214590357 150
1.0 0.0 0.0 1.0 0.0 0.0 0.6290322580645161 1071.1354840658653 18.483691897927248 129
1.0 0.0 0.0 1.0 0.0 0.0 0.7651515151515151 1087.3597013203091 19.15310511027742 137
1.0 0.0 0.0 1.0 0.0 0.0 0.8238993710691824 1086.6399559263173 18.942007509777852 164
1.0 0.0 0.0 1.0 0.0 0.0 0.7661290322580645 1087.035445924535 20.253316858598872 129
1.0 0.0 0.0 1.0 0.0 0.0 0.9365079365079365 1086.177760336619 19.31011794486149 131
0.9917355371900827 0.008264462809917356 0.0 0.9913793103448276 0.008620689655172414 0.0 0.9482758620689655 1073.7775471383125 19.417645850943057 121
1.0 0.0 0.0 1.0 0.0 0.0 0.7642276422764228 1087.3975779107009 19.388199696000694 128
0.9156626506024096 0.08433734939759036 0.0 0.9130434782608695 0.08695652173913043 0.0 0.6149068322981367 1087.4204690249508 16.70674783349639 166
0.9102564102564102 0.08974358974358974 0.0 0.9072847682119205 0.09271523178807947 0.0 0.0 1086.8189826424118 16.447245939248543 156
1.0 0.0 0.0 1.0 0.0 0.0 0.946969696969697 1087.2127157099846 19.63247283248471 137
0.991869918699187 0.008130081300813009 0.0 0.9915254237288136 0.00847457627118644 0.0 0.7966101694915254 1087.208385940364 19.441682880895893 123
1.0 0.0 0.0 1.0 0.0 0.0 0.9920634920634921 1080.535788442663 18.890631336177464 131
1.0 0.0 0.0 1.0 0.0 0.0 0.8991596638655462 1028.8765934652674 19.982417660151263 124
1.0 0.0 0.0 1.0 0.0 0.0 0.5798319327731093 1087.4641703345405 19.744603625129795 124
0.993006993006993 0.006993006993006993 0.0 0.9927536231884058 0.007246376811594203 0.0 0.6304347826086957 1071.3795340955821 19.095837885980355 143
