0.9090909090909091 0.09090909090909091 0.0 0.905511811023622 0.09448818897637795 0.0 1.0 1042.307043278546 20.32919948978613 132
0.8135593220338984 0.1864406779661017 0.0 0.7962962962962963 0.2037037037037037 0.0 0.9444444444444444 1064.0711554246625 28.781397465914626 59
0.8703703703703703 0.12962962962962962 0.0 0.8640776699029126 0.13592233009708737 0.0 0.6796116504854369 953.1455897927818 19.449131752851684 108
0.9425287356321839 0.05747126436781609 0.0 0.9390243902439024 0.06097560975609756 0.0 0.9512195121951219 1068.1790958199122 22.736438327984512 87
0.8434782608695652 0.13043478260869565 0.02608695652173913 0.8363636363636363 0.13636363636363635 0.02727272727272727 0.8363636363636363 1067.9516297425637 21.182869888448707 115
0.869281045751634 0.13071895424836602 0.0 0.8648648648648649 0.13513513513513514 0.0 0.8108108108108109 1058.4821238127786 19.918172164782913 153
0.8591549295774648 0.14084507042253522 0.0 0.8613138686131386 0.1386861313868613 0.0 0.8321167883211679 1087.411607360829 19.9249289770949 142
0.8515625 0.1484375 0.0 0.8455284552845529 0.15447154471544716 0.0 0.7479674796747967 1050.7755645324892 19.55107628234286 128
0.8947368421052632 0.10526315789473684 0.0 0.8899082568807339 0.11009174311926606 0.0 0.7431192660550459 1087.2590393427295 20.34781951322228 114
0.8431372549019608 0.1568627450980392 0.0 0.8350515463917526 0.16494845360824742 0.0 0.9484536082474226 1026.4433880815177 20.657311345229445 102
0.832 0.168 0.0 0.825 0.175 0.0 0.8833333333333333 1045.8011523021962 19.71761456260655 125
0.8275862068965517 0.1724137931034483 0.0 0.8198198198198198 0.18018018018018017 0.0 0.6126126126126126 1087.216607734159 21.179956819526023 116
0.8617021276595744 0.13829787234042554 0.0 0.8539325842696629 0.14606741573033707 0.0 0.6853932584269663 1076.0135792969957 21.720579847219703 94
0.905511811023622 0.09448818897637795 0.0 0.9016393442622951 0.09836065573770492 0.0 0.8360655737704918 1043.4140272964294 20.323864848979433 127
0.8961038961038961 0.1038961038961039 0.0 0.8888888888888888 0.1111111111111111 0.0 0.9722222222222222 1060.9912018505129 23.617556832535477 77
0.9152542372881356 0.07627118644067797 0.00847457627118644 0.911504424778761 0.07964601769911504 0.008849557522123894 0.8761061946902655 1072.6009730157073 21.067379962594714 118
0.88 0.12 0.0 0.875 0.125 0.0 0.7333333333333333 1063.599890778211 20.726144727173903 125
0.8360655737704918 0.16393442622950818 0.0 0.8290598290598291 0.17094017094017094 0.0 0.8461538461538461 1087.364278811728 19.819957973645995 122
0.8275862068965517 0.1724137931034483 0.0 0.8198198198198198 0.18018018018018017 0.0 0.8288288288288288 1071.375062325734 22.432481906015443 116
0.8842975206611571 0.11570247933884298 0.0 0.8793103448275862 0.1206896551724138 0.0 0.7413793103448276 1086.0737789898033 22.24085296049923 121
0.8160919540229885 0.1839080459770115 0.0 0.8048780487804879 0.1951219512195122 0.0 0.6951219512195121 1086.224594532519 22.908180511198506 87
0.872 0.128 0.0 0.8666666666666667 0.13333333333333333 0.0 0.825 1086.8778419822102 20.571747019656556 125
0.9385964912280702 0.06140350877192982 0.0 0.9357798165137615 0.06422018348623854 0.0 0.7706422018348624 1049.2544445487906 20.748743767635144 114
0.9139072847682119 0.08609271523178808 0.0 0.910958904109589 0.08904109589041095 0.0 0.8493150684931506 1077.5251738316333 19.10147051053522 151
0.9214285714285714 0.07857142857142857 0.0 0.9185185185185185 0.08148148148148149 0.0 0.6518518518518519 1062.1867176150076 19.36585976117757 140
0.9041095890410958 0.0958904109589041 0.0 0.900709219858156 0.09929078014184398 0.0 0.7092198581560284 1087.4539973727076 20.792295688209016 146
0.9 0.1 0.0 0.896 0.104 0.0 0.888 1078.6957373678101 20.141344675993885 130
0.9 0.1 0.0 0.8962962962962963 0.1037037037037037 0.0 0.9037037037037037 1049.2602788756024 20.216384130996317 140
0.8633093525179856 0.1366906474820144 0.0 0.8582089552238806 0.1417910447761194 0.0 0.6716417910447762 1087.4290136997804 20.676605425924144 139
0.8828828828828829 0.11711711711711711 0.0 0.8867924528301887 0.11320754716981132 0.0 0.9528301886792453 1028.0740042923098 20.514046750841203 111
0.8818181818181818 0.11818181818181818 0.0 0.8761904761904762 0.12380952380952381 0.0 0.6571428571428571 1058.7388576281182 20.73195031029619 110
0.8307692307692308 0.15384615384615385 0.015384615384615385 0.8166666666666667 0.16666666666666666 0.016666666666666666 0.7 1087.3895708008379 21.99529425568649 65
0.9302325581395349 0.06976744186046512 0.0 0.9274193548387096 0.07258064516129033 0.0 0.8790322580645161 1015.2206677328759 20.118620201953306 129
0.9090909090909091 0.09090909090909091 0.0 0.9060402684563759 0.09395973154362416 0.0 0.912751677852349 1066.7600866588734 19.427768451519963 154
0.8771929824561403 0.12280701754385964 0.0 0.8715596330275229 0.12844036697247707 0.0 0.7798165137614679 1085.6156609106624 20.99033130215136 114
0.7647058823529411 0.23529411764705882 0.0 0.75 0.25 0.0 0.675 1046.4897373892222 21.56302436969501 85
0.9020979020979021 0.09090909090909091 0.006993006993006993 0.8985507246376812 0.09420289855072464 0.007246376811594203 0.9927536231884058 1074.1311995454316 17.847605410283713 143
0.863013698630137 0.136986301369863 0.0 0.8652482269503546 0.1347517730496454 0.0 0.7872340425531915 1065.5954915760888 18.9530087278896 146
0.9098360655737705 0.09016393442622951 0.0 0.9145299145299145 0.08547008547008547 0.0 0.8461538461538461 906.2063687556767 18.667938906924196 122
0.8680555555555556 0.13194444444444445 0.0 0.8633093525179856 0.1366906474820144 0.0 0.9280575539568345 991.5821334810234 18.63006830092092 144
0.921875 0.078125 0.0 0.9186991869918699 0.08130081300813008 0.0 0.7398373983739838 1019.7076744358151 20.322061763644612 128
0.8632478632478633 0.13675213675213677 0.0 0.8571428571428571 0.14285714285714285 0.0 1.0 1050.9508875897359 23.11483699462851 117
0.9133858267716536 0.08661417322834646 0.0 0.9098360655737705 0.09016393442622951 0.0 0.8770491803278688 1069.0365131805058 20.80462709018934 127
0.8203125 0.1796875 0.0 0.8130081300813008 0.18699186991869918 0.0 0.5934959349593496 1087.2239611265823 21.62252861884032 128
0.9629629629629629 0.037037037037037035 0.0 0.9615384615384616 0.038461538461538464 0.0 0.7615384615384615 1046.2921479216297 20.180508831072384 135
0.8840579710144928 0.11594202898550725 0.0 0.8796992481203008 0.12030075187969924 0.0 0.8045112781954887 1087.4357176748524 20.227402720593723 138
0.8943661971830986 0.1056338028169014 0.0 0.8905109489051095 0.10948905109489052 0.0 0.8540145985401459 1079.6822740792263 20.15902661303626 142
0.9333333333333333 0.06666666666666667 0.0 0.9310344827586207 0.06896551724137931 0.0 0.8413793103448276 1018.7837850067407 19.10656246176657 150
0.9781021897810219 0.021897810218978103 0.0 0.9772727272727273 0.022727272727272728 0.0 0.7878787878787878 1008.0625776576189 19.461496884263145 137
0.9398496240601504 0.06015037593984962 0.0 0.9375 0.0625 0.0 0.75 1069.3629479036592 20.781030206802416 133
0.9026548672566371 0.09734513274336283 0.0 0.8981481481481481 0.10185185185185185 0.0 0.7314814814814815 1076.4334607803762 20.55243760962884 113
0.9465648854961832 0.05343511450381679 0.0 0.9444444444444444 0.05555555555555555 0.0 0.8174603174603174 989.1489893151145 18.857061860903276 131
0.908256880733945 0.09174311926605505 0.0 0.9038461538461539 0.09615384615384616 0.0 0.7788461538461539 1038.7718019756655 21.939358549149702 109
0.9243697478991597 0.07563025210084033 0.0 0.9210526315789473 0.07894736842105263 0.0 0.6491228070175439 999.0296975095131 20.42460761620706 119
0.8533333333333334 0.14666666666666667 0.0 0.8428571428571429 0.15714285714285714 0.0 0.8428571428571429 1053.056245994082 23.1073109875087 75
0.9236641221374046 0.07633587786259542 0.0 0.9206349206349206 0.07936507936507936 0.0 0.8412698412698413 1056.129104146528 20.60011536281596 131
0.9 0.1 0.0 0.8947368421052632 0.10526315789473684 0.0 0.968421052631579 1060.0667558580221 21.59297522986757 100
0.8951048951048951 0.1048951048951049 0.0 0.8913043478260869 0.10869565217391304 0.0 0.8478260869565217 1010.0691207156962 19.877624597342532 143
0.9702380952380952 0.02976190476190476 0.0 0.9693251533742331 0.03067484662576687 0.0 0.7423312883435583 1072.9476853818605 18.839834322205792 168
0.9455782312925171 0.05442176870748299 0.0 0.9436619718309859 0.056338028169014086 0.0 0.5774647887323944 1044.4402997358552 20.21717608572472 147
0.9122807017543859 0.08771929824561403 0.0 0.908256880733945 0.09174311926605505 0.0 0.9908256880733946 1083.2585664785322 22.272228557930156 114
0.8679245283018868 0.1320754716981132 0.0 0.8613861386138614 0.13861386138613863 0.0 1.0 1041.356045498144 22.33999668976914 106
0.8235294117647058 0.17647058823529413 0.0 0.8144329896907216 0.18556701030927836 0.0 0.8247422680412371 1055.879404133318 21.97241797063722 102
0.9375 0.0625 0.0 0.9349593495934959 0.06504065040650407 0.0 0.975609756097561 1042.6491719094677 20.59438546940257 128
0.9548387096774194 0.04516129032258064 0.0 0.9533333333333334 0.04666666666666667 0.0 0.7066666666666667 1059.495599781146 18.59081817619351 155
0.8333333333333334 0.16666666666666666 0.0 0.8260869565217391 0.17391304347826086 0.0 0.9739130434782609 1048.1902365971735 20.996052740159826 120
0.8913043478260869 0.10869565217391304 0.0 0.8872180451127819 0.11278195488721804 0.0 0.9473684210526315 1087.4478539607903 20.540850128564617 138
0.9590643274853801 0.04093567251461988 0.0 0.9578313253012049 0.04216867469879518 0.0 0.006024096385542169 1030.4434775139794 18.832783453520864 171
0.9090909090909091 0.09090909090909091 0.0 0.9051724137931034 0.09482758620689655 0.0 0.7931034482758621 1019.4517071901956 20.337797802794114 121
0.8706896551724138 0.12931034482758622 0.0 0.8648648648648649 0.13513513513513514 0.0 0.7657657657657657 1057.7966712920706 22.988587009190336 116
0.8823529411764706 0.11764705882352941 0.0 0.8778625954198473 0.12213740458015267 0.0 0.7480916030534351 1087.4172130243396 21.141311435724404 136
0.7985611510791367 0.2014388489208633 0.0 0.7910447761194029 0.208955223880597 0.0 0.8507462686567164 1049.1371403354256 19.85705177990161 139
0.7563025210084033 0.24369747899159663 0.0 0.7456140350877193 0.2543859649122807 0.0 0.8421052631578947 1082.208398731576 21.619544594007056 119
0.7653061224489796 0.23469387755102042 0.0 0.7526881720430108 0.24731182795698925 0.0 0.9032258064516129 1047.747900451788 21.209721298369363 98
0.8809523809523809 0.1111111111111111 0.007936507936507936 0.8760330578512396 0.11570247933884298 0.008264462809917356 0.9421487603305785 1023.9832582640398 21.63162043645973 126
0.912 0.088 0.0 0.9083333333333333 0.09166666666666666 0.0 0.95 1057.860068782044 19.51314316791264 125
0.8983050847457628 0.1016949152542373 0.0 0.8938053097345132 0.10619469026548672 0.0 0.7256637168141593 1087.3146979335684 20.344899707737554 118
0.95 0.05 0.0 0.9481481481481482 0.05185185185185185 0.0 0.4666666666666667 1032.1463124979498 18.162641304828057 140
0.8461538461538461 0.15384615384615385 0.0 0.8392857142857143 0.16071428571428573 0.0 0.7232142857142857 1045.6057468748484 21.853738099876722 117
0.8686131386861314 0.13138686131386862 0.0 0.8636363636363636 0.13636363636363635 0.0 0.6666666666666666 1023.318437839572 19.982309964885676 137
0.9142857142857143 0.08571428571428572 0.0 0.9111111111111111 0.08888888888888889 0.0 0.9925925925925926 1065.8307689789704 20.516270244674335 140
0.8778625954198473 0.11450381679389313 0.007633587786259542 0.873015873015873 0.11904761904761904 0.007936507936507936 0.9523809523809523 1040.6610247586325 20.160283310477798 131
0.7830188679245284 0.2169811320754717 0.0 0.7722772277227723 0.22772277227722773 0.0 0.7722772277227723 1083.1460025355395 21.833755420534786 106
0.9060402684563759 0.087248322147651 0.006711409395973154 0.9027777777777778 0.09027777777777778 0.006944444444444444 0.5902777777777778 1008.9840453061823 17.798759010857818 149
0.9090909090909091 0.09090909090909091 0.0 0.9051724137931034 0.09482758620689655 0.0 0.8275862068965517 1083.3454336264865 22.121851641013503 121
0.7559523809523809 0.23214285714285715 0.011904761904761904 0.7484662576687117 0.2392638036809816 0.012269938650306749 0.49693251533742333 1087.2614324766246 18.7249746890107 168
0.9146341463414634 0.08536585365853659 0.0 0.9119496855345912 0.0880503144654088 0.0 0.5220125786163522 1087.3318785583153 18.861141084124686 164
0.8620689655172413 0.13793103448275862 0.0 0.8648648648648649 0.13513513513513514 0.0 0.972972972972973 1084.951368546266 22.116000488880132 116
0.8481012658227848 0.1518987341772152 0.0 0.8431372549019608 0.1568627450980392 0.0 0.7843137254901961 1081.24490245228 20.022772620768567 158
0.8859060402684564 0.11409395973154363 0.0 0.8819444444444444 0.11805555555555555 0.0 0.7638888888888888 1087.3838064294391 19.79708623756327 149
0.8811188811188811 0.11888111888111888 0.0 0.8768115942028986 0.12318840579710146 0.0 0.8913043478260869 1077.8783087280808 20.421894811698916 143
0.83 0.17 0.0 0.8210526315789474 0.17894736842105263 0.0 0.7684210526315789 1055.1368374607289 22.971037380928202 100
0.8793103448275862 0.1206896551724138 0.0 0.8738738738738738 0.12612612612612611 0.0 0.6756756756756757 1045.1190240861408 21.81304738671848 116
0.8666666666666667 0.13333333333333333 0.0 0.8608695652173913 0.1391304347826087 0.0 0.8695652173913043 1082.789557324173 20.50676753408108 120
0.9235668789808917 0.07643312101910828 0.0 0.9276315789473685 0.07236842105263158 0.0 0.8223684210526315 1074.1389931122387 18.462097511483307 157
0.9312977099236641 0.06870229007633588 0.0 0.9285714285714286 0.07142857142857142 0.0 0.8412698412698413 1061.9292912184878 20.134287161284423 131
0.9615384615384616 0.038461538461538464 0.0 0.9595959595959596 0.04040404040404041 0.0 0.797979797979798 1006.1219656580984 20.25755292307212 104
0.853448275862069 0.14655172413793102 0.0 0.8558558558558559 0.14414414414414414 0.0 0.7657657657657657 1036.0215403709517 20.811323878120245 116
0.7272727272727273 0.2727272727272727 0.0 0.7142857142857143 0.2857142857142857 0.0 0.7714285714285715 1086.1418601052828 22.091530171848635 110
0.8787878787878788 0.12121212121212122 0.0 0.8740157480314961 0.12598425196850394 0.0 0.8582677165354331 1043.4814463690534 19.72241941588165 132
0.8467741935483871 0.12903225806451613 0.024193548387096774 0.8403361344537815 0.13445378151260504 0.025210084033613446 0.7142857142857143 1087.4715834755639 20.171435196222802 124
0.9259259259259259 0.07407407407407407 0.0 0.9223300970873787 0.07766990291262135 0.0 0.9029126213592233 1075.7466461985844 21.313550213893315 108
0.8802816901408451 0.11971830985915492 0.0 0.8759124087591241 0.12408759124087591 0.0 0.9197080291970803 1086.0059527498406 21.221267540794276 142
0.9380530973451328 0.061946902654867256 0.0 0.9351851851851852 0.06481481481481481 0.0 0.8703703703703703 1031.3760370959537 20.507946128597048 113
0.85 0.12857142857142856 0.02142857142857143 0.8518518518518519 0.1259259259259259 0.022222222222222223 0.8592592592592593 1064.6155664938497 20.90024222309468 140
0.9512195121951219 0.04878048780487805 0.0 0.9559748427672956 0.0440251572327044 0.0 0.7735849056603774 1046.6271165628896 18.005963349189447 164
0.8688524590163934 0.13114754098360656 0.0 0.8632478632478633 0.13675213675213677 0.0 0.9487179487179487 1085.0330493458034 22.40721601174696 122
0.9 0.1 0.0 0.8962962962962963 0.1037037037037037 0.0 0.6814814814814815 1077.2721333592795 20.17527988125798 140
0.9182389937106918 0.08176100628930817 0.0 0.9155844155844156 0.08441558441558442 0.0 0.012987012987012988 1039.0970017614602 17.776141424134362 159
0.9050632911392406 0.0949367088607595 0.0 0.9019607843137255 0.09803921568627451 0.0 0.6797385620915033 1081.9051251021801 19.659779219125575 158
0.8926174496644296 0.10738255033557047 0.0 0.8958333333333334 0.10416666666666667 0.0 0.4861111111111111 1076.7249330258128 19.88668381334273 149
0.9071428571428571 0.09285714285714286 0.0 0.9037037037037037 0.0962962962962963 0.0 0.6814814814814815 1086.9932177809585 19.822732019714053 140
0.87 0.13 0.0 0.8631578947368421 0.1368421052631579 0.0 0.9368421052631579 991.2715467300512 21.37359461593953 100
0.9339622641509434 0.0660377358490566 0.0 0.9306930693069307 0.06930693069306931 0.0 0.8712871287128713 988.1590263425691 20.39802304870697 106
0.8561151079136691 0.14388489208633093 0.0 0.8507462686567164 0.14925373134328357 0.0 0.7761194029850746 1086.4011300254463 20.61974178479595 139
0.8863636363636364 0.10606060606060606 0.007575757575757576 0.8818897637795275 0.11023622047244094 0.007874015748031496 0.9921259842519685 1040.2429130216542 21.121651493244734 132
0.948051948051948 0.05194805194805195 0.0 0.9463087248322147 0.053691275167785234 0.0 0.6845637583892618 977.7822075147469 18.91083120934622 154
0.8636363636363636 0.13636363636363635 0.0 0.8571428571428571 0.14285714285714285 0.0 0.9809523809523809 1057.2102511516705 22.46201816532773 110
0.8832116788321168 0.11678832116788321 0.0 0.8787878787878788 0.12121212121212122 0.0 0.696969696969697 1080.678993658322 19.65969013984606 137
0.7878787878787878 0.21212121212121213 0.0 0.7874015748031497 0.2125984251968504 0.0 0.7559055118110236 1087.3842631205969 20.07822983105054 132
0.9166666666666666 0.08333333333333333 0.0 0.912621359223301 0.08737864077669903 0.0 0.7087378640776699 1087.3540689444967 20.05010671636231 108
0.8604651162790697 0.13953488372093023 0.0 0.8518518518518519 0.14814814814814814 0.0 0.8024691358024691 1086.3841900512864 20.99656787895657 86
0.9668874172185431 0.033112582781456956 0.0 0.9657534246575342 0.03424657534246575 0.0 0.678082191780822 1005.3517625400966 18.97290750723135 151
0.9666666666666667 0.03333333333333333 0.0 0.9652173913043478 0.034782608695652174 0.0 0.7652173913043478 993.2257950219123 19.69286176546835 120
0.717741935483871 0.28225806451612906 0.0 0.7058823529411765 0.29411764705882354 0.0 0.5462184873949579 1043.6787493900044 19.864548744043407 124
0.7766990291262136 0.22330097087378642 0.0 0.7755102040816326 0.22448979591836735 0.0 0.6632653061224489 1062.5535524246354 20.44236303768281 103
0.775 0.21666666666666667 0.008333333333333333 0.7652173913043478 0.22608695652173913 0.008695652173913044 0.991304347826087 1079.1762595822622 22.34561094546671 120
0.8947368421052632 0.10526315789473684 0.0 0.8899082568807339 0.11009174311926606 0.0 0.7064220183486238 1059.9852263327045 21.1002768933698 114
0.8818897637795275 0.11811023622047244 0.0 0.8770491803278688 0.12295081967213115 0.0 0.7950819672131147 1087.1571724411158 19.45188878788168 127
0.9426751592356688 0.05732484076433121 0.0 0.9407894736842105 0.05921052631578947 0.0 0.75 1087.2802951372414 19.330552809458627 157
0.8407079646017699 0.1504424778761062 0.008849557522123894 0.8333333333333334 0.1574074074074074 0.009259259259259259 1.0 1081.0059059633245 23.01159415923134 113
0.8837209302325582 0.11627906976744186 0.0 0.8765432098765432 0.12345679012345678 0.0 1.0 1044.35743878617 24.366532979083626 86
0.7387387387387387 0.26126126126126126 0.0 0.7264150943396226 0.27358490566037735 0.0 0.7547169811320755 1083.6099009694117 20.242897183448708 111
0.8962962962962963 0.1037037037037037 0.0 0.8923076923076924 0.1076923076923077 0.0 0.7538461538461538 1067.7155296506817 19.88091551599285 135
0.8874172185430463 0.11258278145695365 0.0 0.8835616438356164 0.11643835616438356 0.0 0.8904109589041096 1086.9761243179842 19.447433216881976 151
0.8888888888888888 0.1111111111111111 0.0 0.8842975206611571 0.11570247933884298 0.0 0.6115702479338843 1086.1111995834794 19.632656670008707 126
0.8434782608695652 0.1565217391304348 0.0 0.8363636363636363 0.16363636363636364 0.0 0.990909090909091 1052.0735178335442 20.511851197090984 115
0.910828025477707 0.08917197452229299 0.0 0.9078947368421053 0.09210526315789473 0.0 0.7960526315789473 1012.0849488719319 19.651251553023695 157
0.9609375 0.0390625 0.0 0.959349593495935 0.04065040650406504 0.0 0.8780487804878049 926.3269060391757 18.24218979587056 128
0.823076923076923 0.17692307692307693 0.0 0.824 0.176 0.0 0.824 1086.701740086056 21.190961689971058 130
0.8832116788321168 0.11678832116788321 0.0 0.8787878787878788 0.12121212121212122 0.0 0.9772727272727273 1082.3885308077918 21.885472029165882 137
0.8740740740740741 0.1259259259259259 0.0 0.8692307692307693 0.13076923076923078 0.0 0.9384615384615385 1068.5087011103549 20.00422874755554 135
0.8292682926829268 0.17073170731707318 0.0 0.8181818181818182 0.18181818181818182 0.0 0.8831168831168831 1039.9319082517552 20.458767959248405 82
0.934640522875817 0.06535947712418301 0.0 0.9324324324324325 0.06756756756756757 0.0 0.8648648648648649 1032.4768463420048 19.355757670902346 153
0.9506172839506173 0.04938271604938271 0.0 0.9490445859872612 0.050955414012738856 0.0 0.5923566878980892 1085.6996654773613 19.255490908711593 162
0.8842975206611571 0.10743801652892562 0.008264462809917356 0.896551724137931 0.09482758620689655 0.008620689655172414 0.7931034482758621 993.5326784317639 20.05415455421208 121
0.8962264150943396 0.10377358490566038 0.0 0.8910891089108911 0.10891089108910891 0.0 0.9405940594059405 1035.5736765670415 22.81023130789959 106
0.8561643835616438 0.14383561643835616 0.0 0.851063829787234 0.14893617021276595 0.0 0.8156028368794326 1047.4649104882662 19.580125805243433 146
0.9878787878787879 0.012121212121212121 0.0 0.9875 0.0125 0.0 0.1375 1073.5936649311325 17.43247904140739 165
0.7844827586206896 0.21551724137931033 0.0 0.7747747747747747 0.22522522522522523 0.0 0.6486486486486487 1018.87116676505 20.968275429756698 116
0.9175257731958762 0.08247422680412371 0.0 0.9130434782608695 0.08695652173913043 0.0 0.9456521739130435 1041.8223581030268 21.058766169566557 97
0.8682170542635659 0.13178294573643412 0.0 0.8709677419354839 0.12903225806451613 0.0 0.8225806451612904 1086.2847131456977 19.738199652675352 129
0.8878504672897196 0.11214953271028037 0.0 0.8921568627450981 0.10784313725490197 0.0 0.8823529411764706 968.482865246187 20.564187630452533 107
0.9159663865546218 0.08403361344537816 0.0 0.9122807017543859 0.08771929824561403 0.0 0.9035087719298246 1011.306075433246 20.539585000049698 119
0.9689922480620154 0.031007751937984496 0.0 0.967741935483871 0.03225806451612903 0.0 0.4838709677419355 999.0800026185937 18.277804662489036 129
0.8769230769230769 0.12307692307692308 0.0 0.88 0.12 0.0 0.792 1087.2695954013964 20.034251088673837 130
0.859504132231405 0.14049586776859505 0.0 0.853448275862069 0.14655172413793102 0.0 0.7758620689655172 1086.601700598633 20.733193155922944 121
0.873015873015873 0.12698412698412698 0.0 0.8677685950413223 0.1322314049586777 0.0 0.8016528925619835 1063.5388407341068 21.096410530014502 126
0.900709219858156 0.09929078014184398 0.0 0.8970588235294118 0.10294117647058823 0.0 0.7720588235294118 1066.973844665368 18.570300341522533 141
0.9864864864864865 0.013513513513513514 0.0 0.986013986013986 0.013986013986013986 0.0 0.965034965034965 1036.735386688757 18.567066588605996 148
0.9213483146067416 0.07865168539325842 0.0 0.9190751445086706 0.08092485549132948 0.0 0.7514450867052023 1086.9527032778765 19.241037989857215 178
0.8645833333333334 0.13541666666666666 0.0 0.8571428571428571 0.14285714285714285 0.0 0.5934065934065934 1068.7630112484865 23.652763016622632 96
0.9545454545454546 0.045454545454545456 0.0 0.9530201342281879 0.04697986577181208 0.0 0.7516778523489933 1072.427519365076 19.649136523019166 154
0.9438202247191011 0.056179775280898875 0.0 0.9421965317919075 0.057803468208092484 0.0 0.7745664739884393 1063.3415088806905 19.01774501908217 178
0.935064935064935 0.06493506493506493 0.0 0.9395973154362416 0.06040268456375839 0.0 0.8926174496644296 1043.1937744968945 18.612968062185306 154
0.8803418803418803 0.11965811965811966 0.0 0.875 0.125 0.0 0.8660714285714286 1085.9023644489494 22.213155854051575 117
0.99375 0.00625 0.0 0.9935483870967742 0.0064516129032258064 0.0 0.0 964.3418387592664 17.46210974494706 160
0.8085106382978723 0.19148936170212766 0.0 0.8014705882352942 0.19852941176470587 0.0 0.7573529411764706 1087.116069212671 20.448400058945822 141
0.8623188405797102 0.13768115942028986 0.0 0.8571428571428571 0.14285714285714285 0.0 0.7443609022556391 1086.7290769577664 20.488058112104685 138
0.8360655737704918 0.16393442622950818 0.0 0.8290598290598291 0.17094017094017094 0.0 0.6153846153846154 1087.4239702372115 21.534227057672915 122
0.865546218487395 0.13445378151260504 0.0 0.8596491228070176 0.14035087719298245 0.0 0.7807017543859649 1049.407183296194 20.867490484145257 119
0.8951612903225806 0.10483870967741936 0.0 0.8907563025210085 0.1092436974789916 0.0 0.7394957983193278 1049.4244926891015 20.244119505018393 124
0.9733333333333334 0.02666666666666667 0.0 0.9724137931034482 0.027586206896551724 0.0 0.0 1048.3488574731768 18.871222680080944 150
0.8717948717948718 0.11965811965811966 0.008547008547008548 0.8660714285714286 0.125 0.008928571428571428 0.8035714285714286 1014.3639512862226 20.17924767452018 117
0.904 0.096 0.0 0.9 0.1 0.0 0.8416666666666667 1054.094910269607 20.2110868184207 125
0.9202898550724637 0.07971014492753623 0.0 0.9172932330827067 0.08270676691729323 0.0 0.8045112781954887 972.6373698384796 19.05475371187864 138
0.7702702702702703 0.22297297297297297 0.006756756756756757 0.7622377622377622 0.23076923076923078 0.006993006993006993 0.5874125874125874 1084.2540781230302 20.00176199712129 148
0.7816901408450704 0.2112676056338028 0.007042253521126761 0.7737226277372263 0.21897810218978103 0.0072992700729927005 0.8029197080291971 1040.5419037269976 20.83677358223195 142
0.8907563025210085 0.1092436974789916 0.0 0.8859649122807017 0.11403508771929824 0.0 0.6228070175438597 1050.6264291353123 20.653661776259867 119
0.8571428571428571 0.14285714285714285 0.0 0.85 0.15 0.0 0.94 1076.0548059745643 20.788023820866048 105
0.925 0.075 0.0 0.9225806451612903 0.07741935483870968 0.0 0.7032258064516129 1086.8266118371878 19.370729863184962 160
0.9467455621301775 0.05325443786982249 0.0 0.9451219512195121 0.054878048780487805 0.0 0.8963414634146342 1075.0963404285499 18.664473092200918 169
0.6869565217391305 0.20869565217391303 0.10434782608695652 0.6818181818181818 0.21818181818181817 0.1 0.8181818181818182 1040.356013914392 22.52970737427557 115
0.8809523809523809 0.11904761904761904 0.0 0.8734177215189873 0.12658227848101267 0.0 0.9873417721518988 1061.6787378984561 25.86089044743864 84
0.905511811023622 0.09448818897637795 0.0 0.9016393442622951 0.09836065573770492 0.0 0.8442622950819673 1031.0077859947214 20.098789803295695 127
0.8979591836734694 0.10204081632653061 0.0 0.8924731182795699 0.10752688172043011 0.0 0.6881720430107527 1050.9273433386136 20.518999911722037 98
0.8955223880597015 0.1044776119402985 0.0 0.8914728682170543 0.10852713178294573 0.0 0.689922480620155 1086.080676451789 19.92385853465082 134
0.8837209302325582 0.11627906976744186 0.0 0.8790322580645161 0.12096774193548387 0.0 0.5403225806451613 1074.1897258250397 19.251941993218228 129
0.927536231884058 0.07246376811594203 0.0 0.9323308270676691 0.06766917293233082 0.0 0.7293233082706767 1087.4469737546735 18.65599714318873 138
0.8439716312056738 0.1347517730496454 0.02127659574468085 0.8382352941176471 0.13970588235294118 0.022058823529411766 0.9705882352941176 966.5448730098789 19.547781588574118 141
0.8778625954198473 0.12213740458015267 0.0 0.873015873015873 0.12698412698412698 0.0 0.8571428571428571 1041.2938198200764 19.119112169553322 131
0.92 0.08 0.0 0.9172413793103448 0.08275862068965517 0.0 0.8482758620689655 1067.067589447051 19.675665581446136 150
0.943089430894309 0.056910569105691054 0.0 0.940677966101695 0.059322033898305086 0.0 0.8220338983050848 1010.8960981660673 19.626743178409868 123
0.8692307692307693 0.13076923076923078 0.0 0.864 0.136 0.0 0.744 1065.227803641773 20.556289942048902 130
0.86875 0.13125 0.0 0.8709677419354839 0.12903225806451613 0.0 0.8838709677419355 1062.4983355551487 18.136986589716447 160
0.9452054794520548 0.0547945205479452 0.0 0.9432624113475178 0.05673758865248227 0.0 0.900709219858156 1075.34470580262 18.967500824966283 146
0.8866666666666667 0.11333333333333333 0.0 0.8827586206896552 0.11724137931034483 0.0 0.8620689655172413 1022.530053300162 20.24863208346004 150
0.9716312056737588 0.028368794326241134 0.0 0.9705882352941176 0.029411764705882353 0.0 0.9926470588235294 1054.5014788866931 20.075599748999675 141
0.9398496240601504 0.06015037593984962 0.0 0.9375 0.0625 0.0 0.984375 1070.801579384616 20.286444181185573 133
0.8226950354609929 0.1773049645390071 0.0 0.8235294117647058 0.17647058823529413 0.0 0.5661764705882353 1039.9888625337594 18.461511232121318 141
0.865979381443299 0.13402061855670103 0.0 0.8586956521739131 0.14130434782608695 0.0 0.7934782608695652 1087.2814189945987 21.949384856687903 97
0.8759124087591241 0.12408759124087591 0.0 0.8712121212121212 0.12878787878787878 0.0 0.8636363636363636 1081.2509215364216 19.922742751604588 137
0.8837209302325582 0.11627906976744186 0.0 0.8870967741935484 0.11290322580645161 0.0 0.8709677419354839 1087.1804757105972 19.607666178946385 129
0.9219858156028369 0.07801418439716312 0.0 0.9264705882352942 0.07352941176470588 0.0 0.4852941176470588 1070.8229986631984 19.641430353813558 141
0.9182389937106918 0.08176100628930817 0.0 0.9155844155844156 0.08441558441558442 0.0 0.4935064935064935 1061.8830766541737 18.89097346916884 159
0.8166666666666667 0.14166666666666666 0.041666666666666664 0.808695652173913 0.14782608695652175 0.043478260869565216 0.8434782608695652 1086.134911724465 19.67838166162589 120
0.9301075268817204 0.06989247311827956 0.0 0.9281767955801105 0.0718232044198895 0.0 0.7955801104972375 1087.4374680004246 17.67001384396782 186
0.9533333333333334 0.04666666666666667 0.0 0.9517241379310345 0.04827586206896552 0.0 0.7379310344827587 1080.9370016370624 20.306218463476732 150
0.8807339449541285 0.11926605504587157 0.0 0.875 0.125 0.0 0.6923076923076923 1086.187904793142 21.983973204993575 109
0.9047619047619048 0.09523809523809523 0.0 0.9008264462809917 0.09917355371900827 0.0 0.6528925619834711 1085.561460664612 19.31394765813552 126
0.9626865671641791 0.03731343283582089 0.0 0.9612403100775194 0.03875968992248062 0.0 0.7286821705426356 1078.0110935003645 20.347078425621135 134
0.84 0.16 0.0 0.8222222222222222 0.17777777777777778 0.0 1.0 939.5174017300159 28.02607325268525 50
0.865546218487395 0.13445378151260504 0.0 0.8596491228070176 0.14035087719298245 0.0 0.7894736842105263 1050.1243601722495 19.69425443547519 119
0.9327731092436975 0.06722689075630252 0.0 0.9298245614035088 0.07017543859649122 0.0 0.7719298245614035 1072.910131799284 20.345046057126822 119
0.868421052631579 0.13157894736842105 0.0 0.8623853211009175 0.13761467889908258 0.0 0.8256880733944955 1072.6053479325356 22.75498466932606 114
0.7835820895522388 0.21641791044776118 0.0 0.7751937984496124 0.2248062015503876 0.0 0.9069767441860465 1050.04991222702 20.778723422331286 134
0.8598130841121495 0.14018691588785046 0.0 0.8529411764705882 0.14705882352941177 0.0 0.9313725490196079 1002.7100430914247 22.86677859198854 107
0.8985507246376812 0.10144927536231885 0.0 0.8947368421052632 0.10526315789473684 0.0 0.8345864661654135 1084.4134327056595 20.258334199383416 138
0.9057971014492754 0.09420289855072464 0.0 0.9022556390977443 0.09774436090225563 0.0 0.8270676691729323 1081.9687114646442 20.37820176946365 138
0.7384615384615385 0.25384615384615383 0.007692307692307693 0.728 0.264 0.008 0.528 1082.7006935503698 20.40481805756621 130
0.8771929824561403 0.12280701754385964 0.0 0.8715596330275229 0.12844036697247707 0.0 0.7798165137614679 1029.3883728480885 19.404437544551897 114
0.9659863945578231 0.034013605442176874 0.0 0.9647887323943662 0.035211267605633804 0.0 0.007042253521126761 1021.1006225410099 19.226890488965534 147
0.865979381443299 0.13402061855670103 0.0 0.8586956521739131 0.14130434782608695 0.0 0.8369565217391305 1076.0723421620319 22.23593549882256 97
0.7339449541284404 0.26605504587155965 0.0 0.7211538461538461 0.27884615384615385 0.0 0.9423076923076923 1042.5420855439716 21.610366339341716 109
0.8830409356725146 0.11695906432748537 0.0 0.8795180722891566 0.12048192771084337 0.0 0.8313253012048193 1028.3874746669887 18.775265097875543 171
0.8017241379310345 0.19827586206896552 0.0 0.7927927927927928 0.2072072072072072 0.0 0.6936936936936937 1025.850434861397 19.825276017706855 116
0.9035087719298246 0.09649122807017543 0.0 0.908256880733945 0.09174311926605505 0.0 0.8073394495412844 1055.3409442305617 20.111763881384487 114
0.7984496124031008 0.20155038759689922 0.0 0.7903225806451613 0.20967741935483872 0.0 0.967741935483871 1074.762166888036 20.381301289199296 129
0.9349593495934959 0.06504065040650407 0.0 0.9322033898305084 0.06779661016949153 0.0 0.7372881355932204 1082.1855365501742 21.593216202287408 123
0.9180327868852459 0.08196721311475409 0.0 0.9145299145299145 0.08547008547008547 0.0 0.7264957264957265 1087.4112388441854 19.359272373574218 122
0.958904109589041 0.0410958904109589 0.0 0.9574468085106383 0.0425531914893617 0.0 0.9148936170212766 1048.7228959077313 19.197353958012332 146
0.9153846153846154 0.08461538461538462 0.0 0.912 0.088 0.0 0.928 1041.9872850437062 20.40199815034291 130
0.96 0.04 0.0 0.9583333333333334 0.041666666666666664 0.0 0.9583333333333334 912.7558694113372 20.230858404744694 125
0.9017857142857143 0.09821428571428571 0.0 0.897196261682243 0.102803738317757 0.0 0.822429906542056 1086.1036373519446 20.98882268134873 112
0.8380952380952381 0.1619047619047619 0.0 0.83 0.17 0.0 0.99 996.8849606178329 21.182973693348412 105
0.9007633587786259 0.09923664122137404 0.0 0.8968253968253969 0.10317460317460317 0.0 0.8492063492063492 1009.6882135449574 19.063511763669485 131
0.9815950920245399 0.018404907975460124 0.0 0.9810126582278481 0.0189873417721519 0.0 0.9113924050632911 1063.3679640534317 17.79308380111733 163
0.896551724137931 0.10344827586206896 0.0 0.8918918918918919 0.10810810810810811 0.0 0.7837837837837838 1044.1178644278723 21.997392712143547 116
0.8134328358208955 0.1865671641791045 0.0 0.8062015503875969 0.1937984496124031 0.0 0.9689922480620154 1011.5875892135991 18.96227350799651 134
0.9017857142857143 0.09821428571428571 0.0 0.897196261682243 0.102803738317757 0.0 0.8411214953271028 1079.5942338664747 20.43601113884645 112
0.8859649122807017 0.11403508771929824 0.0 0.8807339449541285 0.11926605504587157 0.0 0.8348623853211009 1079.9739290988664 21.176430093508085 114
0.8952380952380953 0.10476190476190476 0.0 0.89 0.11 0.0 0.87 1052.6969320405678 22.944563615347835 105
0.8925619834710744 0.10743801652892562 0.0 0.8879310344827587 0.11206896551724138 0.0 0.8706896551724138 983.0131595795541 19.778902981703894 121
0.9019607843137255 0.09803921568627451 0.0 0.8969072164948454 0.10309278350515463 0.0 0.7319587628865979 1062.3795415513334 20.649343581741046 102
0.8549618320610687 0.13740458015267176 0.007633587786259542 0.8492063492063492 0.14285714285714285 0.007936507936507936 0.9285714285714286 1049.578507272714 21.385741694254623 131
0.856 0.144 0.0 0.85 0.15 0.0 0.9 1077.5819977226477 21.139548039638203 125
0.896 0.104 0.0 0.8916666666666667 0.10833333333333334 0.0 0.7833333333333333 1086.282582248229 20.99586004436666 125
0.8823529411764706 0.11764705882352941 0.0 0.8778625954198473 0.12213740458015267 0.0 0.8320610687022901 1085.513090702676 20.4753550715179 136
0.839622641509434 0.16037735849056603 0.0 0.8415841584158416 0.15841584158415842 0.0 0.9900990099009901 1077.1126066854515 21.925555332407317 106
0.8636363636363636 0.13636363636363635 0.0 0.8554216867469879 0.14457831325301204 0.0 0.963855421686747 1024.454833097372 21.776139407262647 88
0.8099173553719008 0.18181818181818182 0.008264462809917356 0.8017241379310345 0.1896551724137931 0.008620689655172414 1.0 1073.8388068485028 22.080226865137213 121
0.7875 0.2125 0.0 0.7733333333333333 0.22666666666666666 0.0 1.0 1034.8522459581816 26.865686119758614 80
0.8828828828828829 0.11711711711711711 0.0 0.8773584905660378 0.12264150943396226 0.0 0.9339622641509434 1043.3985814572056 20.943429502252034 111
0.8790322580645161 0.12096774193548387 0.0 0.8739495798319328 0.12605042016806722 0.0 0.7563025210084033 1013.5143495732938 19.926046173583124 124
0.9577464788732394 0.04225352112676056 0.0 0.9562043795620438 0.043795620437956206 0.0 0.021897810218978103 1011.5690469986331 20.003493688708293 142
0.8880597014925373 0.11194029850746269 0.0 0.8837209302325582 0.11627906976744186 0.0 0.7751937984496124 1077.9877809700215 20.4742238442808 134
0.9084967320261438 0.0915032679738562 0.0 0.9054054054054054 0.0945945945945946 0.0 0.7635135135135135 1075.4846621685633 19.921954116489974 153
0.9224806201550387 0.07751937984496124 0.0 0.9193548387096774 0.08064516129032258 0.0 0.8548387096774194 1017.9446180037213 19.933536537550797 129
0.8404255319148937 0.1595744680851064 0.0 0.8314606741573034 0.16853932584269662 0.0 0.6404494382022472 1076.1015374505828 19.488669625540236 94
0.8731343283582089 0.12686567164179105 0.0 0.8682170542635659 0.13178294573643412 0.0 0.7984496124031008 1079.1000224955485 21.625883995336235 134
0.8584905660377359 0.14150943396226415 0.0 0.8514851485148515 0.1485148514851485 0.0 0.8514851485148515 951.6223017648399 22.12593923291561 106
0.8872180451127819 0.11278195488721804 0.0 0.8828125 0.1171875 0.0 0.9453125 1078.5103590264944 21.130035235827886 133
0.9158878504672897 0.08411214953271028 0.0 0.9117647058823529 0.08823529411764706 0.0 0.8333333333333334 1031.3292769827576 21.274337563964657 107
0.8429752066115702 0.15702479338842976 0.0 0.8362068965517241 0.16379310344827586 0.0 0.6982758620689655 1011.3506236792223 20.387598219567383 121
0.9007633587786259 0.09923664122137404 0.0 0.8968253968253969 0.10317460317460317 0.0 0.9047619047619048 998.5472715234291 19.454376652746753 131
0.7524752475247525 0.2376237623762376 0.009900990099009901 0.7395833333333334 0.25 0.010416666666666666 0.7083333333333334 1028.777145695349 23.004926380821068 101
0.9797979797979798 0.020202020202020204 0.0 0.9787234042553191 0.02127659574468085 0.0 1.0 1014.2316864464435 20.73591230804057 99
0.9047619047619048 0.09523809523809523 0.0 0.901840490797546 0.09815950920245399 0.0 0.6441717791411042 1015.0493218618075 19.0544024639827 168
0.8617886178861789 0.13821138211382114 0.0 0.8559322033898306 0.1440677966101695 0.0 0.9915254237288136 1025.460867006981 21.298750938153503 123
0.9172413793103448 0.08275862068965517 0.0 0.9142857142857143 0.08571428571428572 0.0 0.9285714285714286 1058.5968305794438 18.487936859032303 145
0.8518518518518519 0.14814814814814814 0.0 0.8446601941747572 0.1553398058252427 0.0 0.8252427184466019 1086.1070808347185 20.91986187087684 108
0.8333333333333334 0.16666666666666666 0.0 0.8267716535433071 0.1732283464566929 0.0 0.5748031496062992 1049.6134837195664 20.748674518716 132
0.9536423841059603 0.046357615894039736 0.0 0.952054794520548 0.04794520547945205 0.0 0.8287671232876712 1058.2265747209367 18.922521536879454 151
0.8547008547008547 0.1452991452991453 0.0 0.8482142857142857 0.15178571428571427 0.0 0.7857142857142857 1056.995223734883 21.166350882392287 117
0.8524590163934426 0.14754098360655737 0.0 0.8461538461538461 0.15384615384615385 0.0 0.8376068376068376 1043.2591930281176 21.212487687943568 122
0.8841463414634146 0.11585365853658537 0.0 0.8867924528301887 0.11320754716981132 0.0 0.7044025157232704 1070.4113883760651 18.727375156486126 164
0.8863636363636364 0.11363636363636363 0.0 0.889763779527559 0.11023622047244094 0.0 0.8188976377952756 1085.9862007402946 20.261968759254852 132
0.9104477611940298 0.08955223880597014 0.0 0.9069767441860465 0.09302325581395349 0.0 0.6821705426356589 1061.732303477568 19.277271301523935 134
0.9411764705882353 0.058823529411764705 0.0 0.9385964912280702 0.06140350877192982 0.0 0.8859649122807017 1018.074300803502 19.674939895003977 119
0.8914728682170543 0.10852713178294573 0.0 0.8870967741935484 0.11290322580645161 0.0 0.8467741935483871 1055.836623993916 19.16717922548675 129
0.9159663865546218 0.08403361344537816 0.0 0.9122807017543859 0.08771929824561403 0.0 0.6842105263157895 1041.6052227876517 20.963045655017225 119
0.8813559322033898 0.11864406779661017 0.0 0.8761061946902655 0.12389380530973451 0.0 0.831858407079646 1054.9196152604152 20.414168249970945 118
0.8333333333333334 0.16666666666666666 0.0 0.8252427184466019 0.17475728155339806 0.0 0.6601941747572816 1087.4891446389215 22.08734351664853 108
0.8913043478260869 0.10869565217391304 0.0 0.8872180451127819 0.11278195488721804 0.0 0.6842105263157895 1040.9436393483973 20.34326095428493 138
0.775 0.21666666666666667 0.008333333333333333 0.7739130434782608 0.21739130434782608 0.008695652173913044 0.6956521739130435 1054.4372179640593 22.291567120979714 120
0.8217054263565892 0.17829457364341086 0.0 0.8145161290322581 0.18548387096774194 0.0 0.6935483870967742 1066.0060299650747 20.99449066362693 129
0.9097222222222222 0.09027777777777778 0.0 0.9064748201438849 0.09352517985611511 0.0 0.6187050359712231 1082.415756761611 19.95273781777492 144
0.9084507042253521 0.09154929577464789 0.0 0.9051094890510949 0.0948905109489051 0.0 0.8175182481751825 1087.185949967717 21.262346380909502 142
0.8924050632911392 0.10759493670886076 0.0 0.8888888888888888 0.1111111111111111 0.0 0.8562091503267973 1049.0473946265895 19.380143365138256 158
0.7926829268292683 0.2073170731707317 0.0 0.7792207792207793 0.22077922077922077 0.0 0.7402597402597403 1033.584801578248 24.1117593728766 82
0.8970588235294118 0.09558823529411764 0.007352941176470588 0.8931297709923665 0.09923664122137404 0.007633587786259542 0.8549618320610687 1057.572028597249 21.233036301160904 136
0.826530612244898 0.17346938775510204 0.0 0.8172043010752689 0.1827956989247312 0.0 0.8602150537634409 1016.9867123205556 22.073609743164543 98
0.9466666666666667 0.05333333333333334 0.0 0.9448275862068966 0.05517241379310345 0.0 0.6068965517241379 1024.013097918167 18.90418687122327 150
0.8053097345132744 0.19469026548672566 0.0 0.7962962962962963 0.2037037037037037 0.0 0.7129629629629629 1086.8710735174348 21.644893268721123 113
0.9343065693430657 0.06569343065693431 0.0 0.9318181818181818 0.06818181818181818 0.0 0.8181818181818182 1008.0172730963506 19.77811060529113 137
0.8252427184466019 0.17475728155339806 0.0 0.8163265306122449 0.1836734693877551 0.0 0.8367346938775511 1052.5578907900583 22.387690077855193 103
0.9186991869918699 0.08130081300813008 0.0 0.9152542372881356 0.0847457627118644 0.0 0.8135593220338984 1026.317278521429 20.29691441006149 123
0.8617021276595744 0.13829787234042554 0.0 0.8539325842696629 0.14606741573033707 0.0 0.797752808988764 915.6554817985025 21.891705831847446 94
0.9465648854961832 0.05343511450381679 0.0 0.9444444444444444 0.05555555555555555 0.0 0.48412698412698413 1053.475425743114 19.65079324491389 131
0.8495575221238938 0.1504424778761062 0.0 0.8425925925925926 0.1574074074074074 0.0 0.8518518518518519 1044.8045814798882 21.62044237477543 113
0.9054054054054054 0.0945945945945946 0.0 0.9020979020979021 0.0979020979020979 0.0 0.8111888111888111 1042.0094752352622 19.286025307002646 148
0.9032258064516129 0.0967741935483871 0.0 0.8991596638655462 0.10084033613445378 0.0 0.8151260504201681 1068.5644185594742 22.427840865068266 124
0.9741935483870968 0.025806451612903226 0.0 0.9733333333333334 0.02666666666666667 0.0 0.6733333333333333 1031.3326724558005 19.550261030533054 155
0.8686868686868687 0.13131313131313133 0.0 0.8617021276595744 0.13829787234042554 0.0 0.7446808510638298 1087.4094574983985 22.51148619460193 99
0.8041237113402062 0.1958762886597938 0.0 0.8043478260869565 0.1956521739130435 0.0 0.717391304347826 1046.2242449139624 22.41298541078887 97
0.819672131147541 0.18032786885245902 0.0 0.811965811965812 0.18803418803418803 0.0 0.9743589743589743 1061.1601823107976 21.35527756160792 122
0.9210526315789473 0.07894736842105263 0.0 0.9183673469387755 0.08163265306122448 0.0 0.6802721088435374 1075.7148411341936 19.16419895317036 152
0.9083969465648855 0.0916030534351145 0.0 0.9047619047619048 0.09523809523809523 0.0 0.9920634920634921 1040.1994519588643 21.498904188125024 131
0.9236641221374046 0.07633587786259542 0.0 0.9206349206349206 0.07936507936507936 0.0 0.7936507936507936 1070.652633271884 20.83259714183 131
0.8762886597938144 0.12371134020618557 0.0 0.8695652173913043 0.13043478260869565 0.0 0.9239130434782609 1031.4012452392158 20.21514804085677 97
0.8725490196078431 0.12745098039215685 0.0 0.865979381443299 0.13402061855670103 0.0 0.8041237113402062 1050.0955951642661 21.795693561032284 102
0.8545454545454545 0.14545454545454545 0.0 0.8476190476190476 0.1523809523809524 0.0 0.8095238095238095 1079.9022743572891 21.994936250113174 110
0.9183673469387755 0.08163265306122448 0.0 0.9139784946236559 0.08602150537634409 0.0 1.0 1063.7989160306297 21.549722036713728 98
0.8881578947368421 0.1118421052631579 0.0 0.891156462585034 0.10884353741496598 0.0 0.8367346938775511 1085.9274780995627 19.727174025243453 152
0.8032786885245902 0.19672131147540983 0.0 0.8034188034188035 0.19658119658119658 0.0 0.7521367521367521 1082.0333452905272 21.889842764085767 122
0.8188976377952756 0.18110236220472442 0.0 0.8114754098360656 0.1885245901639344 0.0 0.6885245901639344 1087.4203488817463 19.64634006371406 127
0.8905109489051095 0.10218978102189781 0.0072992700729927005 0.8863636363636364 0.10606060606060606 0.007575757575757576 0.8181818181818182 1074.0238612579922 20.733132898958374 137
0.8839285714285714 0.11607142857142858 0.0 0.8785046728971962 0.12149532710280374 0.0 0.7757009345794392 1010.9169234517846 21.05774099353099 112
0.864406779661017 0.13559322033898305 0.0 0.8584070796460177 0.1415929203539823 0.0 0.8230088495575221 949.6647968065067 20.829378671883372 118
0.9069767441860465 0.09302325581395349 0.0 0.9012345679012346 0.09876543209876543 0.0 0.8024691358024691 1032.4360681847054 23.204899352954193 86
0.8688524590163934 0.11475409836065574 0.01639344262295082 0.8632478632478633 0.11965811965811966 0.017094017094017096 0.8547008547008547 1071.4588671007741 21.484804825883455 122
0.9058823529411765 0.09411764705882353 0.0 0.9030303030303031 0.09696969696969697 0.0 0.24848484848484848 1059.319844085787 18.042753353719938 170
0.8073394495412844 0.1926605504587156 0.0 0.8076923076923077 0.19230769230769232 0.0 0.7980769230769231 1070.0983709170457 21.413775601565575 109
0.7577639751552795 0.22981366459627328 0.012422360248447204 0.75 0.23717948717948717 0.01282051282051282 0.6025641025641025 1087.3601300494595 19.5582123099687 161
0.8646616541353384 0.13533834586466165 0.0 0.859375 0.140625 0.0 0.8203125 1085.0578501562834 21.0989975016315 133
0.8768115942028986 0.12318840579710146 0.0 0.8721804511278195 0.12781954887218044 0.0 0.7969924812030075 1085.2397590660642 19.691367437710646 138
0.8651685393258427 0.1348314606741573 0.0 0.8571428571428571 0.14285714285714285 0.0 0.9404761904761905 915.9256570611318 23.624750812217385 89
0.9172932330827067 0.08270676691729323 0.0 0.921875 0.078125 0.0 0.703125 1051.8619816825578 19.342283058976932 133
0.8455882352941176 0.15441176470588236 0.0 0.8396946564885496 0.16030534351145037 0.0 0.9312977099236641 999.0419199162064 19.55254128381153 136
0.8434782608695652 0.1565217391304348 0.0 0.8363636363636363 0.16363636363636364 0.0 0.6090909090909091 1069.950699726751 20.78051425325729 115
0.7469879518072289 0.25301204819277107 0.0 0.7391304347826086 0.2608695652173913 0.0 0.7018633540372671 1075.716935829718 19.032731183691165 166
0.9672131147540983 0.03278688524590164 0.0 0.9662921348314607 0.033707865168539325 0.0 0.0 1028.4572400080374 18.34459394593696 183
0.9298245614035088 0.07017543859649122 0.0 0.926605504587156 0.07339449541284404 0.0 0.7706422018348624 1039.3340490319251 20.563812106164615 114
0.8543689320388349 0.14563106796116504 0.0 0.8571428571428571 0.14285714285714285 0.0 0.7959183673469388 1082.0747950331054 21.455913216414487 103
0.8131868131868132 0.18681318681318682 0.0 0.8023255813953488 0.19767441860465115 0.0 0.7558139534883721 1057.780689381076 23.368998197617596 91
0.9107142857142857 0.08928571428571429 0.0 0.9065420560747663 0.09345794392523364 0.0 0.6355140186915887 1086.3734469323595 21.526561907624476 112
0.9024390243902439 0.0975609756097561 0.0 0.8983050847457628 0.1016949152542373 0.0 0.8559322033898306 1087.2838266027213 20.67391024111679 123
0.8932038834951457 0.10679611650485436 0.0 0.8877551020408163 0.11224489795918367 0.0 0.7653061224489796 1047.7276822170713 24.03170078695149 103
0.7727272727272727 0.22727272727272727 0.0 0.7590361445783133 0.24096385542168675 0.0 0.7951807228915663 999.6213362275873 20.641613753865716 88
0.8540145985401459 0.145985401459854 0.0 0.8484848484848485 0.15151515151515152 0.0 0.6893939393939394 1087.2416221664726 20.056237378491872 137
0.8195488721804511 0.18045112781954886 0.0 0.8203125 0.1796875 0.0 0.828125 1087.2147185276408 19.053311010775584 133
0.8585858585858586 0.1414141414141414 0.0 0.851063829787234 0.14893617021276595 0.0 0.8829787234042553 1043.4928276037215 21.034058674556004 99
0.8807339449541285 0.11926605504587157 0.0 0.875 0.125 0.0 0.7596153846153846 969.8474780567691 19.352371501593304 109
0.8571428571428571 0.14285714285714285 0.0 0.8512396694214877 0.1487603305785124 0.0 0.859504132231405 1074.7375725209743 19.884342039167066 126
0.7480916030534351 0.24427480916030533 0.007633587786259542 0.7380952380952381 0.25396825396825395 0.007936507936507936 0.5873015873015873 1051.0347681897442 19.39469564305931 131
0.782608695652174 0.20869565217391303 0.008695652173913044 0.7727272727272727 0.21818181818181817 0.00909090909090909 0.7363636363636363 1032.8865679970068 19.737645092941083 115
0.8661971830985915 0.13380281690140844 0.0 0.8613138686131386 0.1386861313868613 0.0 0.8759124087591241 1078.6646056203995 19.73342213451454 142
0.8309859154929577 0.16901408450704225 0.0 0.8248175182481752 0.17518248175182483 0.0 0.8759124087591241 1035.5543149621494 19.46115435601553 142
0.8148148148148148 0.18518518518518517 0.0 0.8058252427184466 0.1941747572815534 0.0 0.9902912621359223 1060.9322240766387 22.60695294630489 108
0.954954954954955 0.04504504504504504 0.0 0.9528301886792453 0.04716981132075472 0.0 0.8018867924528302 1024.5277643651916 19.90792341957095 111
0.8897058823529411 0.11029411764705882 0.0 0.8854961832061069 0.11450381679389313 0.0 0.9694656488549618 1080.616709205408 19.958209224334315 136
0.8554216867469879 0.14457831325301204 0.0 0.8461538461538461 0.15384615384615385 0.0 0.9743589743589743 1026.9988489866607 21.992011325263704 83
0.9264705882352942 0.07352941176470588 0.0 0.9236641221374046 0.07633587786259542 0.0 0.8320610687022901 1064.5659382258234 20.052495712752734 136
0.848 0.152 0.0 0.8416666666666667 0.15833333333333333 0.0 0.7333333333333333 1072.8600515675787 20.73380445489199 125
0.8504672897196262 0.14953271028037382 0.0 0.8431372549019608 0.1568627450980392 0.0 0.9901960784313726 1071.5509728505851 21.35255520902809 107
0.8169014084507042 0.18309859154929578 0.0 0.8175182481751825 0.18248175182481752 0.0 0.8394160583941606 1046.8631524385494 21.224680293439263 142
0.9515151515151515 0.048484848484848485 0.0 0.95 0.05 0.0 0.84375 1087.129330275233 18.446519311816562 165
0.8773584905660378 0.12264150943396226 0.0 0.8712871287128713 0.12871287128712872 0.0 0.6435643564356436 1032.956898483737 20.633456300366657 106
0.9112903225806451 0.08870967741935484 0.0 0.907563025210084 0.09243697478991597 0.0 0.8067226890756303 1009.1214226075952 21.76413775520093 124
0.8903225806451613 0.10967741935483871 0.0 0.8866666666666667 0.11333333333333333 0.0 0.7733333333333333 1073.5431795487348 19.193991846781444 155
0.9347826086956522 0.06521739130434782 0.0 0.9323308270676691 0.06766917293233082 0.0 0.0 1066.943880324871 18.595452684080808 138
1.0 0.0 0.0 1.0 0.0 0.0 0.0 1055.4623693140404 18.324559869520996 163
0.9663461538461539 0.03365384615384615 0.0 0.9655172413793104 0.034482758620689655 0.0 0.0 1081.675710010633 17.728599265952315 208
0.85 0.14166666666666666 0.008333333333333333 0.8434782608695652 0.14782608695652175 0.008695652173913044 1.0 1082.5995846320707 22.410143127479447 120
0.8865248226950354 0.11347517730496454 0.0 0.8897058823529411 0.11029411764705882 0.0 0.8308823529411765 1043.8842337783535 19.19190660338226 141
0.9111111111111111 0.08888888888888889 0.0 0.9076923076923077 0.09230769230769231 0.0 0.7846153846153846 1081.126626629475 20.713897225008022 135
0.9037037037037037 0.0962962962962963 0.0 0.9076923076923077 0.09230769230769231 0.0 0.8615384615384616 1072.8476510468697 19.659473443764263 135
0.9047619047619048 0.09523809523809523 0.0 0.9090909090909091 0.09090909090909091 0.0 0.9669421487603306 1032.7258511557782 20.78166472031445 126
0.9166666666666666 0.08333333333333333 0.0 0.912621359223301 0.08737864077669903 0.0 0.7572815533980582 1040.842054703984 21.823932989734484 108
0.8828125 0.1171875 0.0 0.8780487804878049 0.12195121951219512 0.0 0.8536585365853658 1062.7704407504802 20.255667268859188 128
0.9105691056910569 0.08943089430894309 0.0 0.9067796610169492 0.09322033898305085 0.0 0.7796610169491526 1070.359118148957 20.264299569976625 123
0.8879310344827587 0.11206896551724138 0.0 0.8828828828828829 0.11711711711711711 0.0 0.9459459459459459 1032.7147458175896 21.322530796358166 116
0.8909090909090909 0.10909090909090909 0.0 0.8857142857142857 0.11428571428571428 0.0 0.6857142857142857 1052.6061981458918 20.12200082056824 110
0.9624060150375939 0.03759398496240601 0.0 0.9609375 0.0390625 0.0 1.0 1012.8616819408318 20.35396685064257 133
0.8870967741935484 0.11290322580645161 0.0 0.8823529411764706 0.11764705882352941 0.0 0.7058823529411765 1032.9133481922315 21.006715057370414 124
0.9481481481481482 0.05185185185185185 0.0 0.9461538461538461 0.05384615384615385 0.0 0.6615384615384615 1081.0475598100265 20.02458442097268 135
0.872 0.128 0.0 0.8666666666666667 0.13333333333333333 0.0 0.7333333333333333 1085.3019761173393 21.525088375659077 125
0.8611111111111112 0.1388888888888889 0.0 0.8640776699029126 0.13592233009708737 0.0 0.8640776699029126 1075.687954744839 23.37077858634117 108
0.9304347826086956 0.06956521739130435 0.0 0.9272727272727272 0.07272727272727272 0.0 0.8363636363636363 1079.18516474513 19.09358033994278 115
0.9041095890410958 0.0958904109589041 0.0 0.900709219858156 0.09929078014184398 0.0 0.950354609929078 971.2085472775987 18.736888150676076 146
0.7913043478260869 0.20869565217391303 0.0 0.7818181818181819 0.21818181818181817 0.0 0.8454545454545455 1071.6579485310642 21.06517755129491 115
0.9019607843137255 0.09803921568627451 0.0 0.8969072164948454 0.10309278350515463 0.0 0.9690721649484536 1013.0458343729968 19.576035362782356 102
0.9302325581395349 0.06976744186046512 0.0 0.9274193548387096 0.07258064516129033 0.0 0.9435483870967742 1060.6745416849387 21.09605949722931 129
0.8857142857142857 0.11428571428571428 0.0 0.8814814814814815 0.11851851851851852 0.0 0.9555555555555556 1063.4869839470305 18.89481300559486 140
0.9310344827586207 0.06896551724137931 0.0 0.9285714285714286 0.07142857142857142 0.0 0.6642857142857143 1051.520067650421 20.031513897374648 145
0.9259259259259259 0.07407407407407407 0.0 0.9230769230769231 0.07692307692307693 0.0 0.7461538461538462 1052.6927891595572 19.127160483521028 135
0.8235294117647058 0.17647058823529413 0.0 0.816793893129771 0.183206106870229 0.0 0.8320610687022901 1078.2607318115479 20.66243698507081 136
0.927007299270073 0.072992700729927 0.0 0.9242424242424242 0.07575757575757576 0.0 0.75 1076.0102775132314 20.116024843020917 137
0.8032786885245902 0.1721311475409836 0.02459016393442623 0.8034188034188035 0.17094017094017094 0.02564102564102564 0.7606837606837606 1087.2953807073718 20.06456917669422 122
0.8681318681318682 0.13186813186813187 0.0 0.8604651162790697 0.13953488372093023 0.0 1.0 1058.031964559951 24.388052883897977 91
0.9333333333333333 0.06666666666666667 0.0 0.9307692307692308 0.06923076923076923 0.0 0.9076923076923077 1079.458632651221 20.37787140211356 135
0.8875 0.1125 0.0 0.88 0.12 0.0 0.8 1067.7241023545712 23.078802986129563 80
0.8692307692307693 0.13076923076923078 0.0 0.864 0.136 0.0 0.88 1056.9943243747416 19.09751681735881 130
0.9602649006622517 0.039735099337748346 0.0 0.958904109589041 0.0410958904109589 0.0 0.6301369863013698 1073.8623124212218 19.282811813713884 151
0.8840579710144928 0.11594202898550725 0.0 0.8796992481203008 0.12030075187969924 0.0 0.8421052631578947 1087.477603533418 19.693679502233604 138
0.8527131782945736 0.11627906976744186 0.031007751937984496 0.8548387096774194 0.11290322580645161 0.03225806451612903 0.8709677419354839 1065.2600354928873 20.650315849724183 129
0.9451219512195121 0.054878048780487805 0.0 0.9433962264150944 0.05660377358490566 0.0 0.5974842767295597 1076.8911102030816 19.022176946486063 164
0.96045197740113 0.03389830508474576 0.005649717514124294 0.9593023255813954 0.03488372093023256 0.005813953488372093 0.9476744186046512 1054.5925965371582 18.824479262188394 177
0.8490566037735849 0.1509433962264151 0.0 0.8415841584158416 0.15841584158415842 0.0 0.8712871287128713 1039.724528768922 20.559019692679847 106
0.9016393442622951 0.09836065573770492 0.0 0.8974358974358975 0.10256410256410256 0.0 0.9145299145299145 998.5115873871833 21.521960465310336 122
0.8983050847457628 0.1016949152542373 0.0 0.8938053097345132 0.10619469026548672 0.0 0.7699115044247787 1086.4164381595142 20.19187407173978 118
0.8897058823529411 0.11029411764705882 0.0 0.8854961832061069 0.11450381679389313 0.0 0.8396946564885496 1008.0614261498725 20.15304438089184 136
0.8434782608695652 0.1565217391304348 0.0 0.8454545454545455 0.15454545454545454 0.0 0.8818181818181818 1010.4991312687005 22.580333155350523 115
0.8872180451127819 0.11278195488721804 0.0 0.890625 0.109375 0.0 0.5234375 1008.2865621482719 19.461868362999823 133
0.9050632911392406 0.0949367088607595 0.0 0.9019607843137255 0.09803921568627451 0.0 0.7973856209150327 1035.3272207851292 18.912012574531424 158
0.8623853211009175 0.13761467889908258 0.0 0.8557692307692307 0.14423076923076922 0.0 0.5576923076923077 1049.7223482556349 19.80436834769457 109
0.9548022598870056 0.04519774011299435 0.0 0.9593023255813954 0.040697674418604654 0.0 0.21511627906976744 1049.2014445009265 18.295025235417516 177
0.9 0.1 0.0 0.896 0.104 0.0 0.72 1025.884776754886 19.498665344852235 130
0.9111111111111111 0.08888888888888889 0.0 0.9058823529411765 0.09411764705882353 0.0 0.8705882352941177 931.3208173634235 22.010813392746677 90
0.8977272727272727 0.10227272727272728 0.0 0.9036144578313253 0.0963855421686747 0.0 0.7951807228915663 1086.1045767148278 19.648885922128503 88
0.9568965517241379 0.04310344827586207 0.0 0.954954954954955 0.04504504504504504 0.0 0.7747747747747747 1054.3358450019864 19.670576823560488 116
0.8571428571428571 0.14285714285714285 0.0 0.8504672897196262 0.14953271028037382 0.0 0.8130841121495327 1018.4146366354082 22.69010007244853 112
0.9259259259259259 0.07407407407407407 0.0 0.9223300970873787 0.07766990291262135 0.0 1.0 1074.9828854337234 22.019182424823818 108
0.8785714285714286 0.12142857142857143 0.0 0.8740740740740741 0.1259259259259259 0.0 0.8740740740740741 1084.5352540021945 19.638376071678472 140
0.9215686274509803 0.0784313725490196 0.0 0.9175257731958762 0.08247422680412371 0.0 0.7731958762886598 1070.3673973789523 20.266950011410067 102
0.9246575342465754 0.07534246575342465 0.0 0.9219858156028369 0.07801418439716312 0.0 0.9858156028368794 1055.5265749540092 19.52825353929081 146
0.8504672897196262 0.14953271028037382 0.0 0.8431372549019608 0.1568627450980392 0.0 0.9705882352941176 1072.1582225834875 21.450880057930142 107
0.9396551724137931 0.0603448275862069 0.0 0.9369369369369369 0.06306306306306306 0.0 0.8468468468468469 1083.6391966215647 20.878445093445254 116
0.8988095238095238 0.10119047619047619 0.0 0.8957055214723927 0.10429447852760736 0.0 0.7055214723926381 1086.000888406853 19.171990167209223 168
0.8951612903225806 0.08870967741935484 0.016129032258064516 0.8907563025210085 0.09243697478991597 0.01680672268907563 0.7983193277310925 1054.0590359230391 20.493955818220478 124
0.8888888888888888 0.1111111111111111 0.0 0.8839285714285714 0.11607142857142858 0.0 0.8482142857142857 1060.6820874454513 20.138371184274586 117
0.9193548387096774 0.08064516129032258 0.0 0.9159663865546218 0.08403361344537816 0.0 0.9159663865546218 1035.5350027347288 19.88220507135175 124
0.9704142011834319 0.029585798816568046 0.0 0.9695121951219512 0.03048780487804878 0.0 0.6829268292682927 1077.8090927662854 19.68267488409553 169
0.7254901960784313 0.2549019607843137 0.0196078431372549 0.7216494845360825 0.25773195876288657 0.020618556701030927 0.845360824742268 1053.5179597227134 21.481357865327652 102
0.782258064516129 0.1935483870967742 0.024193548387096774 0.773109243697479 0.20168067226890757 0.025210084033613446 0.8319327731092437 1045.6867066240984 22.677939138133095 124
0.8508771929824561 0.14912280701754385 0.0 0.8440366972477065 0.1559633027522936 0.0 0.7522935779816514 1082.8036264426507 20.61763807014415 114
0.8943089430894309 0.10569105691056911 0.0 0.8898305084745762 0.11016949152542373 0.0 0.7457627118644068 1070.4216586659222 21.281650679790786 123
0.9398496240601504 0.06015037593984962 0.0 0.9375 0.0625 0.0 0.7109375 1068.0866917131611 18.289221718765155 133
0.8518518518518519 0.14814814814814814 0.0 0.8461538461538461 0.15384615384615385 0.0 0.6307692307692307 1007.4931314193811 18.774717748078213 135
0.9122807017543859 0.08771929824561403 0.0 0.908256880733945 0.09174311926605505 0.0 0.9357798165137615 1048.0204580700047 21.315030905515776 114
0.8151260504201681 0.17647058823529413 0.008403361344537815 0.8070175438596491 0.18421052631578946 0.008771929824561403 0.8508771929824561 1083.6499399425966 21.72588012003133 119
0.8378378378378378 0.16216216216216217 0.0 0.8321678321678322 0.16783216783216784 0.0 0.6923076923076923 1087.4379802849062 19.14980744363883 148
0.9883040935672515 0.011695906432748537 0.0 0.9879518072289156 0.012048192771084338 0.0 0.8253012048192772 1044.7083497643598 18.844384515462 171
0.8142857142857143 0.18571428571428572 0.0 0.8 0.2 0.0 0.8769230769230769 1083.0022500446987 24.198143813580707 70
0.801980198019802 0.19801980198019803 0.0 0.7916666666666666 0.20833333333333334 0.0 1.0 1076.5786133079039 22.140440219061436 101
0.9197080291970803 0.08029197080291971 0.0 0.9166666666666666 0.08333333333333333 0.0 0.8409090909090909 1011.6677131376983 18.74137317399055 137
0.9652777777777778 0.034722222222222224 0.0 0.9640287769784173 0.03597122302158273 0.0 0.7553956834532374 1079.1699218776105 19.51743846473035 144
0.8405797101449275 0.15942028985507245 0.0 0.8345864661654135 0.16541353383458646 0.0 0.7669172932330827 1082.6075840313285 20.46408604691253 138
0.8314606741573034 0.16853932584269662 0.0 0.8214285714285714 0.17857142857142858 0.0 0.7142857142857143 1053.2340883068896 23.017214034289577 89
0.8547008547008547 0.1452991452991453 0.0 0.8482142857142857 0.15178571428571427 0.0 0.9017857142857143 1012.467669205613 21.815918465471906 117
0.9559748427672956 0.0440251572327044 0.0 0.9545454545454546 0.045454545454545456 0.0 0.8181818181818182 1080.024836669642 19.12403868295719 159
0.9261744966442953 0.0738255033557047 0.0 0.9305555555555556 0.06944444444444445 0.0 0.8055555555555556 1058.2495312971778 19.344643559566414 149
0.8692307692307693 0.13076923076923078 0.0 0.864 0.136 0.0 0.88 1049.9525679255642 19.868579262271115 130
0.8782608695652174 0.12173913043478261 0.0 0.8727272727272727 0.12727272727272726 0.0 0.7363636363636363 1081.7830776038218 20.862589195054564 115
0.9433962264150944 0.05660377358490566 0.0 0.9415584415584416 0.05844155844155844 0.0 0.7532467532467533 1044.6828161935155 19.059845543853477 159
0.8018867924528302 0.19811320754716982 0.0 0.7920792079207921 0.2079207920792079 0.0 0.6732673267326733 1087.325805996382 20.825580033591727 106
0.9051094890510949 0.0948905109489051 0.0 0.9015151515151515 0.09848484848484848 0.0 0.8484848484848485 970.7198954686644 19.058126642926428 137
0.9887005649717514 0.011299435028248588 0.0 0.9883720930232558 0.011627906976744186 0.0 0.0 1000.9859144036049 17.828525070669173 177
1.0 0.0 0.0 1.0 0.0 0.0 0.795774647887324 979.3940306150699 18.10649462423021 147
0.8508771929824561 0.14912280701754385 0.0 0.8440366972477065 0.1559633027522936 0.0 0.7064220183486238 1079.3232662965872 20.39356492973389 114
0.9344262295081968 0.06557377049180328 0.0 0.9316239316239316 0.06837606837606838 0.0 0.6837606837606838 979.2106568630627 19.192704344799996 122
0.9035087719298246 0.09649122807017543 0.0 0.8990825688073395 0.10091743119266056 0.0 0.5779816513761468 980.6066335603152 19.107051422231574 114
0.696 0.272 0.032 0.6833333333333333 0.2833333333333333 0.03333333333333333 0.6583333333333333 1085.4751757052245 22.283234613010734 125
0.907563025210084 0.09243697478991597 0.0 0.9035087719298246 0.09649122807017543 0.0 0.8508771929824561 1045.1137746753761 19.761654806820435 119
0.9866666666666667 0.013333333333333334 0.0 0.9862068965517241 0.013793103448275862 0.0 0.8413793103448276 1077.6942227492607 19.719224482945688 150
0.8956521739130435 0.10434782608695652 0.0 0.8909090909090909 0.10909090909090909 0.0 0.5818181818181818 1083.2415963858482 21.46987522915759 115
0.8968253968253969 0.10317460317460317 0.0 0.8925619834710744 0.10743801652892562 0.0 0.8016528925619835 1079.4950365002987 21.14090033836055 126
0.9365079365079365 0.06349206349206349 0.0 0.9338842975206612 0.06611570247933884 0.0 0.7768595041322314 1075.6636002490434 19.70136316902039 126
0.8658536585365854 0.13414634146341464 0.0 0.8571428571428571 0.14285714285714285 0.0 0.7662337662337663 1084.8940934126776 21.018757048451043 82
0.9426229508196722 0.05737704918032787 0.0 0.9401709401709402 0.05982905982905983 0.0 0.8205128205128205 1086.2750996802756 20.703521723441323 122
0.8931297709923665 0.10687022900763359 0.0 0.8888888888888888 0.1111111111111111 0.0 0.8015873015873016 1014.4589344069664 19.28736954863601 131
0.8778625954198473 0.12213740458015267 0.0 0.873015873015873 0.12698412698412698 0.0 0.7380952380952381 1086.4238444867653 20.231145781333723 131
0.9007633587786259 0.09923664122137404 0.0 0.8968253968253969 0.10317460317460317 0.0 0.8888888888888888 1021.5049673048674 20.562502982187695 131
0.8780487804878049 0.12195121951219512 0.0 0.8728813559322034 0.1271186440677966 0.0 0.847457627118644 1071.7916749142219 22.031592072849715 123
0.7807017543859649 0.21929824561403508 0.0 0.7706422018348624 0.22935779816513763 0.0 0.7064220183486238 1013.1679563437878 20.26003446050533 114
0.8854961832061069 0.11450381679389313 0.0 0.8809523809523809 0.11904761904761904 0.0 0.8650793650793651 1069.690278786018 19.892031367879763 131
0.8782608695652174 0.12173913043478261 0.0 0.8727272727272727 0.12727272727272726 0.0 0.9545454545454546 1022.7569219778566 21.425930711981056 115
0.8512396694214877 0.1487603305785124 0.0 0.8448275862068966 0.15517241379310345 0.0 0.7068965517241379 1069.6097809127632 19.794183695969206 121
0.8712871287128713 0.12871287128712872 0.0 0.8645833333333334 0.13541666666666666 0.0 0.8645833333333334 1069.1493171420893 22.893273427066884 101
0.8032786885245902 0.19672131147540983 0.0 0.7948717948717948 0.20512820512820512 0.0 0.8547008547008547 1081.0366529959804 21.748638814716927 122
0.9019607843137255 0.09803921568627451 0.0 0.8986486486486487 0.10135135135135136 0.0 0.7567567567567568 1087.2899751201023 19.1563795675983 153
0.8658536585365854 0.13414634146341464 0.0 0.8679245283018868 0.1320754716981132 0.0 0.7295597484276729 1087.4487886682564 19.198135178532937 164
0.8640776699029126 0.13592233009708737 0.0 0.8673469387755102 0.1326530612244898 0.0 0.7653061224489796 1047.7951678971842 20.715922495731757 103
0.9802631578947368 0.019736842105263157 0.0 0.9795918367346939 0.02040816326530612 0.0 0.0 951.8705589848313 17.879288051909295 152
0.9182389937106918 0.08176100628930817 0.0 0.9155844155844156 0.08441558441558442 0.0 0.5064935064935064 1065.0173791737857 19.097904525905854 159
0.9395973154362416 0.06040268456375839 0.0 0.9444444444444444 0.05555555555555555 0.0 0.8888888888888888 1083.8638616090332 20.04726752434847 149
0.906832298136646 0.09316770186335403 0.0 0.9038461538461539 0.09615384615384616 0.0 0.8461538461538461 1053.973383069743 18.637256213846996 161
0.8545454545454545 0.14545454545454545 0.0 0.8476190476190476 0.1523809523809524 0.0 1.0 990.6727612578554 21.768840412848366 110
0.8793103448275862 0.1206896551724138 0.0 0.8738738738738738 0.12612612612612611 0.0 0.7747747747747747 1062.7296209405326 21.904082511623532 116
0.9024390243902439 0.0975609756097561 0.0 0.89937106918239 0.10062893081761007 0.0 0.9308176100628931 1066.2037187824092 19.049438758876658 164
0.8230088495575221 0.17699115044247787 0.0 0.8148148148148148 0.18518518518518517 0.0 0.8425925925925926 1068.4297811474812 21.731298205650127 113
0.8677685950413223 0.1322314049586777 0.0 0.8620689655172413 0.13793103448275862 0.0 0.8362068965517241 1073.3286293339925 21.09043432309818 121
0.9467455621301775 0.05325443786982249 0.0 0.9451219512195121 0.054878048780487805 0.0 0.7560975609756098 1083.5160403629202 19.318796839396313 169
0.8990825688073395 0.10091743119266056 0.0 0.8942307692307693 0.10576923076923077 0.0 0.8557692307692307 991.7269509775892 20.252943016875005 109
0.8740157480314961 0.12598425196850394 0.0 0.8688524590163934 0.13114754098360656 0.0 0.7131147540983607 1054.5051319192155 20.612819568235075 127
0.8680555555555556 0.13194444444444445 0.0 0.8633093525179856 0.1366906474820144 0.0 0.7482014388489209 1022.7434775256673 19.086526843603085 144
0.9194630872483222 0.0738255033557047 0.006711409395973154 0.9166666666666666 0.0763888888888889 0.006944444444444444 0.9722222222222222 1050.2254492465943 20.356555446901623 149
0.9161290322580645 0.08387096774193549 0.0 0.9133333333333333 0.08666666666666667 0.0 0.84 1066.389062916581 18.626434459283054 155
0.889763779527559 0.11023622047244094 0.0 0.8852459016393442 0.11475409836065574 0.0 0.8442622950819673 1030.0069364197743 20.658017906759568 127
0.8059701492537313 0.19402985074626866 0.0 0.8064516129032258 0.1935483870967742 0.0 0.6129032258064516 1079.0678932993414 20.290558036916256 67
0.8472222222222222 0.1527777777777778 0.0 0.8489208633093526 0.1510791366906475 0.0 0.8345323741007195 1069.5937129849758 19.49099033845492 144
0.9050632911392406 0.0949367088607595 0.0 0.9084967320261438 0.0915032679738562 0.0 0.5359477124183006 1032.654262037269 18.435943701613272 158
0.9024390243902439 0.0975609756097561 0.0 0.8983050847457628 0.1016949152542373 0.0 0.9067796610169492 951.9913680340629 20.18476370094201 123
0.9069767441860465 0.09302325581395349 0.0 0.9012345679012346 0.09876543209876543 0.0 0.9382716049382716 1056.4478772619893 21.864475675956577 86
0.9668508287292817 0.03314917127071823 0.0 0.9659090909090909 0.03409090909090909 0.0 0.5511363636363636 1064.7017973265572 17.740908212242353 181
0.8173913043478261 0.1826086956521739 0.0 0.8090909090909091 0.19090909090909092 0.0 0.7818181818181819 1077.0537712299235 21.092753700250334 115
0.865979381443299 0.13402061855670103 0.0 0.8586956521739131 0.14130434782608695 0.0 0.9347826086956522 1062.1954339188437 22.362224175254315 97
0.9554140127388535 0.044585987261146494 0.0 0.9605263157894737 0.039473684210526314 0.0 0.8223684210526315 1047.421466412711 18.8876771618225 157
0.925 0.075 0.0 0.9290322580645162 0.07096774193548387 0.0 0.8387096774193549 1056.228524670585 20.076168267822776 160
0.7985074626865671 0.19402985074626866 0.007462686567164179 0.7906976744186046 0.20155038759689922 0.007751937984496124 0.9767441860465116 1065.3565161376841 20.039048546951516 134
