0.8295454545454546 0.17045454545454544 0.0 0.8192771084337349 0.18072289156626506 0.0 0.8072289156626506 1055.2248161649582 24.316058597980806 88
0.7950819672131147 0.18032786885245902 0.02459016393442623 0.7863247863247863 0.18803418803418803 0.02564102564102564 0.9487179487179487 1039.5980282003197 22.709945317774952 122
0.5954198473282443 0.35877862595419846 0.04580152671755725 0.5793650793650794 0.373015873015873 0.047619047619047616 0.9285714285714286 1002.0436542352177 21.92018480404018 131
0.752 0.224 0.024 0.7416666666666667 0.23333333333333334 0.025 0.7916666666666666 1062.5485555898335 22.28672999552264 125
0.7647058823529411 0.23529411764705882 0.0 0.75 0.25 0.0 0.925 1002.5239285551473 25.30093777450118 85
0.8015267175572519 0.19083969465648856 0.007633587786259542 0.7936507936507936 0.1984126984126984 0.007936507936507936 0.6587301587301587 1087.3969941696166 20.68447418080214 131
0.7307692307692307 0.25961538461538464 0.009615384615384616 0.7171717171717171 0.2727272727272727 0.010101010101010102 0.8080808080808081 1062.5300342799019 23.253682888674014 104
0.7910447761194029 0.208955223880597 0.0 0.7741935483870968 0.22580645161290322 0.0 0.8709677419354839 1074.66999854885 23.086573542259522 67
0.7802197802197802 0.21978021978021978 0.0 0.7674418604651163 0.23255813953488372 0.0 0.7790697674418605 1050.1665727805457 22.907721563322397 91
0.4722222222222222 0.2777777777777778 0.25 0.45323741007194246 0.28776978417266186 0.2589928057553957 0.5251798561151079 1005.72979851065 21.482729158806272 144
0.8440366972477065 0.14678899082568808 0.009174311926605505 0.8365384615384616 0.15384615384615385 0.009615384615384616 1.0 1046.867971147284 22.029085658902947 109
0.8073394495412844 0.1926605504587156 0.0 0.7980769230769231 0.20192307692307693 0.0 0.8269230769230769 1063.1741127535715 23.256092239380372 109
0.8267716535433071 0.1732283464566929 0.0 0.819672131147541 0.18032786885245902 0.0 0.9262295081967213 1072.275845214747 22.255072556666132 127
0.8287671232876712 0.17123287671232876 0.0 0.8297872340425532 0.1702127659574468 0.0 0.6666666666666666 1087.4616217902599 20.98275035358923 146
0.8278688524590164 0.1721311475409836 0.0 0.8205128205128205 0.1794871794871795 0.0 0.6923076923076923 1087.3498770120223 20.598637046934588 122
0.7448979591836735 0.23469387755102042 0.02040816326530612 0.7311827956989247 0.24731182795698925 0.021505376344086023 0.9032258064516129 1040.732059848462 24.237980745119415 98
0.7733333333333333 0.22666666666666666 0.0 0.7571428571428571 0.24285714285714285 0.0 0.6428571428571429 1072.5496918862896 25.391385666298955 75
0.8142857142857143 0.17142857142857143 0.014285714285714285 0.8074074074074075 0.17777777777777778 0.014814814814814815 0.8740740740740741 1028.2650502386991 22.039841646785113 140
0.6770833333333334 0.3020833333333333 0.020833333333333332 0.6593406593406593 0.31868131868131866 0.02197802197802198 0.6703296703296703 991.1628337321845 22.129055951825418 96
0.7739130434782608 0.20869565217391303 0.017391304347826087 0.7636363636363637 0.21818181818181817 0.01818181818181818 0.8090909090909091 1087.4739296162807 21.57419333794468 115
0.8247422680412371 0.15463917525773196 0.020618556701030927 0.8152173913043478 0.16304347826086957 0.021739130434782608 0.9565217391304348 1056.4449053560697 23.17885751962441 97
0.8544303797468354 0.14556962025316456 0.0 0.8496732026143791 0.1503267973856209 0.0 0.7058823529411765 1087.382167095004 19.09821630647001 158
0.7843137254901961 0.20588235294117646 0.00980392156862745 0.7731958762886598 0.21649484536082475 0.010309278350515464 0.845360824742268 1057.6112248979598 23.40087378266644 102
0.8611111111111112 0.1388888888888889 0.0 0.8543689320388349 0.14563106796116504 0.0 0.970873786407767 1079.1849997888655 23.04525657709257 108
0.7848101265822784 0.20253164556962025 0.012658227848101266 0.7702702702702703 0.21621621621621623 0.013513513513513514 0.7837837837837838 1048.3723349193049 23.82496181689449 79
0.6737588652482269 0.3191489361702128 0.0070921985815602835 0.6617647058823529 0.33088235294117646 0.007352941176470588 0.6617647058823529 1087.347491723214 21.495204699541862 141
0.810126582278481 0.189873417721519 0.0 0.7972972972972973 0.20270270270270271 0.0 0.8513513513513513 999.3504971047192 25.43023216569948 79
0.8 0.18666666666666668 0.013333333333333334 0.7857142857142857 0.2 0.014285714285714285 1.0 943.6408717584212 27.606237948016158 75
0.7920792079207921 0.2079207920792079 0.0 0.78125 0.21875 0.0 0.6979166666666666 1087.324801203785 22.38887161258701 101
0.7181818181818181 0.2545454545454545 0.02727272727272727 0.7047619047619048 0.26666666666666666 0.02857142857142857 0.7714285714285715 1058.9741249836977 22.33654374682838 110
0.865546218487395 0.13445378151260504 0.0 0.8596491228070176 0.14035087719298245 0.0 0.8157894736842105 1020.5328296867666 21.880096929307456 119
0.7916666666666666 0.19791666666666666 0.010416666666666666 0.7802197802197802 0.2087912087912088 0.01098901098901099 0.989010989010989 1073.2379281821743 26.268943826280815 96
0.7421875 0.2578125 0.0 0.7317073170731707 0.2682926829268293 0.0 0.6504065040650406 1087.4476322957482 20.682765295207442 128
0.8076923076923077 0.19230769230769232 0.0 0.8 0.2 0.0 0.776 1077.2389634666276 21.235739104048484 130
0.7734375 0.2265625 0.0 0.7723577235772358 0.22764227642276422 0.0 0.6178861788617886 1087.420972926187 20.18997751652588 128
0.7623762376237624 0.2376237623762376 0.0 0.7604166666666666 0.23958333333333334 0.0 0.75 1086.6328724109012 22.87891557075931 101
0.794392523364486 0.205607476635514 0.0 0.7843137254901961 0.21568627450980393 0.0 0.9117647058823529 1062.7944213276758 24.02586638385057 107
0.6352941176470588 0.3411764705882353 0.023529411764705882 0.6375 0.3375 0.025 0.8125 1084.2325323723971 25.206325252659354 85
0.6864406779661016 0.288135593220339 0.025423728813559324 0.672566371681416 0.3008849557522124 0.02654867256637168 0.8672566371681416 1059.8586181910434 22.71195063658749 118
0.7258064516129032 0.2661290322580645 0.008064516129032258 0.7142857142857143 0.2773109243697479 0.008403361344537815 0.7226890756302521 1069.368613969544 21.393058565887387 124
0.8141592920353983 0.18584070796460178 0.0 0.8055555555555556 0.19444444444444445 0.0 0.8333333333333334 1028.8223945220786 22.608583875416045 113
0.7213114754098361 0.27049180327868855 0.00819672131147541 0.7094017094017094 0.28205128205128205 0.008547008547008548 0.7350427350427351 1087.2409012144976 24.636768241559302 122
0.6907216494845361 0.29896907216494845 0.010309278350515464 0.6956521739130435 0.29347826086956524 0.010869565217391304 0.5543478260869565 1087.433730742243 22.32638978394576 97
0.5802469135802469 0.38271604938271603 0.037037037037037035 0.5526315789473685 0.40789473684210525 0.039473684210526314 0.868421052631579 954.1207613493857 25.165667014283244 81
0.8263888888888888 0.1736111111111111 0.0 0.8273381294964028 0.17266187050359713 0.0 0.8129496402877698 1087.201370077211 20.862283755116714 144
0.7615384615384615 0.2230769230769231 0.015384615384615385 0.752 0.232 0.016 0.704 1062.3830665235096 22.425102414287846 130
0.84375 0.15625 0.0 0.8373983739837398 0.16260162601626016 0.0 0.7560975609756098 1010.6502533265032 21.796271739065325 128
0.7010309278350515 0.20618556701030927 0.09278350515463918 0.6956521739130435 0.20652173913043478 0.09782608695652174 0.9891304347826086 1044.106108164949 25.588042892789957 97
0.8111111111111111 0.18888888888888888 0.0 0.8 0.2 0.0 0.9882352941176471 979.0055900557353 23.799065319645315 90
0.7580645161290323 0.24193548387096775 0.0 0.7478991596638656 0.25210084033613445 0.0 1.0 1032.9245195744336 21.916880606477083 124
0.7301587301587301 0.24603174603174602 0.023809523809523808 0.71900826446281 0.256198347107438 0.024793388429752067 0.9008264462809917 1083.3048682760261 22.589392962263485 126
0.532258064516129 0.43548387096774194 0.03225806451612903 0.5126050420168067 0.453781512605042 0.03361344537815126 0.8739495798319328 1076.493487718085 21.72452178455363 124
0.75 0.25 0.0 0.735632183908046 0.26436781609195403 0.0 0.6666666666666666 1077.8393779293356 23.099579508793976 92
0.6 0.2818181818181818 0.11818181818181818 0.580952380952381 0.29523809523809524 0.12380952380952381 0.7428571428571429 1053.7479098024392 24.355962855067858 110
0.7477477477477478 0.25225225225225223 0.0 0.7358490566037735 0.2641509433962264 0.0 0.8113207547169812 1061.97271194085 23.583971904399846 111
0.7432432432432432 0.21621621621621623 0.04054054054054054 0.7246376811594203 0.2318840579710145 0.043478260869565216 0.8260869565217391 1046.8885168767147 27.009732899591565 74
0.7478260869565218 0.25217391304347825 0.0 0.7363636363636363 0.2636363636363636 0.0 0.9545454545454546 1038.5281464884895 23.647607781988274 115
0.8029197080291971 0.18248175182481752 0.014598540145985401 0.7954545454545454 0.1893939393939394 0.015151515151515152 0.7651515151515151 1087.4290425780046 20.09010020513935 137
0.7327586206896551 0.2672413793103448 0.0 0.7207207207207207 0.27927927927927926 0.0 0.7657657657657657 1043.5056017070492 22.711990946539977 116
0.8118811881188119 0.18811881188118812 0.0 0.8020833333333334 0.19791666666666666 0.0 0.9375 1078.2886920319863 24.13641309768005 101
0.781021897810219 0.21897810218978103 0.0 0.7803030303030303 0.2196969696969697 0.0 0.9090909090909091 1085.082653429664 22.092458495299297 137
0.7876106194690266 0.21238938053097345 0.0 0.7777777777777778 0.2222222222222222 0.0 0.6574074074074074 1079.595304790245 21.209921818635504 113
0.752 0.24 0.008 0.7416666666666667 0.25 0.008333333333333333 0.775 1068.7799491933386 21.587583287731068 125
0.7333333333333333 0.26666666666666666 0.0 0.7217391304347827 0.2782608695652174 0.0 0.7478260869565218 1061.951251247624 21.68067062187621 120
0.8487394957983193 0.15126050420168066 0.0 0.8421052631578947 0.15789473684210525 0.0 0.7105263157894737 1076.1343026889026 22.263520298813155 119
0.8173076923076923 0.18269230769230768 0.0 0.8080808080808081 0.1919191919191919 0.0 0.6868686868686869 1087.1688428368852 21.654577110868146 104
0.8974358974358975 0.10256410256410256 0.0 0.8928571428571429 0.10714285714285714 0.0 0.7410714285714286 1070.685974628026 21.836010869003463 117
0.7904761904761904 0.20952380952380953 0.0 0.78 0.22 0.0 0.85 1043.8681259515051 23.306769390004476 105
0.7211538461538461 0.2692307692307692 0.009615384615384616 0.7070707070707071 0.2828282828282828 0.010101010101010102 0.7575757575757576 1073.0480980554296 23.100406531906255 104
0.7751937984496124 0.20155038759689922 0.023255813953488372 0.7661290322580645 0.20967741935483872 0.024193548387096774 0.8145161290322581 1086.4238049002674 22.470193164690652 129
0.7709923664122137 0.22900763358778625 0.0 0.7698412698412699 0.23015873015873015 0.0 0.8492063492063492 1010.369887841212 20.662201201667 131
0.7403846153846154 0.2403846153846154 0.019230769230769232 0.7272727272727273 0.25252525252525254 0.020202020202020204 0.7575757575757576 995.5714585360367 23.099934613367505 104
0.7927927927927928 0.2072072072072072 0.0 0.7830188679245284 0.2169811320754717 0.0 0.7547169811320755 1084.6495775317944 23.345071291035175 111
0.8426966292134831 0.15730337078651685 0.0 0.8333333333333334 0.16666666666666666 0.0 1.0 1050.581849367554 26.208873338889212 89
0.8208955223880597 0.1791044776119403 0.0 0.813953488372093 0.18604651162790697 0.0 0.8604651162790697 1087.151903455811 22.15885494644728 134
0.8166666666666667 0.15833333333333333 0.025 0.808695652173913 0.16521739130434782 0.02608695652173913 0.6869565217391305 1087.3716037950762 23.94360703212335 120
0.8518518518518519 0.14814814814814814 0.0 0.8446601941747572 0.1553398058252427 0.0 0.6310679611650486 1066.8618356796442 20.615528246922853 108
0.7744360902255639 0.22556390977443608 0.0 0.765625 0.234375 0.0 0.6796875 1087.167363376423 21.07664548744611 133
0.6716417910447762 0.2835820895522388 0.04477611940298507 0.6589147286821705 0.29457364341085274 0.046511627906976744 0.7984496124031008 1086.8372009664533 21.2741551280783 134
0.77 0.23 0.0 0.7578947368421053 0.24210526315789474 0.0 0.7684210526315789 1076.3949765879306 23.377255605109596 100
0.7326732673267327 0.25742574257425743 0.009900990099009901 0.71875 0.2708333333333333 0.010416666666666666 0.9270833333333334 1046.7185790601313 23.113052953371117 101
0.813953488372093 0.17829457364341086 0.007751937984496124 0.8064516129032258 0.18548387096774194 0.008064516129032258 0.9919354838709677 1069.573032580459 22.908384307905358 129
0.8137254901960784 0.16666666666666666 0.0196078431372549 0.8041237113402062 0.17525773195876287 0.020618556701030927 0.7628865979381443 1069.1512349750794 24.691849407269245 102
0.7727272727272727 0.21818181818181817 0.00909090909090909 0.7619047619047619 0.22857142857142856 0.009523809523809525 0.8476190476190476 1087.2729866579618 23.574155004184924 110
0.7474747474747475 0.25252525252525254 0.0 0.7340425531914894 0.26595744680851063 0.0 0.8723404255319149 1054.8049018329334 23.806443822488134 99
0.7777777777777778 0.2222222222222222 0.0 0.7659574468085106 0.23404255319148937 0.0 0.9468085106382979 994.9357451846597 23.651685159902325 99
0.7927927927927928 0.2072072072072072 0.0 0.7830188679245284 0.2169811320754717 0.0 0.7830188679245284 1055.536231800347 23.18235586846747 111
0.8740157480314961 0.12598425196850394 0.0 0.8688524590163934 0.13114754098360656 0.0 0.7622950819672131 1086.954737966152 21.165404622961926 127
0.7142857142857143 0.2714285714285714 0.014285714285714285 0.6923076923076923 0.2923076923076923 0.015384615384615385 1.0 1081.422995239306 28.578021584828758 70
0.6419753086419753 0.345679012345679 0.012345679012345678 0.618421052631579 0.3684210526315789 0.013157894736842105 0.8947368421052632 964.7311102607418 24.399106001993864 81
0.75 0.2391304347826087 0.010869565217391304 0.735632183908046 0.25287356321839083 0.011494252873563218 0.9540229885057471 1005.2471502036411 26.05238392947404 92
0.8048780487804879 0.18699186991869918 0.008130081300813009 0.7966101694915254 0.19491525423728814 0.00847457627118644 0.788135593220339 1083.303446095713 22.264630511819433 123
0.7368421052631579 0.23157894736842105 0.031578947368421054 0.7222222222222222 0.24444444444444444 0.03333333333333333 0.9111111111111111 1082.5583054200022 24.906449635536013 95
0.7604166666666666 0.23958333333333334 0.0 0.7472527472527473 0.25274725274725274 0.0 0.7472527472527473 1081.277331629077 22.771723861707926 96
0.8365384615384616 0.16346153846153846 0.0 0.8282828282828283 0.1717171717171717 0.0 0.8888888888888888 1087.0200083634127 22.917948603303085 104
0.7247706422018348 0.27522935779816515 0.0 0.7211538461538461 0.27884615384615385 0.0 0.7596153846153846 1080.0127907916683 21.861468246499314 109
0.8108108108108109 0.17117117117117117 0.018018018018018018 0.8018867924528302 0.1792452830188679 0.018867924528301886 0.6792452830188679 1017.1503825166316 21.32276715606847 111
0.8333333333333334 0.15833333333333333 0.008333333333333333 0.8260869565217391 0.16521739130434782 0.008695652173913044 0.8869565217391304 1074.8674449698617 22.448346891268734 120
0.7281553398058253 0.2524271844660194 0.019417475728155338 0.7142857142857143 0.2653061224489796 0.02040816326530612 0.8163265306122449 1015.6540044441824 25.263215943143052 103
0.78125 0.21875 0.0 0.7804878048780488 0.21951219512195122 0.0 0.8048780487804879 1066.909882107846 21.854402377066204 128
0.6810344827586207 0.31896551724137934 0.0 0.6756756756756757 0.32432432432432434 0.0 0.8738738738738738 1075.9241696669214 22.82761406456096 116
0.7130434782608696 0.26956521739130435 0.017391304347826087 0.7 0.2818181818181818 0.01818181818181818 0.9090909090909091 1085.667640272092 23.22525542864943 115
0.725 0.2625 0.0125 0.7066666666666667 0.28 0.013333333333333334 0.9733333333333334 1054.1922366314686 26.1478967931279 80
0.7692307692307693 0.2222222222222222 0.008547008547008548 0.7589285714285714 0.23214285714285715 0.008928571428571428 0.7142857142857143 1072.4510406243328 22.247132279620285 117
0.8210526315789474 0.17894736842105263 0.0 0.8111111111111111 0.18888888888888888 0.0 0.9333333333333333 1012.5605045366372 23.549430643105 95
0.8198198198198198 0.18018018018018017 0.0 0.8113207547169812 0.18867924528301888 0.0 0.6981132075471698 1087.284921196868 22.086054151702662 111
0.8583333333333333 0.14166666666666666 0.0 0.8521739130434782 0.14782608695652175 0.0 1.0 1079.6602651351675 23.503957518419767 120
0.7289719626168224 0.2616822429906542 0.009345794392523364 0.7156862745098039 0.27450980392156865 0.00980392156862745 0.6372549019607843 1085.8330533750238 20.967992007585423 107
0.7631578947368421 0.23684210526315788 0.0 0.7522935779816514 0.24770642201834864 0.0 0.8256880733944955 1087.4659719669437 22.167896330871578 114
0.8189655172413793 0.1724137931034483 0.008620689655172414 0.8108108108108109 0.18018018018018017 0.009009009009009009 0.8918918918918919 1041.75513733477 23.577814690611085 116
0.7422680412371134 0.25773195876288657 0.0 0.7391304347826086 0.2608695652173913 0.0 0.7391304347826086 1082.5903612651732 22.977644077834864 97
0.7319587628865979 0.25773195876288657 0.010309278350515464 0.717391304347826 0.2717391304347826 0.010869565217391304 0.7717391304347826 1087.3857424261657 24.45642465291251 97
0.797979797979798 0.20202020202020202 0.0 0.7872340425531915 0.2127659574468085 0.0 0.723404255319149 1072.737066406096 24.335148448158716 99
0.7867647058823529 0.21323529411764705 0.0 0.7786259541984732 0.22137404580152673 0.0 0.7404580152671756 1060.6972701197647 21.687534308167216 136
0.7168141592920354 0.2831858407079646 0.0 0.7037037037037037 0.2962962962962963 0.0 0.8148148148148148 1034.8865678054237 21.904713550857892 113
0.8121212121212121 0.18181818181818182 0.006060606060606061 0.8125 0.18125 0.00625 0.8875 1087.35927995539 20.6510449192245 165
0.7899159663865546 0.21008403361344538 0.0 0.7807017543859649 0.21929824561403508 0.0 0.7192982456140351 1087.2522553644267 20.803654701289545 119
0.7222222222222222 0.2569444444444444 0.020833333333333332 0.7122302158273381 0.26618705035971224 0.02158273381294964 0.7410071942446043 1082.2369167303912 21.09143905023632 144
0.8613861386138614 0.13861386138613863 0.0 0.8541666666666666 0.14583333333333334 0.0 0.7291666666666666 1040.695966239488 21.46406222965558 101
0.7672413793103449 0.22413793103448276 0.008620689655172414 0.7567567567567568 0.23423423423423423 0.009009009009009009 0.7837837837837838 1042.8689950586026 22.263080448013238 116
0.7651515151515151 0.22727272727272727 0.007575757575757576 0.7637795275590551 0.2283464566929134 0.007874015748031496 0.7322834645669292 1070.2643585788614 21.4550432455091 132
0.7657657657657657 0.23423423423423423 0.0 0.7547169811320755 0.24528301886792453 0.0 0.9811320754716981 1059.6476396397993 23.28716181452817 111
0.8674698795180723 0.13253012048192772 0.0 0.8633540372670807 0.13664596273291926 0.0 0.8012422360248447 1085.8928159372153 20.597895713807596 166
0.7956989247311828 0.20430107526881722 0.0 0.7840909090909091 0.2159090909090909 0.0 0.7272727272727273 1084.7640334293128 21.246358002424618 93
0.5983606557377049 0.36885245901639346 0.03278688524590164 0.5811965811965812 0.38461538461538464 0.03418803418803419 0.9572649572649573 1086.137353772037 21.556589875674927 122
0.8411214953271028 0.1308411214953271 0.028037383177570093 0.8333333333333334 0.13725490196078433 0.029411764705882353 0.7647058823529411 994.1079409812305 22.36307599613391 107
0.822429906542056 0.16822429906542055 0.009345794392523364 0.8137254901960784 0.17647058823529413 0.00980392156862745 0.7941176470588235 1087.0844382503212 22.370247907619692 107
0.7454545454545455 0.23636363636363636 0.01818181818181818 0.7333333333333333 0.24761904761904763 0.01904761904761905 0.9714285714285714 1065.2315950468067 24.80175102301685 110
0.7731958762886598 0.2268041237113402 0.0 0.7608695652173914 0.2391304347826087 0.0 0.7391304347826086 1031.7737202483727 24.594866388265316 97
0.7606837606837606 0.23076923076923078 0.008547008547008548 0.75 0.24107142857142858 0.008928571428571428 0.9732142857142857 1025.6989839317835 24.02665446043069 117
0.8738738738738738 0.12612612612612611 0.0 0.8679245283018868 0.1320754716981132 0.0 0.7169811320754716 1083.4676270345378 21.799446681531602 111
0.819047619047619 0.17142857142857143 0.009523809523809525 0.81 0.18 0.01 0.95 1056.3252381781235 24.554769943851074 105
0.7211538461538461 0.27884615384615385 0.0 0.7070707070707071 0.29292929292929293 0.0 0.8484848484848485 1045.957284424486 24.253038364458046 104
0.7878787878787878 0.2 0.012121212121212121 0.78125 0.20625 0.0125 0.9625 1086.0621873086739 21.03849146658564 165
0.8813559322033898 0.11864406779661017 0.0 0.8761061946902655 0.12389380530973451 0.0 0.6991150442477876 1083.0329720483478 21.33381563588821 118
0.8163265306122449 0.1836734693877551 0.0 0.8064516129032258 0.1935483870967742 0.0 0.7526881720430108 1051.9885866111222 23.283745768181053 98
0.5904761904761905 0.3619047619047619 0.047619047619047616 0.57 0.38 0.05 0.82 1006.3807203360485 23.480454442031295 105
0.744 0.24 0.016 0.7333333333333333 0.25 0.016666666666666666 0.7583333333333333 1078.6893591490764 22.682947996904304 125
0.7876712328767124 0.21232876712328766 0.0 0.7801418439716312 0.2198581560283688 0.0 0.723404255319149 1084.768465801662 20.459354648109347 146
0.7739130434782608 0.21739130434782608 0.008695652173913044 0.7636363636363637 0.22727272727272727 0.00909090909090909 0.7636363636363637 1086.2753930602028 22.249139979555938 115
0.7647058823529411 0.22058823529411764 0.014705882352941176 0.7557251908396947 0.22900763358778625 0.015267175572519083 0.7251908396946565 1087.387906220015 22.13788309464618 136
0.7883211678832117 0.2116788321167883 0.0 0.7803030303030303 0.2196969696969697 0.0 0.7651515151515151 1087.4180198645902 20.789911584471994 137
0.5225225225225225 0.3333333333333333 0.14414414414414414 0.5 0.3490566037735849 0.1509433962264151 0.7264150943396226 1023.6121391964901 23.029001999186306 111
0.6616541353383458 0.3383458646616541 0.0 0.6484375 0.3515625 0.0 0.8359375 1059.8966264122296 23.206555309493105 133
0.7352941176470589 0.25882352941176473 0.0058823529411764705 0.7272727272727273 0.26666666666666666 0.006060606060606061 0.7878787878787878 1086.3569454724395 19.89159158176245 170
0.6811594202898551 0.2536231884057971 0.06521739130434782 0.6691729323308271 0.2631578947368421 0.06766917293233082 0.7969924812030075 1075.6469297729277 21.19921399234153 138
0.7755102040816326 0.22448979591836735 0.0 0.7676056338028169 0.2323943661971831 0.0 0.6971830985915493 1086.6103415379796 20.489479030115046 147
0.8272727272727273 0.17272727272727273 0.0 0.819047619047619 0.18095238095238095 0.0 0.8 1070.1884159049284 23.492183677446615 110
0.7518248175182481 0.24087591240875914 0.0072992700729927005 0.7424242424242424 0.25 0.007575757575757576 0.7575757575757576 1082.5189847595054 21.353113189208855 137
0.8355263157894737 0.16447368421052633 0.0 0.8299319727891157 0.17006802721088435 0.0 0.7006802721088435 1082.577552481393 20.22624851820826 152
0.8058252427184466 0.18446601941747573 0.009708737864077669 0.7959183673469388 0.19387755102040816 0.01020408163265306 0.8163265306122449 1028.0643085360432 22.67351357871556 103
0.7888888888888889 0.2111111111111111 0.0 0.7764705882352941 0.2235294117647059 0.0 0.6705882352941176 1087.4142687659662 21.242205193488484 90
0.7788461538461539 0.20192307692307693 0.019230769230769232 0.7676767676767676 0.21212121212121213 0.020202020202020204 0.7575757575757576 1042.590616864932 22.767566672222223 104
0.7788461538461539 0.22115384615384615 0.0 0.7676767676767676 0.23232323232323232 0.0 0.6868686868686869 1073.0994901286515 21.344573766943423 104
0.8432835820895522 0.15671641791044777 0.0 0.8372093023255814 0.16279069767441862 0.0 0.8682170542635659 1085.1477010050435 20.72690414646173 134
0.7758620689655172 0.21551724137931033 0.008620689655172414 0.7657657657657657 0.22522522522522523 0.009009009009009009 1.0 1049.5878953694003 23.314799139016436 116
0.7474747474747475 0.24242424242424243 0.010101010101010102 0.7340425531914894 0.2553191489361702 0.010638297872340425 0.7553191489361702 1051.3387112256153 21.9437180730959 99
0.7767857142857143 0.22321428571428573 0.0 0.7663551401869159 0.2336448598130841 0.0 0.8504672897196262 1033.2858119171065 21.796689259434135 112
0.7880794701986755 0.2119205298013245 0.0 0.7808219178082192 0.2191780821917808 0.0 0.8972602739726028 1034.021116725638 21.74386285131997 151
0.7352941176470589 0.2647058823529412 0.0 0.7142857142857143 0.2857142857142857 0.0 0.9841269841269841 1048.1128332742064 24.366704793859636 68
0.7391304347826086 0.2391304347826087 0.021739130434782608 0.7241379310344828 0.25287356321839083 0.022988505747126436 0.8390804597701149 1031.182433221978 26.667309738904567 92
0.6947368421052632 0.29473684210526313 0.010526315789473684 0.6777777777777778 0.3111111111111111 0.011111111111111112 0.7222222222222222 1049.2290035578278 22.837160368417887 95
0.8228571428571428 0.17142857142857143 0.005714285714285714 0.8176470588235294 0.17647058823529413 0.0058823529411764705 0.7294117647058823 1087.4173995906115 20.417520500308022 175
0.7352941176470589 0.2549019607843137 0.00980392156862745 0.7216494845360825 0.26804123711340205 0.010309278350515464 0.8247422680412371 1065.585207057633 23.886787345447186 102
0.7843137254901961 0.19607843137254902 0.0196078431372549 0.7731958762886598 0.20618556701030927 0.020618556701030927 0.8144329896907216 1053.6019684086014 22.07692950559044 102
0.8294573643410853 0.17054263565891473 0.0 0.8225806451612904 0.1774193548387097 0.0 0.8467741935483871 1030.034437547932 21.996422302517463 129
0.6171875 0.3359375 0.046875 0.6016260162601627 0.34959349593495936 0.04878048780487805 0.8780487804878049 1047.7853727457866 21.403000108616567 128
0.7545454545454545 0.22727272727272727 0.01818181818181818 0.7428571428571429 0.23809523809523808 0.01904761904761905 0.8380952380952381 1057.933175289036 23.967728400386676 110
0.7663551401869159 0.2336448598130841 0.0 0.7549019607843137 0.24509803921568626 0.0 0.803921568627451 1013.5447641546011 23.765621899168956 107
0.8169014084507042 0.18309859154929578 0.0 0.8102189781021898 0.1897810218978102 0.0 0.781021897810219 1087.4559625822292 20.213076220442698 142
0.744 0.248 0.008 0.7333333333333333 0.25833333333333336 0.008333333333333333 0.8416666666666667 1026.350859577472 23.181584510367756 125
0.7974683544303798 0.20253164556962025 0.0 0.7837837837837838 0.21621621621621623 0.0 1.0 1071.519326858134 24.49098996883084 79
0.7731958762886598 0.21649484536082475 0.010309278350515464 0.7608695652173914 0.22826086956521738 0.010869565217391304 1.0 1049.6994240977945 25.11602071471625 97
0.7722772277227723 0.22772277227722773 0.0 0.7604166666666666 0.23958333333333334 0.0 0.7916666666666666 1077.4911303981428 23.000692242750098 101
0.6821705426356589 0.29457364341085274 0.023255813953488372 0.6693548387096774 0.3064516129032258 0.024193548387096774 0.8064516129032258 1067.621530231761 22.968408858763325 129
0.711340206185567 0.27835051546391754 0.010309278350515464 0.6956521739130435 0.29347826086956524 0.010869565217391304 1.0 1079.7744403810616 25.424049046307555 97
0.8571428571428571 0.14285714285714285 0.0 0.8508771929824561 0.14912280701754385 0.0 0.7456140350877193 1087.429871605838 22.271336610804443 119
0.704225352112676 0.29577464788732394 0.0 0.6934306569343066 0.30656934306569344 0.0 0.9124087591240876 1029.4698337543539 20.642219098141542 142
0.8412698412698413 0.15873015873015872 0.0 0.8347107438016529 0.1652892561983471 0.0 0.6776859504132231 991.3981633949262 21.77186341092279 126
0.7961165048543689 0.20388349514563106 0.0 0.7857142857142857 0.21428571428571427 0.0 0.8775510204081632 1083.9420383990155 24.607258198292186 103
0.7966101694915254 0.19491525423728814 0.00847457627118644 0.7876106194690266 0.20353982300884957 0.008849557522123894 0.7345132743362832 1084.311514316142 21.24565688135563 118
0.8311688311688312 0.16883116883116883 0.0 0.8322147651006712 0.16778523489932887 0.0 0.7718120805369127 1087.468670632042 21.49028638032393 154
0.746031746031746 0.25396825396825395 0.0 0.7355371900826446 0.2644628099173554 0.0 0.7603305785123967 1073.3462928065385 21.925025107263515 126
0.751937984496124 0.23255813953488372 0.015503875968992248 0.7419354838709677 0.24193548387096775 0.016129032258064516 1.0 1066.0595682964624 24.644781931306902 129
0.4 0.35333333333333333 0.24666666666666667 0.3793103448275862 0.36551724137931035 0.25517241379310346 0.9862068965517241 1077.8205795225583 21.364895497869227 150
0.5952380952380952 0.3412698412698413 0.06349206349206349 0.5950413223140496 0.34710743801652894 0.05785123966942149 0.6363636363636364 1071.6631889723099 23.684169222038964 126
0.7086614173228346 0.2677165354330709 0.023622047244094488 0.7049180327868853 0.27049180327868855 0.02459016393442623 0.7377049180327869 1081.2550880009542 23.201799871711128 127
0.8125 0.1796875 0.0078125 0.8048780487804879 0.18699186991869918 0.008130081300813009 0.8292682926829268 1061.3541918804947 21.380084875622984 128
0.7699115044247787 0.22123893805309736 0.008849557522123894 0.7592592592592593 0.23148148148148148 0.009259259259259259 0.8518518518518519 1078.9431679517431 23.67780536951384 113
0.8673469387755102 0.1326530612244898 0.0 0.8709677419354839 0.12903225806451613 0.0 0.7526881720430108 1072.8105300174834 21.396665229650395 98
0.75 0.25 0.0 0.7387387387387387 0.26126126126126126 0.0 0.8378378378378378 1069.4484644823997 23.59625572384578 116
0.8514851485148515 0.1485148514851485 0.0 0.84375 0.15625 0.0 0.8333333333333334 1087.003512273963 23.31358147325468 101
0.7326732673267327 0.25742574257425743 0.009900990099009901 0.71875 0.2708333333333333 0.010416666666666666 0.8125 1048.4623353337724 24.100244097557283 101
0.5871559633027523 0.27522935779816515 0.13761467889908258 0.5673076923076923 0.28846153846153844 0.14423076923076922 0.7692307692307693 1072.2670304397689 24.033865562422587 109
0.8592592592592593 0.14074074074074075 0.0 0.8538461538461538 0.14615384615384616 0.0 0.7307692307692307 1083.1230805933883 21.303204270720762 135
0.6904761904761905 0.2857142857142857 0.023809523809523808 0.6776859504132231 0.2975206611570248 0.024793388429752067 0.7933884297520661 1048.0192473911839 23.59865159063871 126
0.8394160583941606 0.16058394160583941 0.0 0.8333333333333334 0.16666666666666666 0.0 0.803030303030303 1080.548455392568 21.55089330194387 137
0.8452380952380952 0.15476190476190477 0.0 0.8466257668711656 0.15337423312883436 0.0 0.6993865030674846 1087.478490962455 19.854936137581554 168
0.5979381443298969 0.32989690721649484 0.07216494845360824 0.5760869565217391 0.34782608695652173 0.07608695652173914 0.967391304347826 1058.7370347912265 23.81597313119405 97
0.8248175182481752 0.17518248175182483 0.0 0.8181818181818182 0.18181818181818182 0.0 0.8409090909090909 1046.5784132763852 21.7373148650526 137
0.8241758241758241 0.17582417582417584 0.0 0.813953488372093 0.18604651162790697 0.0 1.0 1050.0931104470906 25.058800186278972 91
0.8333333333333334 0.16666666666666666 0.0 0.8267716535433071 0.1732283464566929 0.0 0.7244094488188977 1086.3606534530486 22.403276172139588 132
0.8260869565217391 0.17391304347826086 0.0 0.8181818181818182 0.18181818181818182 0.0 0.8181818181818182 1057.502495651247 23.219098846689548 115
0.7739130434782608 0.21739130434782608 0.008695652173913044 0.7636363636363637 0.22727272727272727 0.00909090909090909 0.9454545454545454 1011.0512910962861 22.654253216843795 115
0.6879432624113475 0.2907801418439716 0.02127659574468085 0.6838235294117647 0.29411764705882354 0.022058823529411766 0.8970588235294118 1062.2749122389898 22.923413469788713 141
0.6851851851851852 0.24074074074074073 0.07407407407407407 0.6699029126213593 0.2524271844660194 0.07766990291262135 0.7475728155339806 1053.695957141807 25.13236534938041 108
0.6804123711340206 0.29896907216494845 0.020618556701030927 0.6630434782608695 0.31521739130434784 0.021739130434782608 0.75 1087.437648449425 24.46816906018723 97
0.7105263157894737 0.2719298245614035 0.017543859649122806 0.6972477064220184 0.28440366972477066 0.01834862385321101 1.0 1076.161388912579 23.34379147351952 114
0.7043478260869566 0.28695652173913044 0.008695652173913044 0.6909090909090909 0.3 0.00909090909090909 0.7545454545454545 1071.638943615741 24.460371992398773 115
0.6859504132231405 0.2809917355371901 0.03305785123966942 0.6724137931034483 0.29310344827586204 0.034482758620689655 0.75 1062.7946120591855 21.813267880255474 121
0.7454545454545455 0.21818181818181817 0.03636363636363636 0.7333333333333333 0.22857142857142856 0.0380952380952381 0.8 1076.5408096950832 21.562373745203693 110
0.7954545454545454 0.20454545454545456 0.0 0.7831325301204819 0.21686746987951808 0.0 0.7349397590361446 1046.118401911479 22.831684891048756 88
0.8771929824561403 0.12280701754385964 0.0 0.8715596330275229 0.12844036697247707 0.0 0.7981651376146789 1086.2368937552167 21.801893174301284 114
0.7623762376237624 0.2376237623762376 0.0 0.75 0.25 0.0 0.8541666666666666 1084.7177132119316 21.326060859968667 101
0.864 0.136 0.0 0.8583333333333333 0.14166666666666666 0.0 0.7666666666666667 1083.5338697750954 21.640302959392038 125
0.8762886597938144 0.12371134020618557 0.0 0.8695652173913043 0.13043478260869565 0.0 0.9347826086956522 1046.3758826395622 22.21253540816597 97
0.7840909090909091 0.2159090909090909 0.0 0.7831325301204819 0.21686746987951808 0.0 0.7349397590361446 1079.2276798597895 22.26102286258994 88
0.7551020408163265 0.21428571428571427 0.030612244897959183 0.7419354838709677 0.22580645161290322 0.03225806451612903 0.8172043010752689 1083.232346205872 22.46226836516057 98
0.7555555555555555 0.24444444444444444 0.0 0.7461538461538462 0.25384615384615383 0.0 0.9923076923076923 1001.2012815612484 22.686494035854558 135
0.7543859649122807 0.22807017543859648 0.017543859649122806 0.7431192660550459 0.23853211009174313 0.01834862385321101 0.981651376146789 1085.418116499299 22.244829343014636 114
0.6583333333333333 0.3 0.041666666666666664 0.6434782608695652 0.3130434782608696 0.043478260869565216 0.8260869565217391 1056.3934151303583 21.51260215056897 120
0.8454545454545455 0.15454545454545454 0.0 0.8380952380952381 0.1619047619047619 0.0 0.780952380952381 1049.9017501146045 22.763069697789895 110
0.7722772277227723 0.22772277227722773 0.0 0.7604166666666666 0.23958333333333334 0.0 0.96875 1076.4080680275251 22.39260050807132 101
0.6821705426356589 0.2558139534883721 0.06201550387596899 0.6693548387096774 0.2661290322580645 0.06451612903225806 0.7983870967741935 1085.8390196948112 22.483932643062296 129
0.8160919540229885 0.1724137931034483 0.011494252873563218 0.8048780487804879 0.18292682926829268 0.012195121951219513 0.9878048780487805 1025.814596208995 24.824711092305282 87
0.8454545454545455 0.15454545454545454 0.0 0.8380952380952381 0.1619047619047619 0.0 0.6761904761904762 979.5658099462502 20.10167598219128 110
0.7964601769911505 0.20353982300884957 0.0 0.7870370370370371 0.21296296296296297 0.0 0.6944444444444444 1076.2088970956288 21.97540555903264 113
0.8434782608695652 0.1565217391304348 0.0 0.8363636363636363 0.16363636363636364 0.0 0.7545454545454545 1086.981918778684 22.381278635451164 115
0.7362637362637363 0.26373626373626374 0.0 0.7209302325581395 0.27906976744186046 0.0 0.872093023255814 1070.091907253384 21.75239038927203 91
0.746031746031746 0.25396825396825395 0.0 0.743801652892562 0.256198347107438 0.0 0.7851239669421488 1086.7598507592606 22.112111835908312 126
0.7591240875912408 0.22627737226277372 0.014598540145985401 0.75 0.23484848484848486 0.015151515151515152 0.8712121212121212 1045.9923509323594 23.254625781847572 137
0.7241379310344828 0.27586206896551724 0.0 0.7117117117117117 0.2882882882882883 0.0 0.954954954954955 1061.857401569815 25.063466590105726 116
0.7164179104477612 0.27611940298507465 0.007462686567164179 0.7054263565891473 0.2868217054263566 0.007751937984496124 0.875968992248062 1037.9666117815045 21.602550047029112 134
0.8321678321678322 0.16783216783216784 0.0 0.8333333333333334 0.16666666666666666 0.0 0.8043478260869565 1079.2990072350017 21.694017402483716 143
0.7727272727272727 0.22727272727272727 0.0 0.7637795275590551 0.23622047244094488 0.0 0.8031496062992126 1074.0757994952344 21.34589476052509 132
0.8098591549295775 0.19014084507042253 0.0 0.8029197080291971 0.19708029197080293 0.0 0.8978102189781022 1065.351349052761 22.641669566394008 142
0.7722772277227723 0.22772277227722773 0.0 0.7604166666666666 0.23958333333333334 0.0 0.84375 1066.1093609434463 23.174180011954867 101
0.7956989247311828 0.20430107526881722 0.0 0.7840909090909091 0.2159090909090909 0.0 0.9659090909090909 975.0767264595266 22.611943945302194 93
0.7422680412371134 0.2268041237113402 0.030927835051546393 0.7391304347826086 0.22826086956521738 0.03260869565217391 0.8152173913043478 1001.8795210030919 21.83743025268891 97
0.7803030303030303 0.2196969696969697 0.0 0.7716535433070866 0.2283464566929134 0.0 0.7401574803149606 1087.2942020117555 21.605253444348623 132
0.7872340425531915 0.2127659574468085 0.0 0.7752808988764045 0.2247191011235955 0.0 1.0 1071.7598702136982 24.637962447065682 94
0.782608695652174 0.20869565217391303 0.008695652173913044 0.7727272727272727 0.21818181818181817 0.00909090909090909 0.8 1035.602662340042 21.74059019998322 115
0.8396946564885496 0.16030534351145037 0.0 0.8333333333333334 0.16666666666666666 0.0 0.6746031746031746 1087.4108501411124 20.47196572805063 131
0.7578125 0.2421875 0.0 0.7479674796747967 0.25203252032520324 0.0 0.7398373983739838 1053.5693924354505 21.55509648976566 128
0.7603305785123967 0.23140495867768596 0.008264462809917356 0.75 0.2413793103448276 0.008620689655172414 0.5862068965517241 1087.4196207415353 22.191308362491643 121
0.6981132075471698 0.2641509433962264 0.03773584905660377 0.6831683168316832 0.27722772277227725 0.039603960396039604 0.9405940594059405 1084.599137467099 22.486255355817153 106
0.7815126050420168 0.2184873949579832 0.0 0.7807017543859649 0.21929824561403508 0.0 0.8333333333333334 1080.802572932997 21.324275786666266 119
0.7835051546391752 0.20618556701030927 0.010309278350515464 0.7717391304347826 0.21739130434782608 0.010869565217391304 0.7282608695652174 1065.786458416578 25.715971383720873 97
0.8163265306122449 0.1836734693877551 0.0 0.8064516129032258 0.1935483870967742 0.0 0.7096774193548387 1086.9056754666974 21.704073844916035 98
0.6517857142857143 0.33035714285714285 0.017857142857142856 0.6355140186915887 0.34579439252336447 0.018691588785046728 1.0 1085.9786301302393 24.98271446958884 112
0.8666666666666667 0.13333333333333333 0.0 0.86 0.14 0.0 0.72 1058.8419941192915 20.674601930121305 105
0.8476190476190476 0.1523809523809524 0.0 0.85 0.15 0.0 0.62 1087.2697824465213 21.13459141383009 105
0.7468354430379747 0.24050632911392406 0.012658227848101266 0.7297297297297297 0.25675675675675674 0.013513513513513514 0.8378378378378378 1077.0811031207973 24.38701962575773 79
0.8130841121495327 0.18691588785046728 0.0 0.803921568627451 0.19607843137254902 0.0 0.803921568627451 1063.3251818149479 23.43719237462612 107
0.7446808510638298 0.2553191489361702 0.0 0.7303370786516854 0.2696629213483146 0.0 0.9213483146067416 1065.4751539106853 25.031388674455567 94
0.8141592920353983 0.18584070796460178 0.0 0.8055555555555556 0.19444444444444445 0.0 0.7592592592592593 1085.684871916411 22.861857162273374 113
0.7314814814814815 0.24074074074074073 0.027777777777777776 0.7281553398058253 0.24271844660194175 0.02912621359223301 0.8349514563106796 1009.0419512489448 24.010733852621595 108
0.8043478260869565 0.1956521739130435 0.0 0.7969924812030075 0.20300751879699247 0.0 0.7669172932330827 1087.3467480443487 20.721936737610893 138
0.7096774193548387 0.25806451612903225 0.03225806451612903 0.6974789915966386 0.2689075630252101 0.03361344537815126 0.8739495798319328 1079.6257869849487 22.170344413001278 124
0.6307692307692307 0.35384615384615387 0.015384615384615385 0.616 0.368 0.016 1.0 1076.9426988101336 21.905675476616704 130
0.8648648648648649 0.13513513513513514 0.0 0.8584905660377359 0.14150943396226415 0.0 0.839622641509434 1044.0793082985972 21.766203252599688 111
0.75 0.25 0.0 0.7362637362637363 0.26373626373626374 0.0 0.9120879120879121 1008.7032236721872 22.265842602050203 96
0.7983193277310925 0.19327731092436976 0.008403361344537815 0.7894736842105263 0.20175438596491227 0.008771929824561403 0.8070175438596491 1081.110961537715 22.113380430882682 119
0.717948717948718 0.2564102564102564 0.02564102564102564 0.7053571428571429 0.26785714285714285 0.026785714285714284 0.9642857142857143 1023.9095228602341 22.624876779156516 117
0.8018867924528302 0.18867924528301888 0.009433962264150943 0.7920792079207921 0.19801980198019803 0.009900990099009901 0.7227722772277227 1073.0458975442689 22.7938713821223 106
0.8235294117647058 0.17647058823529413 0.0 0.8247422680412371 0.17525773195876287 0.0 0.7835051546391752 1017.7851398245995 21.935927092485578 102
0.7711864406779662 0.22033898305084745 0.00847457627118644 0.7610619469026548 0.23008849557522124 0.008849557522123894 0.8053097345132744 1066.6960194401074 23.919726020872368 118
0.71 0.26 0.03 0.6947368421052632 0.2736842105263158 0.031578947368421054 0.8842105263157894 1035.427233437686 23.40812752718112 100
0.7798165137614679 0.2018348623853211 0.01834862385321101 0.7692307692307693 0.21153846153846154 0.019230769230769232 0.7980769230769231 1075.0805306403593 23.829136685996268 109
0.8076923076923077 0.18461538461538463 0.007692307692307693 0.8 0.192 0.008 0.784 1073.5743632340377 23.47988106044952 130
0.7818181818181819 0.20909090909090908 0.00909090909090909 0.7714285714285715 0.21904761904761905 0.009523809523809525 0.9238095238095239 976.5919280390939 23.376312225934605 110
0.8442622950819673 0.1557377049180328 0.0 0.8376068376068376 0.1623931623931624 0.0 0.6923076923076923 1060.4236338527753 21.05066980175125 122
0.8131868131868132 0.18681318681318682 0.0 0.8023255813953488 0.19767441860465115 0.0 0.872093023255814 1036.871154165788 26.420802812764812 91
0.638095238095238 0.3047619047619048 0.05714285714285714 0.62 0.32 0.06 0.94 1044.2920688929955 24.050931055139557 105
0.7913043478260869 0.20869565217391303 0.0 0.7818181818181819 0.21818181818181817 0.0 0.8 1065.8039783520514 21.84216228191138 115
0.651685393258427 0.2808988764044944 0.06741573033707865 0.6309523809523809 0.2976190476190476 0.07142857142857142 0.6428571428571429 1074.2256654456294 24.382167413670302 89
0.7391304347826086 0.2608695652173913 0.0 0.7272727272727273 0.2727272727272727 0.0 0.9 1034.8581649835692 22.814414718901777 115
0.8195488721804511 0.17293233082706766 0.007518796992481203 0.8125 0.1796875 0.0078125 0.828125 1043.9246479106896 21.492398479928738 133
0.8666666666666667 0.13333333333333333 0.0 0.8608695652173913 0.1391304347826087 0.0 0.7652173913043478 1086.1149325843971 21.61149674132496 120
0.8736842105263158 0.12631578947368421 0.0 0.8666666666666667 0.13333333333333333 0.0 0.6111111111111112 1087.2381476426776 21.00838118976813 95
0.8203125 0.1796875 0.0 0.8130081300813008 0.18699186991869918 0.0 0.7967479674796748 1036.1100049610827 21.861690817670002 128
0.8095238095238095 0.19047619047619047 0.0 0.7974683544303798 0.20253164556962025 0.0 0.9620253164556962 1053.3875170281524 24.279876674018027 84
0.7443609022556391 0.2556390977443609 0.0 0.734375 0.265625 0.0 0.625 1086.1268479381326 20.346047415184486 133
0.7225806451612903 0.2645161290322581 0.012903225806451613 0.7266666666666667 0.26 0.013333333333333334 0.7266666666666667 1087.4705567655246 20.458002476193965 155
0.6363636363636364 0.32575757575757575 0.03787878787878788 0.6220472440944882 0.33858267716535434 0.03937007874015748 0.8188976377952756 1087.232300691056 21.943777200878614 132
0.7157894736842105 0.2736842105263158 0.010526315789473684 0.7111111111111111 0.2777777777777778 0.011111111111111112 0.9333333333333333 1004.5295275045466 24.60833235445403 95
0.6952380952380952 0.2857142857142857 0.01904761904761905 0.68 0.3 0.02 0.71 1064.1454121137238 22.552708731135834 105
0.6842105263157895 0.2982456140350877 0.017543859649122806 0.6697247706422018 0.3119266055045872 0.01834862385321101 0.9174311926605505 1056.8977661925944 23.988889843429966 114
0.7278911564625851 0.23129251700680273 0.04081632653061224 0.7183098591549296 0.23943661971830985 0.04225352112676056 0.7887323943661971 925.6848317755481 19.760883809298203 147
0.8700564971751412 0.12994350282485875 0.0 0.872093023255814 0.12790697674418605 0.0 0.7790697674418605 1087.3517574742666 19.854495334534366 177
0.8487394957983193 0.15126050420168066 0.0 0.8508771929824561 0.14912280701754385 0.0 0.6754385964912281 1080.0044979780507 21.164445711702903 119
0.7682119205298014 0.23178807947019867 0.0 0.7602739726027398 0.23972602739726026 0.0 0.815068493150685 1046.0920068102228 21.774236282314902 151
0.5825242718446602 0.2815533980582524 0.13592233009708737 0.5612244897959183 0.29591836734693877 0.14285714285714285 0.9081632653061225 1085.7433247444776 23.158885932967838 103
0.7192982456140351 0.2631578947368421 0.017543859649122806 0.7064220183486238 0.27522935779816515 0.01834862385321101 0.6605504587155964 1087.4605825483839 20.845554960414336 114
0.7722772277227723 0.21782178217821782 0.009900990099009901 0.7604166666666666 0.22916666666666666 0.010416666666666666 0.8541666666666666 941.0416122933606 22.841834479223994 101
0.8275862068965517 0.16091954022988506 0.011494252873563218 0.8170731707317073 0.17073170731707318 0.012195121951219513 0.7926829268292683 1025.7609956420401 23.55526604195008 87
0.8089887640449438 0.19101123595505617 0.0 0.7976190476190477 0.20238095238095238 0.0 0.9761904761904762 1006.0460008680757 22.495933466999045 89
0.7565217391304347 0.24347826086956523 0.0 0.7454545454545455 0.2545454545454545 0.0 0.9636363636363636 1084.2258571142397 23.487081342302993 115
0.7661290322580645 0.21774193548387097 0.016129032258064516 0.7563025210084033 0.226890756302521 0.01680672268907563 0.9411764705882353 1056.3185117159517 22.092058520806454 124
0.7318840579710145 0.26811594202898553 0.0 0.7218045112781954 0.2781954887218045 0.0 0.6390977443609023 1053.978054137573 20.838842453653687 138
0.8252427184466019 0.17475728155339806 0.0 0.8163265306122449 0.1836734693877551 0.0 0.7959183673469388 1087.4227272557173 20.61561017948736 103
0.7663551401869159 0.21495327102803738 0.018691588785046728 0.7549019607843137 0.22549019607843138 0.0196078431372549 0.7549019607843137 1067.050503521365 24.82872109152484 107
0.8387096774193549 0.16129032258064516 0.0 0.8403361344537815 0.15966386554621848 0.0 0.7226890756302521 1079.4981967368612 20.856721137050457 124
0.7156862745098039 0.28431372549019607 0.0 0.7010309278350515 0.29896907216494845 0.0 0.8144329896907216 1069.1670043200304 23.343568700592783 102
0.8085106382978723 0.19148936170212766 0.0 0.797752808988764 0.20224719101123595 0.0 0.8089887640449438 1080.5793324013175 23.541115709518326 94
0.8897058823529411 0.11029411764705882 0.0 0.8854961832061069 0.11450381679389313 0.0 0.6793893129770993 1063.7946858884363 20.267700789606103 136
0.8488372093023255 0.1511627906976744 0.0 0.8395061728395061 0.16049382716049382 0.0 0.8024691358024691 1039.24145140644 23.063895207220675 86
0.8294573643410853 0.17054263565891473 0.0 0.8225806451612904 0.1774193548387097 0.0 0.7903225806451613 1084.8704968949971 22.499442872556305 129
0.7346938775510204 0.2653061224489796 0.0 0.7311827956989247 0.26881720430107525 0.0 0.7419354838709677 1074.7826279706223 23.813074429223022 98
0.7592592592592593 0.24074074074074073 0.0 0.7475728155339806 0.2524271844660194 0.0 0.7087378640776699 1087.4612481240315 21.819603388038118 108
0.71875 0.265625 0.015625 0.7154471544715447 0.2682926829268293 0.016260162601626018 0.7804878048780488 1061.4209750419468 22.298903816063664 128
0.4661016949152542 0.4322033898305085 0.1016949152542373 0.4424778761061947 0.45132743362831856 0.10619469026548672 0.9911504424778761 1081.689951775187 22.535155290164298 118
0.8525641025641025 0.14743589743589744 0.0 0.847682119205298 0.152317880794702 0.0 0.847682119205298 1067.0278050577351 21.227643261954388 156
0.7796610169491526 0.211864406779661 0.00847457627118644 0.7699115044247787 0.22123893805309736 0.008849557522123894 0.7256637168141593 1087.3833892124924 20.48682821298974 118
0.8151260504201681 0.17647058823529413 0.008403361344537815 0.8070175438596491 0.18421052631578946 0.008771929824561403 0.9824561403508771 1054.0592158936452 22.417193979917137 119
0.8151260504201681 0.18487394957983194 0.0 0.8157894736842105 0.18421052631578946 0.0 0.8859649122807017 1058.5627402472305 22.849398286959627 119
0.6565656565656566 0.3434343434343434 0.0 0.6382978723404256 0.3617021276595745 0.0 0.9574468085106383 1078.3280764064289 24.87650376644386 99
0.8467741935483871 0.1532258064516129 0.0 0.8487394957983193 0.15126050420168066 0.0 0.8403361344537815 1086.2604898211234 22.06701097819859 124
0.841726618705036 0.15827338129496402 0.0 0.835820895522388 0.16417910447761194 0.0 0.8283582089552238 1063.5942971491243 21.905648711359998 139
0.8023255813953488 0.19767441860465115 0.0 0.7901234567901234 0.20987654320987653 0.0 0.654320987654321 1083.8197938865085 21.89353536289334 86
0.8703703703703703 0.12962962962962962 0.0 0.8640776699029126 0.13592233009708737 0.0 0.7864077669902912 1068.6949879353108 22.45990721052203 108
0.6909090909090909 0.2818181818181818 0.02727272727272727 0.6761904761904762 0.29523809523809524 0.02857142857142857 0.8952380952380953 1081.2983727255144 22.002514530225216 110
0.8092105263157895 0.19078947368421054 0.0 0.8027210884353742 0.19727891156462585 0.0 0.7619047619047619 1087.430105732094 21.02587983470077 152
0.824 0.168 0.008 0.8166666666666667 0.175 0.008333333333333333 0.8 1002.2079506322779 22.80952444961434 125
0.8024691358024691 0.19753086419753085 0.0 0.7894736842105263 0.21052631578947367 0.0 0.9605263157894737 1030.8887328413696 24.791501277480283 81
0.7606837606837606 0.23076923076923078 0.008547008547008548 0.75 0.24107142857142858 0.008928571428571428 0.9910714285714286 1044.527798195107 23.104989305325134 117
0.7984496124031008 0.20155038759689922 0.0 0.7903225806451613 0.20967741935483872 0.0 0.7661290322580645 1079.8255275417591 20.317055546117977 129
0.6829268292682927 0.2804878048780488 0.036585365853658534 0.6623376623376623 0.2987012987012987 0.03896103896103896 0.8311688311688312 1048.7076796673043 25.48963891009745 82
0.6693548387096774 0.2661290322580645 0.06451612903225806 0.6554621848739496 0.2773109243697479 0.06722689075630252 0.7815126050420168 1001.6249259815819 22.995244604746862 124
0.8823529411764706 0.11764705882352941 0.0 0.8787878787878788 0.12121212121212122 0.0 0.7757575757575758 1039.1604783712169 19.45878918828948 170
0.7843137254901961 0.19607843137254902 0.0196078431372549 0.7731958762886598 0.20618556701030927 0.020618556701030927 0.7216494845360825 1032.6038778709449 25.922572733265376 102
0.7197452229299363 0.267515923566879 0.012738853503184714 0.7105263157894737 0.27631578947368424 0.013157894736842105 0.6578947368421053 989.9578305895435 20.741862705433277 157
0.7676767676767676 0.23232323232323232 0.0 0.7553191489361702 0.24468085106382978 0.0 0.9680851063829787 1014.6949988154236 23.332006899582286 99
0.8493150684931506 0.1506849315068493 0.0 0.851063829787234 0.14893617021276595 0.0 0.6737588652482269 1081.4867996517132 20.177449098728022 146
0.7818181818181819 0.21818181818181817 0.0 0.7714285714285715 0.22857142857142856 0.0 0.9904761904761905 1043.7587796272917 23.569125377427024 110
0.7142857142857143 0.22448979591836735 0.061224489795918366 0.6989247311827957 0.23655913978494625 0.06451612903225806 0.8817204301075269 1037.6858394148908 23.953412611276534 98
0.7281553398058253 0.2524271844660194 0.019417475728155338 0.7142857142857143 0.2653061224489796 0.02040816326530612 0.7959183673469388 1087.0698211116169 23.880767959556874 103
0.8085106382978723 0.19148936170212766 0.0 0.797752808988764 0.20224719101123595 0.0 0.7415730337078652 1049.0949627034142 21.612600134480573 94
0.7739130434782608 0.22608695652173913 0.0 0.7636363636363637 0.23636363636363636 0.0 0.7636363636363637 1086.4648121856135 20.603427433676952 115
0.7719298245614035 0.21929824561403508 0.008771929824561403 0.7614678899082569 0.22935779816513763 0.009174311926605505 1.0 1059.5383677570196 22.471762255974234 114
0.8333333333333334 0.16666666666666666 0.0 0.8247422680412371 0.17525773195876287 0.0 0.7422680412371134 1086.8963545467968 22.78716519790308 102
0.7368421052631579 0.2631578947368421 0.0 0.7222222222222222 0.2777777777777778 0.0 0.9333333333333333 1052.35745894829 22.467588044874383 95
0.8159509202453987 0.18404907975460122 0.0 0.810126582278481 0.189873417721519 0.0 0.689873417721519 1087.4683283260326 20.447432336184136 163
0.6413793103448275 0.3103448275862069 0.04827586206896552 0.6285714285714286 0.32142857142857145 0.05 0.7071428571428572 1076.225567055748 21.24287570151245 145
0.8289473684210527 0.15789473684210525 0.013157894736842105 0.8169014084507042 0.16901408450704225 0.014084507042253521 1.0 1003.1588547448516 24.20081688745348 76
0.8796992481203008 0.12030075187969924 0.0 0.875 0.125 0.0 0.7265625 1080.5229707318424 20.949747652123396 133
0.8320610687022901 0.16030534351145037 0.007633587786259542 0.8253968253968254 0.16666666666666666 0.007936507936507936 0.6825396825396826 1060.823357934952 19.285279915772662 131
0.8396946564885496 0.16030534351145037 0.0 0.8333333333333334 0.16666666666666666 0.0 0.7619047619047619 1083.106388603135 21.993150801048 131
0.8141592920353983 0.17699115044247787 0.008849557522123894 0.8055555555555556 0.18518518518518517 0.009259259259259259 0.6944444444444444 1007.0721844746921 20.557912170877746 113
0.7474747474747475 0.25252525252525254 0.0 0.7340425531914894 0.26595744680851063 0.0 0.6702127659574468 1087.4041652432534 21.85453739528967 99
0.7815126050420168 0.2184873949579832 0.0 0.7719298245614035 0.22807017543859648 0.0 0.6578947368421053 1036.1279340424162 22.161945584698834 119
0.5798319327731093 0.3445378151260504 0.07563025210084033 0.5614035087719298 0.35964912280701755 0.07894736842105263 0.6491228070175439 1043.8702986584856 22.87245682672447 119
0.8165137614678899 0.1834862385321101 0.0 0.8173076923076923 0.18269230769230768 0.0 0.8653846153846154 1016.7417869314559 23.62638587403686 109
0.8067226890756303 0.19327731092436976 0.0 0.8070175438596491 0.19298245614035087 0.0 0.8070175438596491 1087.3506189505881 21.862766134426863 119
0.8105263157894737 0.18947368421052632 0.0 0.8 0.2 0.0 0.8222222222222222 1025.9373773332961 22.944197922240733 95
0.8833333333333333 0.11666666666666667 0.0 0.8782608695652174 0.12173913043478261 0.0 0.7391304347826086 1087.0848331450882 20.81145919824985 120
0.8524590163934426 0.14754098360655737 0.0 0.8461538461538461 0.15384615384615385 0.0 0.6495726495726496 1070.3223968076745 21.611519032521883 122
0.7314814814814815 0.26851851851851855 0.0 0.7281553398058253 0.27184466019417475 0.0 0.7378640776699029 1064.9243537850355 24.3212831333035 108
0.860655737704918 0.13934426229508196 0.0 0.8547008547008547 0.1452991452991453 0.0 0.7606837606837606 1068.4108792628972 22.400084513723588 122
0.8207547169811321 0.1792452830188679 0.0 0.8118811881188119 0.18811881188118812 0.0 0.6732673267326733 1030.5291805119502 22.477427483717396 106
0.8037383177570093 0.19626168224299065 0.0 0.7941176470588235 0.20588235294117646 0.0 0.8137254901960784 1087.4270046764263 23.65229433757353 107
0.6666666666666666 0.30701754385964913 0.02631578947368421 0.6513761467889908 0.3211009174311927 0.027522935779816515 0.8990825688073395 1045.8622104025849 22.79512764893855 114
0.7037037037037037 0.25925925925925924 0.037037037037037035 0.6893203883495146 0.27184466019417475 0.038834951456310676 0.9611650485436893 974.0357857636964 23.73206746201137 108
0.7565217391304347 0.22608695652173913 0.017391304347826087 0.7454545454545455 0.23636363636363636 0.01818181818181818 0.8636363636363636 1038.1403142922063 22.36157067730302 115
0.8297872340425532 0.15602836879432624 0.014184397163120567 0.8235294117647058 0.16176470588235295 0.014705882352941176 0.7941176470588235 1033.543708893664 20.30809567462387 141
0.822429906542056 0.17757009345794392 0.0 0.8137254901960784 0.18627450980392157 0.0 0.7941176470588235 1066.3978529892738 24.91702321488502 107
0.8455882352941176 0.15441176470588236 0.0 0.8396946564885496 0.16030534351145037 0.0 0.8702290076335878 1067.9275776765242 20.54769644720345 136
0.826530612244898 0.16326530612244897 0.01020408163265306 0.8172043010752689 0.17204301075268819 0.010752688172043012 0.8279569892473119 1037.0678827412228 23.13990000569618 98
0.8811881188118812 0.1188118811881188 0.0 0.875 0.125 0.0 0.6354166666666666 1005.2140948999578 22.360239498679412 101
0.75 0.25 0.0 0.7378640776699029 0.2621359223300971 0.0 0.7864077669902912 1084.4188997510382 24.74641640566831 108
0.7659574468085106 0.22695035460992907 0.0070921985815602835 0.7573529411764706 0.23529411764705882 0.007352941176470588 0.7867647058823529 1056.2496707544233 21.140557383375608 141
0.6737588652482269 0.2765957446808511 0.04964539007092199 0.6617647058823529 0.2867647058823529 0.051470588235294115 0.6764705882352942 1087.2120188033018 21.063717675790794 141
0.8151260504201681 0.18487394957983194 0.0 0.8070175438596491 0.19298245614035087 0.0 0.9122807017543859 1014.0566182859574 21.84127746436995 119
0.7741935483870968 0.20430107526881722 0.021505376344086023 0.7613636363636364 0.2159090909090909 0.022727272727272728 0.8977272727272727 1057.2238278616671 24.731166304846976 93
0.8058252427184466 0.1941747572815534 0.0 0.7959183673469388 0.20408163265306123 0.0 0.8877551020408163 1039.115845106766 21.983905021610298 103
0.8395061728395061 0.16049382716049382 0.0 0.8289473684210527 0.17105263157894737 0.0 0.8947368421052632 1076.9387264632078 25.542438718601215 81
0.7769784172661871 0.22302158273381295 0.0 0.7686567164179104 0.23134328358208955 0.0 0.8432835820895522 1076.938811042859 22.48788418592857 139
0.7936507936507936 0.1984126984126984 0.007936507936507936 0.7851239669421488 0.2066115702479339 0.008264462809917356 0.7768595041322314 1074.3423684970428 23.123594235130305 126
0.7903225806451613 0.20967741935483872 0.0 0.7815126050420168 0.2184873949579832 0.0 0.7058823529411765 1087.2822264930353 21.286554829180755 124
0.7096774193548387 0.28225806451612906 0.008064516129032258 0.6974789915966386 0.29411764705882354 0.008403361344537815 0.7983193277310925 1059.097222073919 22.943211636536912 124
0.7560975609756098 0.23170731707317074 0.012195121951219513 0.7402597402597403 0.24675324675324675 0.012987012987012988 0.8181818181818182 1025.9452110136938 25.192798036692505 82
0.8272727272727273 0.17272727272727273 0.0 0.819047619047619 0.18095238095238095 0.0 0.7333333333333333 1083.5977134815414 20.663764831641974 110
0.8837209302325582 0.11627906976744186 0.0 0.8765432098765432 0.12345679012345678 0.0 0.9629629629629629 1039.996607335531 22.850966497943276 86
0.8365384615384616 0.16346153846153846 0.0 0.8383838383838383 0.16161616161616163 0.0 0.7878787878787878 1082.2598000674163 24.563696047366427 104
0.8387096774193549 0.16129032258064516 0.0 0.8333333333333334 0.16666666666666666 0.0 0.8 1086.7839023184213 21.093678776728318 155
0.6880733944954128 0.3119266055045872 0.0 0.6730769230769231 0.3269230769230769 0.0 0.7884615384615384 1066.599706654211 23.23783341249827 109
0.8351648351648352 0.16483516483516483 0.0 0.8255813953488372 0.1744186046511628 0.0 0.6976744186046512 1060.4083668291605 21.531981726469308 91
0.7807017543859649 0.21929824561403508 0.0 0.7798165137614679 0.22018348623853212 0.0 0.7614678899082569 1087.1771855444508 21.696864695466516 114
0.7753623188405797 0.21739130434782608 0.007246376811594203 0.7669172932330827 0.22556390977443608 0.007518796992481203 0.6766917293233082 1087.4383898352373 21.728213996299583 138
0.8091603053435115 0.17557251908396945 0.015267175572519083 0.8015873015873016 0.18253968253968253 0.015873015873015872 0.8015873015873016 1008.0579938364986 22.31643307423228 131
0.5059523809523809 0.35714285714285715 0.13690476190476192 0.49079754601226994 0.36809815950920244 0.1411042944785276 0.7484662576687117 1024.0103819326423 19.179444727603123 168
0.831858407079646 0.1592920353982301 0.008849557522123894 0.8240740740740741 0.16666666666666666 0.009259259259259259 0.7407407407407407 1087.1676556267846 22.781107129628495 113
0.776595744680851 0.22340425531914893 0.0 0.7640449438202247 0.23595505617977527 0.0 0.898876404494382 880.2645797717729 22.196787716274414 94
0.7959183673469388 0.20408163265306123 0.0 0.7849462365591398 0.21505376344086022 0.0 0.9354838709677419 1053.1485854073567 23.15730683843707 98
0.8070175438596491 0.19298245614035087 0.0 0.8073394495412844 0.1926605504587156 0.0 0.7798165137614679 1073.8715636030904 21.881058006416033 114
0.8157894736842105 0.18421052631578946 0.0 0.8073394495412844 0.1926605504587156 0.0 0.8440366972477065 1087.4047764900376 21.933632034515043 114
0.7614678899082569 0.22935779816513763 0.009174311926605505 0.75 0.2403846153846154 0.009615384615384616 0.7307692307692307 1068.571005797273 23.03477195062898 109
0.6850393700787402 0.30708661417322836 0.007874015748031496 0.6721311475409836 0.319672131147541 0.00819672131147541 0.6721311475409836 1060.295768435674 22.55745699044867 127
0.7708333333333334 0.2222222222222222 0.006944444444444444 0.7697841726618705 0.22302158273381295 0.007194244604316547 0.7841726618705036 1006.3022238568509 21.1153247519031 144
0.680327868852459 0.28688524590163933 0.03278688524590164 0.6666666666666666 0.29914529914529914 0.03418803418803419 0.9914529914529915 1045.3245274922738 24.10199249584844 122
0.7651515151515151 0.23484848484848486 0.0 0.7637795275590551 0.23622047244094488 0.0 0.7952755905511811 1035.8939210978522 22.141909875129013 132
0.8309859154929577 0.16901408450704225 0.0 0.8248175182481752 0.17518248175182483 0.0 0.7956204379562044 1087.4798321687422 21.333479074278454 142
0.8 0.2 0.0 0.7904761904761904 0.20952380952380953 0.0 0.6285714285714286 1086.5827094980752 19.929314512662707 110
0.7954545454545454 0.20454545454545456 0.0 0.7951807228915663 0.20481927710843373 0.0 0.6506024096385542 1046.6801564429165 21.733520091524216 88
0.8787878787878788 0.12121212121212122 0.0 0.8740157480314961 0.12598425196850394 0.0 0.7086614173228346 1058.5580651543505 21.302593870804255 132
0.6822429906542056 0.2897196261682243 0.028037383177570093 0.6666666666666666 0.30392156862745096 0.029411764705882353 0.8333333333333334 1087.1600421489607 23.836444972944438 107
0.6869565217391305 0.3130434782608696 0.0 0.6727272727272727 0.32727272727272727 0.0 0.7454545454545455 1087.351055681865 23.03793662591373 115
0.7456140350877193 0.23684210526315788 0.017543859649122806 0.7431192660550459 0.23853211009174313 0.01834862385321101 0.8715596330275229 1072.2282667803256 23.437117654230914 114
0.8015267175572519 0.1984732824427481 0.0 0.8015873015873016 0.1984126984126984 0.0 0.7380952380952381 1087.350940047653 22.322645275241193 131
0.7279411764705882 0.27205882352941174 0.0 0.7175572519083969 0.2824427480916031 0.0 0.7709923664122137 1078.7795613450005 21.43713238290892 136
0.6492537313432836 0.3208955223880597 0.029850746268656716 0.6356589147286822 0.3333333333333333 0.031007751937984496 0.9922480620155039 926.7157396431994 22.103655180717283 134
0.813953488372093 0.18604651162790697 0.0 0.8064516129032258 0.1935483870967742 0.0 0.6290322580645161 1087.3631321736336 20.46914341597266 129
0.8245614035087719 0.17543859649122806 0.0 0.8165137614678899 0.1834862385321101 0.0 0.8532110091743119 1014.7611828834397 22.252654010568268 114
0.8727272727272727 0.12727272727272726 0.0 0.8666666666666667 0.13333333333333333 0.0 0.8571428571428571 1038.3024831543369 22.667680252941867 110
0.7238095238095238 0.22857142857142856 0.047619047619047616 0.71 0.24 0.05 0.91 1069.8073474989105 23.561797256578842 105
0.8043478260869565 0.17391304347826086 0.021739130434782608 0.7969924812030075 0.18045112781954886 0.022556390977443608 0.8571428571428571 1072.8985111374038 21.442565963120504 138
0.7627118644067796 0.2288135593220339 0.00847457627118644 0.7610619469026548 0.23008849557522124 0.008849557522123894 0.7522123893805309 1085.454375568452 22.66152147378245 118
0.7641509433962265 0.2358490566037736 0.0 0.7524752475247525 0.24752475247524752 0.0 0.9603960396039604 1028.0651782413806 24.696722478847583 106
0.7619047619047619 0.23129251700680273 0.006802721088435374 0.7535211267605634 0.23943661971830985 0.007042253521126761 0.7253521126760564 1087.4744855134957 20.45149302357296 147
0.7739130434782608 0.20869565217391303 0.017391304347826087 0.7636363636363637 0.21818181818181817 0.01818181818181818 0.7090909090909091 1087.3869544002928 22.82021136520781 115
0.8253968253968254 0.16666666666666666 0.007936507936507936 0.8181818181818182 0.17355371900826447 0.008264462809917356 0.7520661157024794 1087.2216642431251 22.02614397005288 126
0.7459016393442623 0.2540983606557377 0.0 0.7350427350427351 0.26495726495726496 0.0 0.7948717948717948 1077.6296971508768 21.113135982590034 122
0.765625 0.234375 0.0 0.7560975609756098 0.24390243902439024 0.0 0.967479674796748 1066.9150338513182 21.966020439060777 128
0.7592592592592593 0.24074074074074073 0.0 0.7475728155339806 0.2524271844660194 0.0 0.6116504854368932 1076.5526258313507 21.92347882448284 108
0.7378640776699029 0.23300970873786409 0.02912621359223301 0.7244897959183674 0.24489795918367346 0.030612244897959183 1.0 998.8580839226729 23.083158577999168 103
0.7523809523809524 0.24761904761904763 0.0 0.74 0.26 0.0 0.99 1041.1711800464334 23.003602115334647 105
0.8018867924528302 0.19811320754716982 0.0 0.7920792079207921 0.2079207920792079 0.0 0.8613861386138614 1085.8656600930253 24.247713002822426 106
0.5447761194029851 0.35074626865671643 0.1044776119402985 0.5271317829457365 0.3643410852713178 0.10852713178294573 0.8527131782945736 1033.4055194904022 21.027519508360115 134
0.635593220338983 0.3220338983050847 0.0423728813559322 0.6194690265486725 0.336283185840708 0.04424778761061947 0.9734513274336283 1038.0437753395242 22.009011705263912 118
0.7130434782608696 0.26956521739130435 0.017391304347826087 0.7 0.2818181818181818 0.01818181818181818 0.6363636363636364 975.0538335389791 21.263853020579027 115
0.8 0.2 0.0 0.792 0.208 0.0 0.704 1087.4178051642268 21.882582892141176 130
0.7555555555555555 0.23703703703703705 0.007407407407407408 0.7461538461538462 0.24615384615384617 0.007692307692307693 0.7538461538461538 1063.665891798738 21.023307778707107 135
0.7669902912621359 0.21359223300970873 0.019417475728155338 0.7551020408163265 0.22448979591836735 0.02040816326530612 0.8877551020408163 1009.89385887982 23.031920280413686 103
0.7931034482758621 0.20689655172413793 0.0 0.7804878048780488 0.21951219512195122 0.0 0.9634146341463414 1012.9944246820559 26.45783278676092 87
0.7709923664122137 0.22900763358778625 0.0 0.7619047619047619 0.23809523809523808 0.0 0.7777777777777778 1087.4457481817826 20.55472270328502 131
0.8308823529411765 0.16911764705882354 0.0 0.8244274809160306 0.17557251908396945 0.0 0.8854961832061069 1069.3911417785257 21.432049973388434 136
0.8315789473684211 0.14736842105263157 0.021052631578947368 0.8222222222222222 0.15555555555555556 0.022222222222222223 0.9222222222222223 1065.8623309791246 25.574361267692186 95
0.8666666666666667 0.1259259259259259 0.007407407407407408 0.8692307692307693 0.12307692307692308 0.007692307692307693 0.8 1063.7004088257775 20.992413314040803 135
0.7459016393442623 0.2540983606557377 0.0 0.7350427350427351 0.26495726495726496 0.0 0.8290598290598291 1056.723889986101 21.76004648010847 122
0.7962962962962963 0.19444444444444445 0.009259259259259259 0.7961165048543689 0.1941747572815534 0.009708737864077669 0.7864077669902912 1086.9933156282812 24.252627134014826 108
0.7682119205298014 0.2251655629139073 0.006622516556291391 0.7671232876712328 0.22602739726027396 0.00684931506849315 0.8082191780821918 1087.3464743641064 21.574575072074424 151
0.8380952380952381 0.1619047619047619 0.0 0.83 0.17 0.0 0.95 1066.7425934102196 24.202147373141983 105
0.8046875 0.1953125 0.0 0.8048780487804879 0.1951219512195122 0.0 0.7886178861788617 1070.220786052082 21.74459101915268 128
0.7017543859649122 0.2719298245614035 0.02631578947368421 0.6972477064220184 0.27522935779816515 0.027522935779816515 0.7798165137614679 1056.3625234647905 22.4076533519499 114
0.8173913043478261 0.16521739130434782 0.017391304347826087 0.8090909090909091 0.17272727272727273 0.01818181818181818 0.6454545454545455 1085.7104333840102 20.33616336062061 115
0.8407079646017699 0.1592920353982301 0.0 0.8333333333333334 0.16666666666666666 0.0 0.8425925925925926 955.1001637052852 22.41385410718649 113
0.6260162601626016 0.3170731707317073 0.056910569105691054 0.6101694915254238 0.3305084745762712 0.059322033898305086 0.940677966101695 1028.4412184952794 21.978178074325516 123
0.7681159420289855 0.21014492753623187 0.021739130434782608 0.7593984962406015 0.21804511278195488 0.022556390977443608 0.7443609022556391 1074.5952114672402 22.378122365288263 138
0.7966101694915254 0.2033898305084746 0.0 0.7964601769911505 0.20353982300884957 0.0 0.7168141592920354 1087.3468655148538 21.48215005230405 118
0.6222222222222222 0.32222222222222224 0.05555555555555555 0.6 0.3411764705882353 0.058823529411764705 1.0 1060.8772437096836 25.303025779174554 90
0.7747747747747747 0.21621621621621623 0.009009009009009009 0.7641509433962265 0.22641509433962265 0.009433962264150943 0.9716981132075472 1057.633068308077 22.36406245587283 111
0.8173913043478261 0.1826086956521739 0.0 0.8090909090909091 0.19090909090909092 0.0 0.8454545454545455 1063.2051989532015 23.315178513149778 115
0.6293103448275862 0.3017241379310345 0.06896551724137931 0.6216216216216216 0.3063063063063063 0.07207207207207207 0.9459459459459459 1084.2736368292422 25.57081062016596 116
0.7602739726027398 0.2328767123287671 0.00684931506849315 0.75177304964539 0.24113475177304963 0.0070921985815602835 0.8865248226950354 1076.6325135556788 21.928126385905138 146
0.7413793103448276 0.25 0.008620689655172414 0.7297297297297297 0.26126126126126126 0.009009009009009009 0.7927927927927928 1070.1506801220983 20.499297929136983 116
0.7981651376146789 0.1926605504587156 0.009174311926605505 0.7884615384615384 0.20192307692307693 0.009615384615384616 0.9423076923076923 1038.839837465207 24.182696203029987 109
0.8253968253968254 0.1746031746031746 0.0 0.8181818181818182 0.18181818181818182 0.0 0.8016528925619835 1087.4585673888084 21.660107201388332 126
0.8440366972477065 0.1559633027522936 0.0 0.8365384615384616 0.16346153846153846 0.0 0.6730769230769231 1087.2583831844497 20.41273797749195 109
0.8058252427184466 0.1941747572815534 0.0 0.7959183673469388 0.20408163265306123 0.0 0.8673469387755102 1055.2395085630276 22.424954004857586 103
0.8571428571428571 0.14285714285714285 0.0 0.8512396694214877 0.1487603305785124 0.0 0.768595041322314 1087.3960194453232 22.080110760266155 126
0.8735632183908046 0.11494252873563218 0.011494252873563218 0.8658536585365854 0.12195121951219512 0.012195121951219513 0.926829268292683 1061.859776333588 25.25953652688595 87
0.8467741935483871 0.1532258064516129 0.0 0.8403361344537815 0.15966386554621848 0.0 0.7563025210084033 1087.068695725873 22.881640454209926 124
0.75 0.23148148148148148 0.018518518518518517 0.7378640776699029 0.24271844660194175 0.019417475728155338 0.8058252427184466 1078.851948564508 24.061081331199343 108
0.8208955223880597 0.1791044776119403 0.0 0.8064516129032258 0.1935483870967742 0.0 0.9032258064516129 1015.0334677307777 24.67317271460688 67
0.7386363636363636 0.26136363636363635 0.0 0.7228915662650602 0.27710843373493976 0.0 0.7108433734939759 1062.2344502394665 22.97754821007881 88
0.7962962962962963 0.2037037037037037 0.0 0.7864077669902912 0.21359223300970873 0.0 0.9902912621359223 1053.175751129852 23.24677874357097 108
0.859375 0.140625 0.0 0.8536585365853658 0.14634146341463414 0.0 0.7723577235772358 1073.2045205045433 20.133915820731005 128
0.8442622950819673 0.1557377049180328 0.0 0.8376068376068376 0.1623931623931624 0.0 0.7606837606837606 1065.0994674178592 22.67391635754947 122
0.831858407079646 0.168141592920354 0.0 0.8240740740740741 0.17592592592592593 0.0 0.8148148148148148 1066.1827643830343 24.936952576558184 113
0.7863247863247863 0.21367521367521367 0.0 0.7767857142857143 0.22321428571428573 0.0 0.9732142857142857 1040.0433607990883 23.014279268396617 117
0.7857142857142857 0.21428571428571427 0.0 0.7741935483870968 0.22580645161290322 0.0 0.8709677419354839 983.5942173251177 22.242307517719702 98
0.65625 0.3229166666666667 0.020833333333333332 0.6373626373626373 0.34065934065934067 0.02197802197802198 0.9120879120879121 1087.1601094532793 24.3995646828628 96
0.7327586206896551 0.2672413793103448 0.0 0.7207207207207207 0.27927927927927926 0.0 0.7657657657657657 1048.0830529688767 23.09223106933359 116
0.8256880733944955 0.1743119266055046 0.0 0.8173076923076923 0.18269230769230768 0.0 1.0 1071.7767418145318 23.551259347171335 109
0.71875 0.28125 0.0 0.6949152542372882 0.3050847457627119 0.0 0.9661016949152542 962.6054683781581 28.4132044083441 64
0.75 0.24074074074074073 0.009259259259259259 0.7378640776699029 0.2524271844660194 0.009708737864077669 0.7961165048543689 1087.4156933619795 21.86704184634454 108
0.6595744680851063 0.2872340425531915 0.05319148936170213 0.651685393258427 0.30337078651685395 0.0449438202247191 0.9101123595505618 1009.474390729368 24.61467375237505 94
0.6630434782608695 0.32608695652173914 0.010869565217391304 0.6436781609195402 0.3448275862068966 0.011494252873563218 0.7701149425287356 1074.7735707859363 24.970414454653877 92
0.7631578947368421 0.22807017543859648 0.008771929824561403 0.7522935779816514 0.23853211009174313 0.009174311926605505 0.6880733944954128 1077.2401238102057 22.414435052123082 114
0.8225806451612904 0.1774193548387097 0.0 0.8151260504201681 0.18487394957983194 0.0 0.8823529411764706 1058.2087060898539 22.19007038618285 124
0.8513513513513513 0.14864864864864866 0.0 0.8461538461538461 0.15384615384615385 0.0 0.7272727272727273 1081.2826624304978 20.328510707621113 148
0.8181818181818182 0.18181818181818182 0.0 0.8095238095238095 0.19047619047619047 0.0 0.7142857142857143 1086.8476387532396 22.225693584870573 110
0.8672566371681416 0.13274336283185842 0.0 0.8611111111111112 0.1388888888888889 0.0 0.7592592592592593 1073.6809804032025 20.40736841188543 113
0.8255813953488372 0.1511627906976744 0.023255813953488372 0.8148148148148148 0.16049382716049382 0.024691358024691357 0.5925925925925926 1076.7409826991975 23.159316227417815 86
0.8468468468468469 0.15315315315315314 0.0 0.839622641509434 0.16037735849056603 0.0 0.7735849056603774 1054.5573116093449 22.50772588274258 111
0.8125 0.1796875 0.0078125 0.8048780487804879 0.18699186991869918 0.008130081300813009 1.0 1059.9219540692725 23.127583313858633 128
0.8382352941176471 0.16176470588235295 0.0 0.8320610687022901 0.16793893129770993 0.0 0.9541984732824428 1082.8010010131618 22.254784529419858 136
0.7419354838709677 0.25806451612903225 0.0 0.7272727272727273 0.2727272727272727 0.0 1.0 1051.1376503689767 24.65526704591437 93
0.7184466019417476 0.2621359223300971 0.019417475728155338 0.7244897959183674 0.2653061224489796 0.01020408163265306 0.673469387755102 1087.2415487483315 21.584855920302633 103
0.8198198198198198 0.18018018018018017 0.0 0.8113207547169812 0.18867924528301888 0.0 0.9811320754716981 1076.1358267687283 22.89705799642684 111
0.6598639455782312 0.3129251700680272 0.027210884353741496 0.647887323943662 0.323943661971831 0.028169014084507043 0.7676056338028169 1069.525720751901 20.732536776833356 147
0.7833333333333333 0.20833333333333334 0.008333333333333333 0.7739130434782608 0.21739130434782608 0.008695652173913044 0.6260869565217392 1073.9849774793022 22.73044366950806 120
0.7777777777777778 0.21212121212121213 0.010101010101010102 0.7659574468085106 0.22340425531914893 0.010638297872340425 0.8617021276595744 1052.802452358092 24.581179195409874 99
0.8074074074074075 0.17777777777777778 0.014814814814814815 0.8 0.18461538461538463 0.015384615384615385 0.7153846153846154 1086.7148530063478 21.29010206106879 135
0.8561151079136691 0.14388489208633093 0.0 0.8507462686567164 0.14925373134328357 0.0 0.6716417910447762 1087.3551164666812 19.906276347013296 139
0.8235294117647058 0.16666666666666666 0.00980392156862745 0.8144329896907216 0.17525773195876287 0.010309278350515464 0.9072164948453608 1079.9058423828865 24.35480744400726 102
0.6946564885496184 0.2824427480916031 0.022900763358778626 0.6825396825396826 0.29365079365079366 0.023809523809523808 1.0 1046.907288296369 22.120406248314072 131
0.7978723404255319 0.20212765957446807 0.0 0.7865168539325843 0.21348314606741572 0.0 0.6629213483146067 1020.9544049567636 21.56384304775511 94
0.8279569892473119 0.17204301075268819 0.0 0.8181818181818182 0.18181818181818182 0.0 0.5795454545454546 1087.1710999640638 22.42511698423857 93
0.8549618320610687 0.1450381679389313 0.0 0.8571428571428571 0.14285714285714285 0.0 0.7619047619047619 1064.634136921052 21.12268055531709 131
