0.965034965034965 0.03496503496503497 0.0 0.9637681159420289 0.036231884057971016 0.0 0.8333333333333334 1075.9333329120573 18.109353417114303 143
0.936046511627907 0.06395348837209303 0.0 0.9341317365269461 0.0658682634730539 0.0 0.7964071856287425 1085.3373541875862 17.977306748761258 172
0.9375 0.0625 0.0 0.9345794392523364 0.06542056074766354 0.0 0.7289719626168224 1032.8560032000207 21.275157885793696 112
0.865546218487395 0.13445378151260504 0.0 0.8596491228070176 0.14035087719298245 0.0 0.6403508771929824 1087.2507945255788 20.263736569394183 119
0.837037037037037 0.16296296296296298 0.0 0.8307692307692308 0.16923076923076924 0.0 0.9692307692307692 1079.516704191765 20.290811388589738 135
0.8536585365853658 0.14634146341463414 0.0 0.847457627118644 0.15254237288135594 0.0 0.7203389830508474 1020.6324347256615 18.656433133909317 123
0.8992248062015504 0.10077519379844961 0.0 0.8951612903225806 0.10483870967741936 0.0 0.6935483870967742 1010.611982758493 19.341716299489654 129
0.85 0.15 0.0 0.8363636363636363 0.16363636363636364 0.0 0.9818181818181818 1084.3294242485288 23.943166710889013 60
0.8901098901098901 0.10989010989010989 0.0 0.8837209302325582 0.11627906976744186 0.0 0.8488372093023255 1081.6616010058772 23.50665236225397 91
0.9375 0.0625 0.0 0.9349593495934959 0.06504065040650407 0.0 0.5934959349593496 999.7864605333001 18.655216365704902 128
1.0 0.0 0.0 1.0 0.0 0.0 0.006024096385542169 1063.4538398212821 17.4626724060349 171
0.9246575342465754 0.07534246575342465 0.0 0.9219858156028369 0.07801418439716312 0.0 0.9219858156028369 1071.3890856611788 20.435233331972768 146
0.9207920792079208 0.07920792079207921 0.0 0.9166666666666666 0.08333333333333333 0.0 0.6770833333333334 1078.0507688831042 19.78223051235764 101
0.8625954198473282 0.13740458015267176 0.0 0.8571428571428571 0.14285714285714285 0.0 0.7063492063492064 1080.4704722383478 19.107754681408135 131
0.8859649122807017 0.11403508771929824 0.0 0.8807339449541285 0.11926605504587157 0.0 0.963302752293578 1068.0242923544072 21.11833020507158 114
0.9338235294117647 0.0661764705882353 0.0 0.9312977099236641 0.06870229007633588 0.0 0.6870229007633588 1011.8950683170798 18.328215711039277 136
0.8888888888888888 0.1111111111111111 0.0 0.8829787234042553 0.11702127659574468 0.0 0.723404255319149 1086.3963048478308 20.723458583281882 99
0.9158878504672897 0.08411214953271028 0.0 0.9117647058823529 0.08823529411764706 0.0 0.7941176470588235 1080.2845946661591 22.712906619745265 107
0.9 0.1 0.0 0.8952380952380953 0.10476190476190476 0.0 0.8380952380952381 995.4094841883133 21.358825297572626 110
0.8715596330275229 0.12844036697247707 0.0 0.8653846153846154 0.1346153846153846 0.0 0.7884615384615384 1074.3283557054576 21.26901714733113 109
0.9939024390243902 0.006097560975609756 0.0 0.9937106918238994 0.006289308176100629 0.0 0.7169811320754716 1040.3833442194086 19.039559658247676 164
0.8910256410256411 0.10897435897435898 0.0 0.8874172185430463 0.11258278145695365 0.0 0.8278145695364238 1073.1560634527648 18.46397267181203 156
0.8818181818181818 0.11818181818181818 0.0 0.8761904761904762 0.12380952380952381 0.0 0.6952380952380952 1046.837963005368 21.160263352659182 110
0.8951612903225806 0.10483870967741936 0.0 0.8907563025210085 0.1092436974789916 0.0 0.7310924369747899 1086.8164800015559 21.22493920894521 124
0.8817204301075269 0.11827956989247312 0.0 0.875 0.125 0.0 0.9886363636363636 1053.1079523426977 22.53876624147507 93
0.9318181818181818 0.06818181818181818 0.0 0.927710843373494 0.07228915662650602 0.0 0.5060240963855421 1078.317284648837 21.733969785966465 88
0.9432624113475178 0.05673758865248227 0.0 0.9411764705882353 0.058823529411764705 0.0 0.5588235294117647 1006.9746581221312 19.19281039675488 141
0.9436619718309859 0.056338028169014086 0.0 0.9416058394160584 0.058394160583941604 0.0 0.583941605839416 1028.3677034164123 17.995032904273426 142
0.9370629370629371 0.06293706293706294 0.0 0.9347826086956522 0.06521739130434782 0.0 0.782608695652174 1062.7444251717804 19.43062814728486 143
0.821917808219178 0.1780821917808219 0.0 0.8088235294117647 0.19117647058823528 0.0 1.0 957.5291431071164 25.290417641350658 73
0.847457627118644 0.15254237288135594 0.0 0.8407079646017699 0.1592920353982301 0.0 1.0 1006.8333051028781 22.10413633821491 118
0.8383838383838383 0.16161616161616163 0.0 0.8297872340425532 0.1702127659574468 0.0 0.925531914893617 1081.7053951736443 21.637733378307125 99
0.9320987654320988 0.06790123456790123 0.0 0.9299363057324841 0.07006369426751592 0.0 0.7070063694267515 1087.1967767594765 19.160145371725775 162
0.9463087248322147 0.053691275167785234 0.0 0.9513888888888888 0.04861111111111111 0.0 0.6875 1055.1261957244315 18.85425905702767 149
0.9491525423728814 0.05084745762711865 0.0 0.9469026548672567 0.05309734513274336 0.0 0.6991150442477876 1068.0734048999677 17.9456277190051 118
0.9019607843137255 0.09803921568627451 0.0 0.8969072164948454 0.10309278350515463 0.0 0.8144329896907216 1055.5994970391987 20.71686294353947 102
0.9090909090909091 0.09090909090909091 0.0 0.9051724137931034 0.09482758620689655 0.0 0.7931034482758621 1034.9611301474888 19.875753354038476 121
0.9320388349514563 0.06796116504854369 0.0 0.9285714285714286 0.07142857142857142 0.0 0.826530612244898 1066.4127949666477 19.746873517069908 103
0.937888198757764 0.062111801242236024 0.0 0.9358974358974359 0.0641025641025641 0.0 0.8717948717948718 1076.5149013277849 19.210799515870836 161
0.8712871287128713 0.12871287128712872 0.0 0.8645833333333334 0.13541666666666666 0.0 0.625 1064.637748651486 21.409572526091075 101
0.9019607843137255 0.09803921568627451 0.0 0.8969072164948454 0.10309278350515463 0.0 0.7525773195876289 1035.868425466971 20.413493727493563 102
0.8837209302325582 0.11627906976744186 0.0 0.8790322580645161 0.12096774193548387 0.0 0.7661290322580645 1017.8787825328425 19.165274641069885 129
0.9047619047619048 0.09523809523809523 0.0 0.9008264462809917 0.09917355371900827 0.0 0.7768595041322314 1043.0848005940736 19.314193152773655 126
0.9181818181818182 0.08181818181818182 0.0 0.9142857142857143 0.08571428571428572 0.0 0.6952380952380952 1075.4749818421858 20.732566325945122 110
0.9352941176470588 0.06470588235294118 0.0 0.9393939393939394 0.06060606060606061 0.0 0.8363636363636363 1087.1038127959512 19.429668793032 170
0.9935897435897436 0.00641025641025641 0.0 0.9933774834437086 0.006622516556291391 0.0 0.9072847682119205 1018.8930799484937 18.98698522501508 156
0.8934426229508197 0.10655737704918032 0.0 0.8888888888888888 0.1111111111111111 0.0 0.7606837606837606 1036.887157155807 19.79345075859135 122
0.9629629629629629 0.037037037037037035 0.0 0.9615384615384616 0.038461538461538464 0.0 0.5230769230769231 1066.0335460545414 19.731415689662647 135
0.9384615384615385 0.06153846153846154 0.0 0.936 0.064 0.0 0.752 1083.3234815543688 21.127321935205458 130
0.9241379310344827 0.07586206896551724 0.0 0.9214285714285714 0.07857142857142857 0.0 0.7642857142857142 1072.324232622082 19.560121030766748 145
0.9339622641509434 0.0660377358490566 0.0 0.9306930693069307 0.06930693069306931 0.0 0.7128712871287128 1056.6287478741492 20.54797855747341 106
0.8802395209580839 0.11976047904191617 0.0 0.8765432098765432 0.12345679012345678 0.0 0.6790123456790124 1086.874891119385 17.646641221945117 167
0.9565217391304348 0.043478260869565216 0.0 0.9545454545454546 0.045454545454545456 0.0 0.6363636363636364 1052.5833965288064 18.488636255713264 115
0.9545454545454546 0.045454545454545456 0.0 0.9530201342281879 0.04697986577181208 0.0 0.7248322147651006 1084.620467664576 19.49876006869456 154
1.0 0.0 0.0 1.0 0.0 0.0 0.011111111111111112 1076.5201078265286 17.96332379220494 185
0.8214285714285714 0.17857142857142858 0.0 0.8130841121495327 0.18691588785046728 0.0 1.0 1079.3441397938543 21.859276565959526 112
0.84375 0.15625 0.0 0.8351648351648352 0.16483516483516483 0.0 1.0 1083.2975712651437 24.574427446716808 96
0.9081632653061225 0.09183673469387756 0.0 0.9032258064516129 0.0967741935483871 0.0 0.5376344086021505 1087.2722452913263 20.61006790969206 98
0.9473684210526315 0.05263157894736842 0.0 0.9455782312925171 0.05442176870748299 0.0 0.6802721088435374 1087.0815081509297 18.78165652369943 152
0.9655172413793104 0.034482758620689655 0.0 0.9642857142857143 0.03571428571428571 0.0 0.7714285714285715 1052.3589405194814 18.474103950422062 145
0.9347826086956522 0.06521739130434782 0.0 0.9310344827586207 0.06896551724137931 0.0 0.9770114942528736 1023.0228779681697 22.387634646523455 92
0.9262295081967213 0.07377049180327869 0.0 0.9230769230769231 0.07692307692307693 0.0 0.8547008547008547 1072.9590743815174 20.18468702078234 122
0.900990099009901 0.09900990099009901 0.0 0.8958333333333334 0.10416666666666667 0.0 0.6770833333333334 1029.551596320122 20.270016146275914 101
0.9333333333333333 0.06666666666666667 0.0 0.9307692307692308 0.06923076923076923 0.0 0.6923076923076923 1069.8861448564583 19.729818720751307 135
0.8854961832061069 0.11450381679389313 0.0 0.8809523809523809 0.11904761904761904 0.0 0.8253968253968254 1086.2023744122732 20.03449194399092 131
0.8910891089108911 0.10891089108910891 0.0 0.8854166666666666 0.11458333333333333 0.0 0.9791666666666666 1018.4942459090968 21.308400427381084 101
0.917910447761194 0.08208955223880597 0.0 0.9147286821705426 0.08527131782945736 0.0 0.813953488372093 1086.4255601425857 20.14796642002487 134
0.8536585365853658 0.14634146341463414 0.0 0.8441558441558441 0.15584415584415584 0.0 0.987012987012987 1058.6997906071017 27.328217353606284 82
0.9448275862068966 0.05517241379310345 0.0 0.9428571428571428 0.05714285714285714 0.0 0.8 1061.2272248401114 19.896952156078115 145
0.9148936170212766 0.0851063829787234 0.0 0.9117647058823529 0.08823529411764706 0.0 0.6838235294117647 1073.3880327317643 19.0021004376509 141
0.9166666666666666 0.08333333333333333 0.0 0.9130434782608695 0.08695652173913043 0.0 0.6260869565217392 1074.2399642196747 20.639346563930292 120
0.9161290322580645 0.08387096774193549 0.0 0.9133333333333333 0.08666666666666667 0.0 0.6133333333333333 1087.0859397530353 18.707956777161122 155
0.8583333333333333 0.14166666666666666 0.0 0.8521739130434782 0.14782608695652175 0.0 0.991304347826087 1045.8754872973366 20.384532588945277 120
0.9152542372881356 0.0847457627118644 0.0 0.911504424778761 0.08849557522123894 0.0 0.7964601769911505 1082.3686524974855 21.293792604796433 118
1.0 0.0 0.0 1.0 0.0 0.0 0.0 1012.4143324927257 17.634409590907545 170
0.912 0.088 0.0 0.9083333333333333 0.09166666666666666 0.0 0.8 1075.3112807304053 21.59383510066838 125
0.9586776859504132 0.04132231404958678 0.0 0.9568965517241379 0.04310344827586207 0.0 0.5862068965517241 1068.8882324509664 19.26938493444587 121
0.9333333333333333 0.06666666666666667 0.0 0.9304347826086956 0.06956521739130435 0.0 0.7913043478260869 1064.1855592467848 19.121938030768035 120
0.9391304347826087 0.06086956521739131 0.0 0.9363636363636364 0.06363636363636363 0.0 0.8454545454545455 1078.9068746118223 19.569567587125942 115
0.9137931034482759 0.08620689655172414 0.0 0.9099099099099099 0.09009009009009009 0.0 0.7207207207207207 1087.2020188962363 20.279190164137155 116
0.8442622950819673 0.1557377049180328 0.0 0.8376068376068376 0.1623931623931624 0.0 0.8290598290598291 1047.0545177694612 20.63032606746691 122
0.875 0.125 0.0 0.8699186991869918 0.13008130081300814 0.0 0.6666666666666666 1018.7009924885077 19.356613171552393 128
0.9328358208955224 0.06716417910447761 0.0 0.9302325581395349 0.06976744186046512 0.0 0.5813953488372093 1034.3754938565899 19.46154463484507 134
0.9572649572649573 0.042735042735042736 0.0 0.9553571428571429 0.044642857142857144 0.0 0.8303571428571429 1052.0970752597416 19.798205112508505 117
0.9152542372881356 0.0847457627118644 0.0 0.911504424778761 0.08849557522123894 0.0 0.8672566371681416 1052.3946034472183 21.034590504474917 118
0.8736842105263158 0.12631578947368421 0.0 0.8666666666666667 0.13333333333333333 0.0 0.9111111111111111 1025.1420397225684 21.736087733712658 95
0.9097744360902256 0.09022556390977443 0.0 0.90625 0.09375 0.0 0.6953125 1085.287686431939 19.09649002713743 133
0.9893617021276596 0.010638297872340425 0.0 0.9890710382513661 0.01092896174863388 0.0 0.6939890710382514 1085.8123602978026 18.148432175969567 188
0.8648648648648649 0.13513513513513514 0.0 0.8584905660377359 0.14150943396226415 0.0 0.7264150943396226 1083.1094034099722 20.385782075833372 111
0.9320388349514563 0.06796116504854369 0.0 0.9285714285714286 0.07142857142857142 0.0 0.7244897959183674 1083.197080323335 21.253546856146443 103
0.91 0.09 0.0 0.9052631578947369 0.09473684210526316 0.0 1.0 1011.6329634095683 22.954419444661006 100
0.9328358208955224 0.06716417910447761 0.0 0.9302325581395349 0.06976744186046512 0.0 0.7984496124031008 1051.1385131520549 20.01220055146597 134
0.9424460431654677 0.05755395683453238 0.0 0.9402985074626866 0.05970149253731343 0.0 0.8208955223880597 1026.8790725174804 19.1596604902144 139
0.8947368421052632 0.10526315789473684 0.0 0.890625 0.109375 0.0 0.71875 1086.0215410157557 20.197945712753285 133
0.8837209302325582 0.11627906976744186 0.0 0.8790322580645161 0.12096774193548387 0.0 0.6532258064516129 1061.323210611143 19.97774373462129 129
0.8852459016393442 0.11475409836065574 0.0 0.8803418803418803 0.11965811965811966 0.0 0.7264957264957265 1078.0352985080933 19.820854067648074 122
0.9551282051282052 0.04487179487179487 0.0 0.9536423841059603 0.046357615894039736 0.0 0.8675496688741722 1014.0003594476278 18.081092413133458 156
0.8828828828828829 0.11711711711711711 0.0 0.8773584905660378 0.12264150943396226 0.0 0.7830188679245284 1042.2087185234611 21.43292637105906 111
0.9924812030075187 0.007518796992481203 0.0 0.9921875 0.0078125 0.0 0.0078125 1038.1452881725568 17.775314901316168 133
0.8859649122807017 0.11403508771929824 0.0 0.8807339449541285 0.11926605504587157 0.0 0.7522935779816514 1039.8485007866861 20.11699705101816 114
0.9225352112676056 0.07746478873239436 0.0 0.9197080291970803 0.08029197080291971 0.0 0.7007299270072993 1049.3670428632058 18.834792023689932 142
0.9152542372881356 0.0847457627118644 0.0 0.911504424778761 0.08849557522123894 0.0 0.6283185840707964 1073.156019010223 19.570388847094172 118
0.9296875 0.0703125 0.0 0.926829268292683 0.07317073170731707 0.0 0.6422764227642277 1074.8289855223115 19.490244830104714 128
0.8962264150943396 0.10377358490566038 0.0 0.8910891089108911 0.10891089108910891 0.0 0.7227722772277227 1068.0131237982685 21.486485755314256 106
0.9440559440559441 0.055944055944055944 0.0 0.9420289855072463 0.057971014492753624 0.0 0.6666666666666666 1076.6675917655627 19.99125069739006 143
0.9746835443037974 0.02531645569620253 0.0 0.9738562091503268 0.026143790849673203 0.0 0.6535947712418301 1074.2016704141483 17.538624151688623 158
0.9527027027027027 0.0472972972972973 0.0 0.951048951048951 0.04895104895104895 0.0 0.6993006993006993 1070.5781106856423 20.21259268742895 148
0.898989898989899 0.10101010101010101 0.0 0.8936170212765957 0.10638297872340426 0.0 0.9361702127659575 1029.0957966172878 21.775950221565022 99
0.9262295081967213 0.07377049180327869 0.0 0.9230769230769231 0.07692307692307693 0.0 0.8205128205128205 1077.6360803758698 20.21947917821835 122
0.9481481481481482 0.05185185185185185 0.0 0.9461538461538461 0.05384615384615385 0.0 0.6846153846153846 1070.9579954462877 20.170064505592304 135
0.8536585365853658 0.14634146341463414 0.0 0.8441558441558441 0.15584415584415584 0.0 0.9090909090909091 1074.1301065787165 21.305843632688962 82
0.9520958083832335 0.04790419161676647 0.0 0.9506172839506173 0.04938271604938271 0.0 0.8024691358024691 1075.5578376462972 18.057895702299955 167
0.9295774647887324 0.07042253521126761 0.0 0.927007299270073 0.072992700729927 0.0 0.6861313868613139 1059.0734096619187 19.278340792815225 142
0.9571428571428572 0.04285714285714286 0.0 0.9555555555555556 0.044444444444444446 0.0 0.6518518518518519 1063.1243469832107 19.129581747905632 140
0.9426229508196722 0.05737704918032787 0.0 0.9401709401709402 0.05982905982905983 0.0 0.717948717948718 1064.5896284194068 18.93009256017513 122
0.9017857142857143 0.09821428571428571 0.0 0.897196261682243 0.102803738317757 0.0 0.6355140186915887 1087.2589786321194 18.95476356302346 112
0.9285714285714286 0.07142857142857142 0.0 0.9252336448598131 0.07476635514018691 0.0 0.616822429906542 1051.1501212916125 21.32221979433331 112
0.9391304347826087 0.06086956521739131 0.0 0.9363636363636364 0.06363636363636363 0.0 0.6272727272727273 1060.5909745963859 21.300208632493064 115
0.9457364341085271 0.05426356589147287 0.0 0.9435483870967742 0.056451612903225805 0.0 0.717741935483871 1087.3395599733242 20.054790683454552 129
0.9666666666666667 0.03333333333333333 0.0 0.9655172413793104 0.034482758620689655 0.0 0.7862068965517242 1045.6664377919035 19.29979039452474 150
1.0 0.0 0.0 1.0 0.0 0.0 0.632258064516129 1018.5102558762309 16.807909643622143 160
0.9297297297297298 0.07027027027027027 0.0 0.9277777777777778 0.07222222222222222 0.0 0.7111111111111111 1087.369400891493 17.311548717580518 185
0.94 0.06 0.0 0.9368421052631579 0.06315789473684211 0.0 0.9473684210526315 1041.5688209300174 21.055600048665905 100
0.9126984126984127 0.0873015873015873 0.0 0.9090909090909091 0.09090909090909091 0.0 0.859504132231405 1065.653582877008 20.503385274221223 126
0.8556701030927835 0.14432989690721648 0.0 0.8478260869565217 0.15217391304347827 0.0 0.782608695652174 992.1740949227866 21.9247984985313 97
0.9439252336448598 0.056074766355140186 0.0 0.9411764705882353 0.058823529411764705 0.0 0.8235294117647058 1027.7221024250675 20.731400840487137 107
0.8688524590163934 0.13114754098360656 0.0 0.8571428571428571 0.14285714285714285 0.0 1.0 1057.4442987483428 25.975387132949997 61
0.9306930693069307 0.06930693069306931 0.0 0.9270833333333334 0.07291666666666667 0.0 0.5625 1086.1337265162947 21.41047508755806 101
0.9158878504672897 0.08411214953271028 0.0 0.9117647058823529 0.08823529411764706 0.0 0.9509803921568627 1030.8361678404945 20.756098627782066 107
1.0 0.0 0.0 1.0 0.0 0.0 0.6206896551724138 1051.7915365941499 18.846070901967316 150
0.9646017699115044 0.035398230088495575 0.0 0.9629629629629629 0.037037037037037035 0.0 0.7222222222222222 1035.070649630148 18.72584831583808 113
0.88 0.12 0.0 0.875 0.125 0.0 0.7833333333333333 1083.0325016573963 21.000758793603556 125
0.8862275449101796 0.11377245508982035 0.0 0.8888888888888888 0.1111111111111111 0.0 0.6851851851851852 1085.4760209002518 18.088509223778864 167
0.9939024390243902 0.006097560975609756 0.0 0.9937106918238994 0.006289308176100629 0.0 0.779874213836478 990.263234677564 17.723190443649393 164
0.9035087719298246 0.09649122807017543 0.0 0.8990825688073395 0.10091743119266056 0.0 0.7614678899082569 1084.4168608298633 21.090182344112492 114
0.8928571428571429 0.10714285714285714 0.0 0.8888888888888888 0.1111111111111111 0.0 0.725925925925926 1085.18012862789 18.919985083876103 140
0.9533333333333334 0.04666666666666667 0.0 0.9517241379310345 0.04827586206896552 0.0 0.6482758620689655 1081.713721486969 18.957058916193905 150
0.9130434782608695 0.08695652173913043 0.0 0.9090909090909091 0.09090909090909091 0.0 0.8454545454545455 1028.1834940694885 19.866103507206294 115
0.9652777777777778 0.034722222222222224 0.0 0.9640287769784173 0.03597122302158273 0.0 0.8633093525179856 1053.9627556648068 18.726123213475432 144
1.0 0.0 0.0 1.0 0.0 0.0 0.0 1031.3765575531124 17.683000038995143 149
0.900990099009901 0.09900990099009901 0.0 0.8958333333333334 0.10416666666666667 0.0 0.8645833333333334 1054.8036124330688 20.360905895469724 101
0.8692307692307693 0.13076923076923078 0.0 0.864 0.136 0.0 0.88 1061.226768865147 19.445602964393714 130
0.95 0.05 0.0 0.9481481481481482 0.05185185185185185 0.0 0.6222222222222222 1005.2857211327015 18.32236271380299 140
0.9230769230769231 0.07692307692307693 0.0 0.92 0.08 0.0 0.784 1014.9096715003101 19.026506640875574 130
0.9071428571428571 0.09285714285714286 0.0 0.9037037037037037 0.0962962962962963 0.0 0.8 1071.8214060765765 19.533740961585455 140
0.8677685950413223 0.1322314049586777 0.0 0.8620689655172413 0.13793103448275862 0.0 0.9224137931034483 1074.3091209713336 20.214802266579284 121
0.9056603773584906 0.09433962264150944 0.0 0.900990099009901 0.09900990099009901 0.0 0.7821782178217822 1070.905503077518 19.55073310596609 106
0.8761904761904762 0.12380952380952381 0.0 0.87 0.13 0.0 1.0 1046.404976552756 22.08471295369724 105
0.9469026548672567 0.05309734513274336 0.0 0.9444444444444444 0.05555555555555555 0.0 0.8425925925925926 1042.9700526566255 20.287423783342312 113
0.8813559322033898 0.11864406779661017 0.0 0.8761061946902655 0.12389380530973451 0.0 0.7964601769911505 1077.4529709252195 21.059240508986978 118
0.9416666666666667 0.058333333333333334 0.0 0.9391304347826087 0.06086956521739131 0.0 0.6 1069.2552832657111 19.68848870454195 120
0.9503105590062112 0.049689440993788817 0.0 0.9487179487179487 0.05128205128205128 0.0 0.7948717948717948 1012.1643544314724 18.98834184740269 161
0.9 0.1 0.0 0.8956521739130435 0.10434782608695652 0.0 0.5826086956521739 1076.2028206379 19.41103837450629 120
0.9056603773584906 0.09433962264150944 0.0 0.900990099009901 0.09900990099009901 0.0 0.5841584158415841 1083.5116941816118 20.48706959378357 106
0.8981481481481481 0.10185185185185185 0.0 0.8932038834951457 0.10679611650485436 0.0 0.6213592233009708 1080.1142869892935 21.762249798753995 108
0.9452054794520548 0.0547945205479452 0.0 0.9432624113475178 0.05673758865248227 0.0 0.7943262411347518 1058.938426349178 19.191216869148334 146
0.9274193548387096 0.07258064516129033 0.0 0.9243697478991597 0.07563025210084033 0.0 0.6554621848739496 1084.7844395722077 20.034707182034662 124
0.9426229508196722 0.05737704918032787 0.0 0.9401709401709402 0.05982905982905983 0.0 0.7692307692307693 1082.250917248713 20.876253554267187 122
0.9285714285714286 0.07142857142857142 0.0 0.9256198347107438 0.0743801652892562 0.0 0.7024793388429752 1065.18248283459 21.12980291295228 126
0.8666666666666667 0.13333333333333333 0.0 0.8588235294117647 0.1411764705882353 0.0 1.0 1073.27433096064 24.794383645526366 90
0.9323308270676691 0.06766917293233082 0.0 0.9296875 0.0703125 0.0 0.6171875 1070.5898693688805 19.724078916588777 133
0.9612403100775194 0.03875968992248062 0.0 0.9596774193548387 0.04032258064516129 0.0 0.7661290322580645 997.2019339233623 19.124872389910138 129
0.9473684210526315 0.05263157894736842 0.0 0.9453125 0.0546875 0.0 0.796875 1074.0735419896769 20.02691572129629 133
0.9512195121951219 0.04878048780487805 0.0 0.949685534591195 0.050314465408805034 0.0 0.7735849056603774 1058.996434887914 18.070093236265528 164
0.8888888888888888 0.1111111111111111 0.0 0.8839285714285714 0.11607142857142858 0.0 0.9107142857142857 1067.824258241428 22.13257703154836 117
0.9107142857142857 0.08928571428571429 0.0 0.9065420560747663 0.09345794392523364 0.0 0.5887850467289719 1086.265391708113 20.313915135230236 112
0.8809523809523809 0.11904761904761904 0.0 0.8734177215189873 0.12658227848101267 0.0 0.8607594936708861 971.0997701747982 20.575087625183055 84
0.9035087719298246 0.09649122807017543 0.0 0.8990825688073395 0.10091743119266056 0.0 0.7889908256880734 1057.9771356413526 19.182411241485 114
0.9191919191919192 0.08080808080808081 0.0 0.9148936170212766 0.0851063829787234 0.0 0.8723404255319149 963.5390432584467 19.28165756441241 99
0.9560439560439561 0.04395604395604396 0.0 0.9534883720930233 0.046511627906976744 0.0 0.7325581395348837 1025.5787696668478 19.435084673672996 91
0.9015151515151515 0.09848484848484848 0.0 0.8976377952755905 0.10236220472440945 0.0 0.9133858267716536 1078.9885506436638 19.85603427662534 132
0.9197080291970803 0.08029197080291971 0.0 0.9166666666666666 0.08333333333333333 0.0 0.5909090909090909 1087.2665654207904 19.100876080798386 137
0.9871794871794872 0.01282051282051282 0.0 0.9867549668874173 0.013245033112582781 0.0 0.8211920529801324 1067.1915862387525 18.844135240199083 156
0.8773584905660378 0.12264150943396226 0.0 0.8811881188118812 0.1188118811881188 0.0 0.8118811881188119 1086.4600879456898 21.85129973147892 106
0.922077922077922 0.07792207792207792 0.0 0.9194630872483222 0.08053691275167785 0.0 0.610738255033557 1086.4067403887072 18.70074108687937 154
0.898989898989899 0.10101010101010101 0.0 0.8936170212765957 0.10638297872340426 0.0 0.7446808510638298 998.2171295054146 20.60333398674258 99
0.9586206896551724 0.041379310344827586 0.0 0.9571428571428572 0.04285714285714286 0.0 0.014285714285714285 1086.3390457354883 18.85484496920209 145
0.9024390243902439 0.0975609756097561 0.0 0.8983050847457628 0.1016949152542373 0.0 0.7372881355932204 1083.5423434036877 20.444099625067775 123
0.9322033898305084 0.06779661016949153 0.0 0.9292035398230089 0.07079646017699115 0.0 0.831858407079646 1053.6907374513783 20.54747097795108 118
0.8983050847457628 0.1016949152542373 0.0 0.8938053097345132 0.10619469026548672 0.0 0.9203539823008849 1062.7127775746944 20.00348621244551 118
0.9333333333333333 0.06666666666666667 0.0 0.9307692307692308 0.06923076923076923 0.0 0.6615384615384615 997.011012509191 19.09246088799278 135
0.9343065693430657 0.06569343065693431 0.0 0.9318181818181818 0.06818181818181818 0.0 0.9848484848484849 1059.2879607138445 20.19323917825635 137
0.9020979020979021 0.0979020979020979 0.0 0.8985507246376812 0.10144927536231885 0.0 0.6739130434782609 1087.4782483751883 18.979197046236628 143
0.8956521739130435 0.10434782608695652 0.0 0.8909090909090909 0.10909090909090909 0.0 0.8545454545454545 1069.0860693534073 21.554090683879554 115
0.9264705882352942 0.07352941176470588 0.0 0.9236641221374046 0.07633587786259542 0.0 0.816793893129771 1041.5141032967745 20.250937447281075 136
0.8913043478260869 0.10869565217391304 0.0 0.8872180451127819 0.11278195488721804 0.0 0.7293233082706767 1069.4406158041509 18.80516907245076 138
0.8723404255319149 0.1276595744680851 0.0 0.8651685393258427 0.1348314606741573 0.0 0.8876404494382022 1055.0216836644308 22.969319192078103 94
0.8166666666666667 0.18333333333333332 0.0 0.8 0.2 0.0 0.9818181818181818 1026.6653189100348 27.64165452653631 60
0.9152542372881356 0.0847457627118644 0.0 0.911504424778761 0.08849557522123894 0.0 0.9203539823008849 1082.3220916435516 19.393336387507787 118
0.9936708860759493 0.006329113924050633 0.0 0.9934640522875817 0.006535947712418301 0.0 0.738562091503268 1031.3333034892626 18.111825020114 158
0.9933774834437086 0.006622516556291391 0.0 0.9931506849315068 0.00684931506849315 0.0 0.0 1043.9964699709599 16.727190203651798 151
0.9694656488549618 0.030534351145038167 0.0 0.9682539682539683 0.031746031746031744 0.0 0.7936507936507936 1079.37353570676 19.74635275225007 131
0.9140625 0.0859375 0.0 0.9105691056910569 0.08943089430894309 0.0 0.8699186991869918 1053.1384955061608 20.676882892048475 128
0.9548022598870056 0.04519774011299435 0.0 0.9534883720930233 0.046511627906976744 0.0 0.6802325581395349 1078.3812850246327 18.394792246285075 177
0.9047619047619048 0.09523809523809523 0.0 0.9 0.1 0.0 0.92 1061.4847661869928 21.08729897316669 105
0.8 0.2 0.0 0.7818181818181819 0.21818181818181817 0.0 1.0 1060.0779615249999 29.054648809812214 60
0.9657534246575342 0.03424657534246575 0.0 0.9645390070921985 0.03546099290780142 0.0 0.45390070921985815 1057.2459689053533 17.436347450645112 146
0.8840579710144928 0.11594202898550725 0.0 0.8796992481203008 0.12030075187969924 0.0 1.0 1066.5369512304642 20.713464263394204 138
0.9567901234567902 0.043209876543209874 0.0 0.9554140127388535 0.044585987261146494 0.0 0.40764331210191085 1053.654446234571 17.079438969731605 162
0.8556701030927835 0.14432989690721648 0.0 0.8478260869565217 0.15217391304347827 0.0 0.967391304347826 1028.632505736882 21.10258597009375 97
0.9507042253521126 0.04929577464788732 0.0 0.948905109489051 0.051094890510948905 0.0 0.8248175182481752 1056.671652392211 18.9826426420749 142
0.951048951048951 0.04895104895104895 0.0 0.9492753623188406 0.050724637681159424 0.0 0.7753623188405797 1046.783191240853 19.273400615278867 143
0.9225806451612903 0.07741935483870968 0.0 0.92 0.08 0.0 0.8133333333333334 1086.9045463933558 18.830754929687032 155
0.8921568627450981 0.10784313725490197 0.0 0.8865979381443299 0.1134020618556701 0.0 0.5979381443298969 1079.2682739462907 21.240725712429192 102
0.9536423841059603 0.046357615894039736 0.0 0.952054794520548 0.04794520547945205 0.0 0.863013698630137 1086.9610618607128 19.023925505697534 151
1.0 0.0 0.0 1.0 0.0 0.0 0.0 1052.0631772678207 17.836588450635194 181
0.9112903225806451 0.08870967741935484 0.0 0.907563025210084 0.09243697478991597 0.0 0.6554621848739496 1058.2501863844059 20.036558903390375 124
0.9894736842105263 0.010526315789473684 0.0 0.9891891891891892 0.010810810810810811 0.0 0.7405405405405405 1076.6270750638516 17.54722412697929 190
0.9939393939393939 0.006060606060606061 0.0 0.99375 0.00625 0.0 0.85 1068.0860024404274 18.302315634926792 165
0.9069767441860465 0.09302325581395349 0.0 0.9012345679012346 0.09876543209876543 0.0 0.654320987654321 1051.941463686044 20.08078678853567 86
0.8983050847457628 0.1016949152542373 0.0 0.8938053097345132 0.10619469026548672 0.0 0.8495575221238938 1057.658091520223 20.883691215570177 118
0.8849557522123894 0.11504424778761062 0.0 0.8796296296296297 0.12037037037037036 0.0 0.8055555555555556 1056.7755702482987 21.06918691675309 113
0.9133858267716536 0.08661417322834646 0.0 0.9098360655737705 0.09016393442622951 0.0 0.8688524590163934 1079.6200940741433 20.90212632166297 127
0.940677966101695 0.059322033898305086 0.0 0.9380530973451328 0.061946902654867256 0.0 0.5752212389380531 951.9425964794245 19.602906217389865 118
0.9322033898305084 0.06779661016949153 0.0 0.9292035398230089 0.07079646017699115 0.0 0.6548672566371682 1078.1749532687493 21.53107633086084 118
0.9152542372881356 0.0847457627118644 0.0 0.911504424778761 0.08849557522123894 0.0 0.9380530973451328 1031.5939366033363 20.68416588596261 118
0.8348623853211009 0.1651376146788991 0.0 0.8365384615384616 0.16346153846153846 0.0 0.8653846153846154 1075.583443450925 20.631704810156666 109
0.9829545454545454 0.017045454545454544 0.0 0.9824561403508771 0.017543859649122806 0.0 0.5964912280701754 1071.8384364588217 17.65429840641054 176
0.891566265060241 0.10843373493975904 0.0 0.8881987577639752 0.11180124223602485 0.0 0.8509316770186336 1085.0196777970907 18.358342639610242 166
0.8118811881188119 0.18811881188118812 0.0 0.8020833333333334 0.19791666666666666 0.0 0.9895833333333334 1075.4893892438859 21.820514907599566 101
1.0 0.0 0.0 1.0 0.0 0.0 0.0 1077.557385061489 18.18588878667227 174
0.9493670886075949 0.05063291139240506 0.0 0.9477124183006536 0.05228758169934641 0.0 0.7254901960784313 1016.7967377998488 18.80027070469366 158
0.9126984126984127 0.0873015873015873 0.0 0.9090909090909091 0.09090909090909091 0.0 0.768595041322314 1086.5542702289702 19.929950348520794 126
0.8672566371681416 0.13274336283185842 0.0 0.8611111111111112 0.1388888888888889 0.0 0.7685185185185185 1063.903272937902 20.076471786759647 113
0.8235294117647058 0.17647058823529413 0.0 0.8157894736842105 0.18421052631578946 0.0 0.7631578947368421 1087.4208573222743 19.834042040694232 119
0.9793103448275862 0.020689655172413793 0.0 0.9785714285714285 0.02142857142857143 0.0 0.9142857142857143 1035.407014482616 18.517934395619676 145
0.8913043478260869 0.10869565217391304 0.0 0.8872180451127819 0.11278195488721804 0.0 0.8270676691729323 1087.4296246657589 19.45382827544512 138
0.9035087719298246 0.09649122807017543 0.0 0.8990825688073395 0.10091743119266056 0.0 0.6605504587155964 1048.8908794335414 20.4268025728508 114
0.9 0.1 0.0 0.8947368421052632 0.10526315789473684 0.0 0.6947368421052632 1032.4148597921505 20.360914856763547 100
0.9668874172185431 0.033112582781456956 0.0 0.9657534246575342 0.03424657534246575 0.0 0.7191780821917808 1051.750525302269 18.451828664541367 151
0.900990099009901 0.09900990099009901 0.0 0.8958333333333334 0.10416666666666667 0.0 0.875 1083.9039714915916 22.860493710559464 101
0.8979591836734694 0.10204081632653061 0.0 0.8924731182795699 0.10752688172043011 0.0 0.8817204301075269 1030.195093750239 21.955554919506135 98
0.9261744966442953 0.0738255033557047 0.0 0.9236111111111112 0.0763888888888889 0.0 0.8125 1079.6639357662764 20.03320147944434 149
0.8888888888888888 0.1111111111111111 0.0 0.8846153846153846 0.11538461538461539 0.0 0.7076923076923077 1087.3860537754226 21.18297477398083 135
0.9224137931034483 0.07758620689655173 0.0 0.918918918918919 0.08108108108108109 0.0 0.8288288288288288 1051.7181360153859 21.236711774051347 116
0.9459459459459459 0.05405405405405406 0.0 0.9440559440559441 0.055944055944055944 0.0 0.7132867132867133 1055.1111442148137 19.247087983205176 148
0.9942528735632183 0.005747126436781609 0.0 0.9940828402366864 0.005917159763313609 0.0 0.0 1087.0276194126584 17.391836762970897 174
0.883495145631068 0.11650485436893204 0.0 0.8775510204081632 0.12244897959183673 0.0 0.8163265306122449 1039.9623297849155 20.369536714188396 103
0.89 0.11 0.0 0.8842105263157894 0.11578947368421053 0.0 0.8631578947368421 1026.092245213115 20.359616909387476 100
0.9333333333333333 0.06666666666666667 0.0 0.9304347826086956 0.06956521739130435 0.0 0.7043478260869566 1011.938202643336 19.146036026700024 120
0.9054054054054054 0.0945945945945946 0.0 0.8985507246376812 0.10144927536231885 0.0 0.9130434782608695 1033.9899163953223 22.900772929963843 74
0.912751677852349 0.087248322147651 0.0 0.9097222222222222 0.09027777777777778 0.0 0.6736111111111112 994.1155252807413 19.266102920975918 149
0.928 0.072 0.0 0.925 0.075 0.0 0.875 1054.491156740903 21.54582557693778 125
0.8983050847457628 0.1016949152542373 0.0 0.8938053097345132 0.10619469026548672 0.0 0.8495575221238938 1063.443521876681 19.935308720354083 118
0.9545454545454546 0.045454545454545456 0.0 0.9530201342281879 0.04697986577181208 0.0 0.7718120805369127 1076.4323255522293 18.9968554848179 154
0.8923076923076924 0.1076923076923077 0.0 0.888 0.112 0.0 1.0 1010.1667417219686 20.809412643956748 130
0.8674698795180723 0.13253012048192772 0.0 0.8589743589743589 0.14102564102564102 0.0 1.0 1080.1330543476217 24.528877072956323 83
0.8873239436619719 0.11267605633802817 0.0 0.8832116788321168 0.11678832116788321 0.0 0.6423357664233577 1087.2150758598934 19.20433926171683 142
0.9358974358974359 0.0641025641025641 0.0 0.9337748344370861 0.06622516556291391 0.0 0.5695364238410596 1086.2198417485176 18.801968138898836 156
0.8636363636363636 0.13636363636363635 0.0 0.8571428571428571 0.14285714285714285 0.0 0.8095238095238095 1058.4297427055878 21.007869361499687 110
0.9226804123711341 0.07731958762886598 0.0 0.9206349206349206 0.07936507936507936 0.0 0.8148148148148148 1087.3804161858905 18.225431870295683 194
0.9203539823008849 0.07964601769911504 0.0 0.9166666666666666 0.08333333333333333 0.0 0.7870370370370371 1079.1465723508686 21.477135511758078 113
0.9099099099099099 0.09009009009009009 0.0 0.9056603773584906 0.09433962264150944 0.0 0.8773584905660378 1042.8448257388918 19.936551279814005 111
0.9448275862068966 0.05517241379310345 0.0 0.9428571428571428 0.05714285714285714 0.0 0.7642857142857142 1065.586435611583 19.8921021099686 145
0.9748427672955975 0.025157232704402517 0.0 0.974025974025974 0.025974025974025976 0.0 0.7922077922077922 1046.6777317177314 18.67014908716782 159
0.9444444444444444 0.05555555555555555 0.0 0.9424460431654677 0.05755395683453238 0.0 0.7769784172661871 1066.324977025868 19.887427437542858 144
0.9196428571428571 0.08035714285714286 0.0 0.9158878504672897 0.08411214953271028 0.0 0.822429906542056 1053.6114661730157 19.513474190949836 112
0.797752808988764 0.20224719101123595 0.0 0.7857142857142857 0.21428571428571427 0.0 0.9761904761904762 1024.6643443271457 21.292509177835516 89
0.9512195121951219 0.04878048780487805 0.0 0.9491525423728814 0.05084745762711865 0.0 0.7966101694915254 1064.5145782047543 21.80692716562186 123
1.0 0.0 0.0 1.0 0.0 0.0 0.0 1004.4116055055708 17.64746473431221 143
1.0 0.0 0.0 1.0 0.0 0.0 0.007462686567164179 974.1395653832911 18.71789870869847 139
0.9051094890510949 0.0948905109489051 0.0 0.9015151515151515 0.09848484848484848 0.0 0.7196969696969697 1083.8560259490628 20.323721117650646 137
0.9936708860759493 0.006329113924050633 0.0 0.9934640522875817 0.006535947712418301 0.0 0.7777777777777778 1048.8432800322907 18.229170430845798 158
0.9024390243902439 0.0975609756097561 0.0 0.8983050847457628 0.1016949152542373 0.0 0.652542372881356 1087.117029770715 20.027898122704762 123
0.921875 0.078125 0.0 0.9186991869918699 0.08130081300813008 0.0 0.7804878048780488 1015.8413192269138 19.820204771970477 128
0.9016393442622951 0.09836065573770492 0.0 0.8974358974358975 0.10256410256410256 0.0 0.6923076923076923 1029.8137114446943 20.054500863107577 122
0.8956521739130435 0.10434782608695652 0.0 0.8909090909090909 0.10909090909090909 0.0 0.6818181818181818 1083.4696735809634 19.458242043053023 115
0.9761904761904762 0.023809523809523808 0.0 0.9752066115702479 0.024793388429752067 0.0 0.8429752066115702 990.089690305234 19.908414561578518 126
1.0 0.0 0.0 1.0 0.0 0.0 0.5515151515151515 988.7315338056535 17.963407738212553 170
1.0 0.0 0.0 1.0 0.0 0.0 0.0 1075.1823002862582 17.586008736405645 182
0.9139072847682119 0.08609271523178808 0.0 0.910958904109589 0.08904109589041095 0.0 0.7328767123287672 1078.9917602671221 19.682213642582575 151
0.9305555555555556 0.06944444444444445 0.0 0.9280575539568345 0.07194244604316546 0.0 0.8345323741007195 1026.6582382244862 19.910312565790996 144
1.0 0.0 0.0 1.0 0.0 0.0 0.005405405405405406 1054.96460351916 17.008253707070896 190
0.9081632653061225 0.09183673469387756 0.0 0.9032258064516129 0.0967741935483871 0.0 0.7311827956989247 1079.0441184209083 21.479103443087954 98
0.9291338582677166 0.07086614173228346 0.0 0.9262295081967213 0.07377049180327869 0.0 0.7377049180327869 1080.4514855486202 19.98975618872198 127
0.9152542372881356 0.0847457627118644 0.0 0.911504424778761 0.08849557522123894 0.0 0.6902654867256637 1034.072716648294 20.07891580050236 118
0.8617021276595744 0.13829787234042554 0.0 0.8539325842696629 0.14606741573033707 0.0 0.9775280898876404 1082.0607769871172 21.998845353218456 94
0.9172932330827067 0.08270676691729323 0.0 0.9140625 0.0859375 0.0 0.890625 1038.5154620830874 20.90947511544222 133
0.9789473684210527 0.021052631578947368 0.0 0.9783783783783784 0.021621621621621623 0.0 0.0 1085.3150767633008 17.147757848083504 190
0.9112903225806451 0.08870967741935484 0.0 0.907563025210084 0.09243697478991597 0.0 0.6890756302521008 1037.0152467232701 19.29221836186659 124
0.9022556390977443 0.09774436090225563 0.0 0.8984375 0.1015625 0.0 0.71875 1079.6801598457557 19.042835546946698 133
0.9166666666666666 0.08333333333333333 0.0 0.9136690647482014 0.08633093525179857 0.0 0.539568345323741 1079.779296907606 18.297020545718247 144
0.9846153846153847 0.015384615384615385 0.0 0.984 0.016 0.0 0.888 1069.6246885664625 19.505320107561875 130
0.9815950920245399 0.018404907975460124 0.0 0.9810126582278481 0.0189873417721519 0.0 0.4620253164556962 943.927496051469 17.68401363423839 163
0.9154929577464789 0.08450704225352113 0.0 0.9124087591240876 0.08759124087591241 0.0 0.7445255474452555 1087.412690881406 19.230210604685954 142
0.92 0.08 0.0 0.9166666666666666 0.08333333333333333 0.0 0.9916666666666667 1027.4417775025606 20.660492650611573 125
0.9782608695652174 0.021739130434782608 0.0 0.9774436090225563 0.022556390977443608 0.0 0.7443609022556391 1063.9192993084089 17.39908122135073 138
0.9130434782608695 0.08695652173913043 0.0 0.9090909090909091 0.09090909090909091 0.0 0.5818181818181818 1004.265746728635 19.738176488378482 115
0.9230769230769231 0.07692307692307693 0.0 0.92 0.08 0.0 0.88 979.9392244522162 19.715776583131223 130
0.9186991869918699 0.08130081300813008 0.0 0.9152542372881356 0.0847457627118644 0.0 0.7627118644067796 1083.766949258329 20.33553374416185 123
0.9057971014492754 0.09420289855072464 0.0 0.9022556390977443 0.09774436090225563 0.0 0.7218045112781954 1043.534296167885 19.140719501860623 138
0.8235294117647058 0.17647058823529413 0.0 0.8125 0.1875 0.0 0.9875 1057.7880631404228 22.41034064469249 85
0.8938053097345132 0.10619469026548672 0.0 0.8888888888888888 0.1111111111111111 0.0 0.8148148148148148 1056.1561429153 21.36399923037482 113
0.8764044943820225 0.12359550561797752 0.0 0.8690476190476191 0.13095238095238096 0.0 0.9404761904761905 1086.3218098544476 24.46552924524406 89
0.9733333333333334 0.02666666666666667 0.0 0.9724137931034482 0.027586206896551724 0.0 0.9793103448275862 1064.0869039448999 19.418144678592846 150
0.9312977099236641 0.06870229007633588 0.0 0.9285714285714286 0.07142857142857142 0.0 0.5793650793650794 1043.5770441601649 18.588008076215427 131
0.8680555555555556 0.13194444444444445 0.0 0.8633093525179856 0.1366906474820144 0.0 0.7338129496402878 1087.2768664209584 19.175875150554184 144
0.9444444444444444 0.05555555555555555 0.0 0.9426751592356688 0.05732484076433121 0.0 0.7006369426751592 1078.0818612852738 18.520152497192218 162
0.95625 0.04375 0.0 0.9548387096774194 0.04516129032258064 0.0 0.896774193548387 1046.494981381682 19.0379439352269 160
0.9769230769230769 0.023076923076923078 0.0 0.976 0.024 0.0 0.84 1047.1151252810364 19.510742933357765 130
0.9102564102564102 0.08974358974358974 0.0 0.9072847682119205 0.09271523178807947 0.0 0.8874172185430463 1083.6126078025493 19.661143225210278 156
0.9741379310344828 0.02586206896551724 0.0 0.972972972972973 0.02702702702702703 0.0 0.954954954954955 1031.5684812672787 19.417734408890173 116
0.9539473684210527 0.046052631578947366 0.0 0.9523809523809523 0.047619047619047616 0.0 0.6054421768707483 1048.8248279504023 19.151691705577182 152
0.972972972972973 0.02702702702702703 0.0 0.972027972027972 0.027972027972027972 0.0 0.8461538461538461 1045.7882044194268 18.12027083000752 148
0.9024390243902439 0.0975609756097561 0.0 0.8961038961038961 0.1038961038961039 0.0 0.6753246753246753 1087.3247499465244 22.537364307100574 82
0.9508196721311475 0.04918032786885246 0.0 0.9487179487179487 0.05128205128205128 0.0 0.7948717948717948 1029.7132827733128 19.913183306480793 122
0.9099099099099099 0.09009009009009009 0.0 0.9056603773584906 0.09433962264150944 0.0 0.7735849056603774 1062.0454554064033 21.40537791771685 111
0.8598130841121495 0.14018691588785046 0.0 0.8529411764705882 0.14705882352941177 0.0 0.7549019607843137 1026.0713169957723 21.12135328610388 107
0.9083969465648855 0.0916030534351145 0.0 0.9047619047619048 0.09523809523809523 0.0 0.6507936507936508 1087.3604838992756 20.20417746931531 131
0.8992248062015504 0.10077519379844961 0.0 0.8951612903225806 0.10483870967741936 0.0 0.6935483870967742 1087.4578314957234 19.628507064250353 129
0.9015151515151515 0.09848484848484848 0.0 0.8976377952755905 0.10236220472440945 0.0 0.8110236220472441 1086.189571578848 20.880361843735884 132
0.9689922480620154 0.031007751937984496 0.0 0.967741935483871 0.03225806451612903 0.0 0.7016129032258065 1062.6690667157288 20.068178111205725 129
0.8773584905660378 0.12264150943396226 0.0 0.8712871287128713 0.12871287128712872 0.0 0.9603960396039604 1072.143854404283 20.96470970816978 106
0.9343065693430657 0.06569343065693431 0.0 0.9318181818181818 0.06818181818181818 0.0 0.5227272727272727 1060.5863027792439 18.70765107211658 137
0.9173553719008265 0.08264462809917356 0.0 0.9137931034482759 0.08620689655172414 0.0 0.7241379310344828 1057.5351403067473 20.395140956695734 121
0.9150943396226415 0.08490566037735849 0.0 0.9108910891089109 0.0891089108910891 0.0 0.8514851485148515 1079.8318661643473 22.881189817697365 106
1.0 0.0 0.0 1.0 0.0 0.0 0.006329113924050633 1049.7010405084507 17.61568715488114 163
0.9345794392523364 0.06542056074766354 0.0 0.9313725490196079 0.06862745098039216 0.0 0.4411764705882353 1040.962182779876 18.907807242065196 107
0.920863309352518 0.07913669064748201 0.0 0.917910447761194 0.08208955223880597 0.0 0.6940298507462687 1087.2399653861635 19.62207107608831 139
0.9519230769230769 0.04807692307692308 0.0 0.9494949494949495 0.050505050505050504 0.0 0.8585858585858586 990.9161999115811 21.412016329819856 104
0.9230769230769231 0.07692307692307693 0.0 0.92 0.08 0.0 0.696 1047.1263568147697 19.742957630419607 130
0.9285714285714286 0.07142857142857142 0.0 0.9252336448598131 0.07476635514018691 0.0 0.8411214953271028 1072.8957403880283 20.85381147314576 112
0.9493670886075949 0.05063291139240506 0.0 0.9477124183006536 0.05228758169934641 0.0 0.738562091503268 1086.5895440125785 19.399432480440126 158
0.8785046728971962 0.12149532710280374 0.0 0.8725490196078431 0.12745098039215685 0.0 0.9705882352941176 1040.1684330764008 19.9875648877083 107
0.9433962264150944 0.05660377358490566 0.0 0.9405940594059405 0.0594059405940594 0.0 0.7128712871287128 1087.0951597715477 20.10831525992622 106
0.9553571428571429 0.044642857142857144 0.0 0.9532710280373832 0.04672897196261682 0.0 1.0 969.6363020481485 21.285824682770084 112
0.96 0.04 0.0 0.9586206896551724 0.041379310344827586 0.0 0.8896551724137931 1043.867039386954 18.996116937698122 150
0.9197080291970803 0.08029197080291971 0.0 0.9166666666666666 0.08333333333333333 0.0 0.7575757575757576 1068.670115535646 19.154471748925726 137
0.9495798319327731 0.05042016806722689 0.0 0.9473684210526315 0.05263157894736842 0.0 0.34210526315789475 1012.3541829400358 18.36390359382838 119
0.9710144927536232 0.028985507246376812 0.0 0.9699248120300752 0.03007518796992481 0.0 0.9774436090225563 1050.7310693383638 19.1038049744487 138
0.8934426229508197 0.10655737704918032 0.0 0.8888888888888888 0.1111111111111111 0.0 0.7264957264957265 1035.2242519982376 20.103082654829212 122
0.9142857142857143 0.08571428571428572 0.0 0.91 0.09 0.0 0.66 1066.6837269446344 20.66531584429128 105
0.8181818181818182 0.18181818181818182 0.0 0.8110236220472441 0.1889763779527559 0.0 0.5748031496062992 1087.4416559816204 19.09745927645474 132
0.9769230769230769 0.023076923076923078 0.0 0.976 0.024 0.0 0.832 1063.4126195355152 18.92590673553805 130
0.8854961832061069 0.11450381679389313 0.0 0.8809523809523809 0.11904761904761904 0.0 0.7142857142857143 1087.4216022850233 19.25668281593682 131
0.9044117647058824 0.09558823529411764 0.0 0.9007633587786259 0.09923664122137404 0.0 0.6793893129770993 1052.0971187553716 20.594308762284317 136
0.9393939393939394 0.06060606060606061 0.0 0.937007874015748 0.06299212598425197 0.0 0.7559055118110236 1077.7849143982573 20.19426198504942 132
0.8818181818181818 0.11818181818181818 0.0 0.8761904761904762 0.12380952380952381 0.0 0.7428571428571429 1075.37799009991 21.50470998847202 110
0.9 0.1 0.0 0.8941176470588236 0.10588235294117647 0.0 0.5058823529411764 1087.1089180066663 21.029050317692974 90
0.8888888888888888 0.1111111111111111 0.0 0.883495145631068 0.11650485436893204 0.0 0.7475728155339806 1065.8668638840866 22.180639802023798 108
0.9180327868852459 0.08196721311475409 0.0 0.9145299145299145 0.08547008547008547 0.0 0.7350427350427351 1067.9466355434038 20.498769546919497 122
0.9361702127659575 0.06382978723404255 0.0 0.9338235294117647 0.0661764705882353 0.0 0.875 1018.9727936683454 20.365241785075842 141
0.9327731092436975 0.06722689075630252 0.0 0.9298245614035088 0.07017543859649122 0.0 0.41228070175438597 1076.5364671495354 19.063746205864227 119
0.8703703703703703 0.12962962962962962 0.0 0.8640776699029126 0.13592233009708737 0.0 0.8252427184466019 1063.9297894586184 21.38769583726435 108
0.8951612903225806 0.10483870967741936 0.0 0.8907563025210085 0.1092436974789916 0.0 0.7478991596638656 1050.5585919253997 19.31363898895237 124
1.0 0.0 0.0 1.0 0.0 0.0 0.5741935483870968 965.7793815585835 17.33203031360766 160
0.9230769230769231 0.07692307692307693 0.0 0.92 0.08 0.0 0.8 1054.8489380227359 19.61701006945453 130
0.95 0.05 0.0 0.9478260869565217 0.05217391304347826 0.0 0.8782608695652174 994.7691636217702 20.464605371971725 120
0.9508196721311475 0.04918032786885246 0.0 0.9487179487179487 0.05128205128205128 0.0 0.7606837606837606 1054.7269822933229 20.370714453634935 122
0.9152542372881356 0.0847457627118644 0.0 0.911504424778761 0.08849557522123894 0.0 0.7610619469026548 1069.1705727478977 20.55256147912566 118
0.9602649006622517 0.039735099337748346 0.0 0.958904109589041 0.0410958904109589 0.0 0.6506849315068494 984.8726147402414 18.5875855409267 151
0.908256880733945 0.09174311926605505 0.0 0.9038461538461539 0.09615384615384616 0.0 0.9807692307692307 1065.939903730978 22.04808196763554 109
0.9012345679012346 0.09876543209876543 0.0 0.8947368421052632 0.10526315789473684 0.0 0.7105263157894737 1081.377267399967 19.843738894087274 81
0.9726027397260274 0.0273972602739726 0.0 0.9716312056737588 0.028368794326241134 0.0 0.9361702127659575 1066.1396943818434 19.14074201790813 146
0.875 0.125 0.0 0.8674698795180723 0.13253012048192772 0.0 0.8192771084337349 1039.9038466964105 23.61713323195896 88
0.8855421686746988 0.1144578313253012 0.0 0.8819875776397516 0.11801242236024845 0.0 0.7701863354037267 1086.9241829245884 18.470661044601034 166
0.9898477157360406 0.01015228426395939 0.0 0.9895833333333334 0.010416666666666666 0.0 0.71875 1069.0820129880249 17.443585273023825 197
0.9042553191489362 0.09574468085106383 0.0 0.898876404494382 0.10112359550561797 0.0 0.6404494382022472 1083.2635179366268 19.070327940007857 94
0.8217821782178217 0.1782178217821782 0.0 0.8125 0.1875 0.0 1.0 1047.0330849422564 23.537608559960805 101
0.88 0.12 0.0 0.875 0.125 0.0 0.9833333333333333 1081.4976556954862 20.13385213478444 125
0.8932038834951457 0.10679611650485436 0.0 0.8877551020408163 0.11224489795918367 0.0 0.9183673469387755 1083.404827454303 22.445918195749602 103
0.9338235294117647 0.0661764705882353 0.0 0.9312977099236641 0.06870229007633588 0.0 0.648854961832061 1034.0666107052987 18.401509422707345 136
0.8712871287128713 0.12871287128712872 0.0 0.8645833333333334 0.13541666666666666 0.0 0.7291666666666666 934.7343328534583 20.01006027332911 101
0.9393939393939394 0.06060606060606061 0.0 0.937007874015748 0.06299212598425197 0.0 0.9291338582677166 1011.0882581208881 20.668886504468247 132
0.948905109489051 0.051094890510948905 0.0 0.946969696969697 0.05303030303030303 0.0 0.7196969696969697 1024.0092423187987 18.161869761703517 137
0.9794520547945206 0.02054794520547945 0.0 0.9787234042553191 0.02127659574468085 0.0 0.75177304964539 1079.6305405191042 18.70110968865078 146
0.958041958041958 0.04195804195804196 0.0 0.9565217391304348 0.043478260869565216 0.0 0.4855072463768116 1002.6405440981869 18.34503836893803 143
0.9928571428571429 0.007142857142857143 0.0 0.9925925925925926 0.007407407407407408 0.0 0.48148148148148145 959.2020737560705 18.73671510906044 140
0.911504424778761 0.08849557522123894 0.0 0.9074074074074074 0.09259259259259259 0.0 0.6944444444444444 1047.3076830425614 20.541695418503714 113
0.9029850746268657 0.09701492537313433 0.0 0.8992248062015504 0.10077519379844961 0.0 0.8217054263565892 1080.9793192327427 19.86509540803453 134
0.831858407079646 0.168141592920354 0.0 0.8240740740740741 0.17592592592592593 0.0 0.9907407407407407 1034.9591209072119 20.93650012565358 113
0.8941176470588236 0.10588235294117647 0.0 0.8875 0.1125 0.0 0.8375 1043.3987461452907 22.201341323015164 85
0.9370629370629371 0.06293706293706294 0.0 0.9347826086956522 0.06521739130434782 0.0 0.8985507246376812 1057.6094605460464 20.154075155994484 143
0.8586956521739131 0.14130434782608695 0.0 0.8505747126436781 0.14942528735632185 0.0 0.9770114942528736 1017.1991057240483 21.079504386152156 92
0.9929577464788732 0.007042253521126761 0.0 0.9927007299270073 0.0072992700729927005 0.0 1.0 1068.5817965137649 18.09532685911075 142
0.948905109489051 0.051094890510948905 0.0 0.946969696969697 0.05303030303030303 0.0 0.7121212121212122 1070.9665608124517 18.97109511047976 137
0.9328358208955224 0.06716417910447761 0.0 0.9302325581395349 0.06976744186046512 0.0 0.7829457364341085 994.4211703522373 20.050397715472034 134
0.9 0.1 0.0 0.896 0.104 0.0 0.632 1022.1502812324742 19.43257117726865 130
0.9695121951219512 0.03048780487804878 0.0 0.9685534591194969 0.031446540880503145 0.0 0.3522012578616352 1000.7059422876729 16.787744920303737 164
0.9473684210526315 0.05263157894736842 0.0 0.9455782312925171 0.05442176870748299 0.0 0.6122448979591837 1086.401439796341 19.03171602309738 152
0.9633507853403142 0.03664921465968586 0.0 0.9623655913978495 0.03763440860215054 0.0 0.7043010752688172 1086.35828395971 17.89652632113829 191
0.8817204301075269 0.11827956989247312 0.0 0.875 0.125 0.0 0.6818181818181818 1008.966695045514 20.89106324026596 93
0.8378378378378378 0.16216216216216217 0.0 0.8260869565217391 0.17391304347826086 0.0 0.9565217391304348 967.9475039246535 25.955590878235363 74
0.9339622641509434 0.0660377358490566 0.0 0.9306930693069307 0.06930693069306931 0.0 0.5841584158415841 1039.8618487491028 20.864020714575645 106
0.8928571428571429 0.10714285714285714 0.0 0.8878504672897196 0.11214953271028037 0.0 0.5046728971962616 1073.0215659594214 20.539502394048217 112
0.8315789473684211 0.16842105263157894 0.0 0.8222222222222222 0.17777777777777778 0.0 1.0 932.7639333085452 23.63395979147741 95
0.9261744966442953 0.0738255033557047 0.0 0.9236111111111112 0.0763888888888889 0.0 0.7361111111111112 1076.3484328405596 19.178996672219935 149
0.9427083333333334 0.057291666666666664 0.0 0.946524064171123 0.053475935828877004 0.0 0.6898395721925134 1085.0706410064872 18.837788224828483 192
0.9298245614035088 0.07017543859649122 0.0 0.926605504587156 0.07339449541284404 0.0 0.8440366972477065 1018.7704826991783 20.084914732391766 114
0.9855072463768116 0.014492753623188406 0.0 0.9849624060150376 0.015037593984962405 0.0 0.39849624060150374 1034.972184410021 18.18716751871662 138
0.9274193548387096 0.07258064516129033 0.0 0.9243697478991597 0.07563025210084033 0.0 0.9159663865546218 1067.0755395815283 21.35891729840883 124
0.9879518072289156 0.012048192771084338 0.0 0.9875776397515528 0.012422360248447204 0.0 0.8012422360248447 1085.5474042102453 18.9883997041167 166
0.9 0.1 0.0 0.8962962962962963 0.1037037037037037 0.0 0.6 1076.9078852200973 19.34192791911686 140
0.8974358974358975 0.10256410256410256 0.0 0.8928571428571429 0.10714285714285714 0.0 0.8928571428571429 937.3820800337975 18.76377973793543 117
0.8860759493670886 0.11392405063291139 0.0 0.8888888888888888 0.1111111111111111 0.0 0.6535947712418301 1087.0505840152239 19.05747511869543 158
1.0 0.0 0.0 1.0 0.0 0.0 0.5416666666666666 1051.744934844376 18.324455555035048 149
0.927536231884058 0.07246376811594203 0.0 0.924812030075188 0.07518796992481203 0.0 0.7518796992481203 1046.7810651041007 19.01597252669199 138
0.8476190476190476 0.1523809523809524 0.0 0.84 0.16 0.0 1.0 1057.4812635806747 22.042237140348657 105
0.9285714285714286 0.07142857142857142 0.0 0.9252336448598131 0.07476635514018691 0.0 0.9906542056074766 1037.7568681997384 21.314274920011332 112
0.9230769230769231 0.07692307692307693 0.0 0.92 0.08 0.0 0.848 1044.7074259649557 19.916127077848046 130
0.9338235294117647 0.0661764705882353 0.0 0.9312977099236641 0.06870229007633588 0.0 0.5877862595419847 1067.066513968932 19.55570511836799 136
0.8947368421052632 0.10526315789473684 0.0 0.8899082568807339 0.11009174311926606 0.0 0.8348623853211009 1068.4963660891015 21.86452460584443 114
0.9555555555555556 0.044444444444444446 0.0 0.9542857142857143 0.045714285714285714 0.0 0.6971428571428572 1039.1056587724836 17.41374555486924 180
0.8469387755102041 0.15306122448979592 0.0 0.8387096774193549 0.16129032258064516 0.0 1.0 1049.481069702179 24.430949974251114 98
0.9256198347107438 0.0743801652892562 0.0 0.9224137931034483 0.07758620689655173 0.0 0.4224137931034483 1077.6098927645064 19.314709490167104 121
0.9453125 0.0546875 0.0 0.943089430894309 0.056910569105691054 0.0 0.4959349593495935 967.8158688904583 18.348884794534012 128
0.9565217391304348 0.043478260869565216 0.0 0.9548872180451128 0.045112781954887216 0.0 0.7443609022556391 1085.8929116711936 19.944603974352024 138
0.9097744360902256 0.09022556390977443 0.0 0.90625 0.09375 0.0 0.6484375 1074.141331258327 19.524219564814963 133
0.8818181818181818 0.11818181818181818 0.0 0.8761904761904762 0.12380952380952381 0.0 0.6857142857142857 988.50016572721 19.804117553303286 110
0.8538461538461538 0.14615384615384616 0.0 0.848 0.152 0.0 1.0 1086.2846432190886 20.988189077110544 130
0.907563025210084 0.09243697478991597 0.0 0.9035087719298246 0.09649122807017543 0.0 0.7982456140350878 1017.2623193501499 19.672022615855436 119
0.9828571428571429 0.017142857142857144 0.0 0.9823529411764705 0.01764705882352941 0.0 0.8 1083.6859758968312 18.552726071253563 175
0.9130434782608695 0.08695652173913043 0.0 0.9102564102564102 0.08974358974358974 0.0 0.75 1087.0165795617454 18.934401967646618 161
0.9196428571428571 0.08035714285714286 0.0 0.9158878504672897 0.08411214953271028 0.0 0.6355140186915887 1051.774604733858 20.359021452618002 112
0.9696969696969697 0.030303030303030304 0.0 0.96875 0.03125 0.0 0.63125 1010.6946054073221 17.570965967213805 165
0.9477611940298507 0.05223880597014925 0.0 0.9457364341085271 0.05426356589147287 0.0 0.8372093023255814 1034.9358910554765 19.282509045127572 134
0.8888888888888888 0.1111111111111111 0.0 0.8842975206611571 0.11570247933884298 0.0 0.859504132231405 1061.476004055396 20.02930245277813 126
0.9230769230769231 0.07692307692307693 0.0 0.92 0.08 0.0 0.976 1062.6172408184584 19.629442902106604 130
0.9357798165137615 0.06422018348623854 0.0 0.9326923076923077 0.0673076923076923 0.0 0.9615384615384616 1046.4426386627588 20.505228321822557 109
0.8849557522123894 0.11504424778761062 0.0 0.8796296296296297 0.12037037037037036 0.0 0.8333333333333334 1076.729260636747 20.798147583040983 113
0.9837837837837838 0.016216216216216217 0.0 0.9833333333333333 0.016666666666666666 0.0 0.4888888888888889 1081.1570849088628 17.24430074672301 185
0.8842105263157894 0.11578947368421053 0.0 0.8777777777777778 0.12222222222222222 0.0 0.6888888888888889 1086.9480583896218 22.039515320107512 95
1.0 0.0 0.0 1.0 0.0 0.0 0.0136986301369863 1034.304798242044 18.287347925564244 151
0.9689922480620154 0.031007751937984496 0.0 0.967741935483871 0.03225806451612903 0.0 0.7903225806451613 990.4172259560236 19.48393306510152 129
0.9016393442622951 0.09836065573770492 0.0 0.8974358974358975 0.10256410256410256 0.0 0.7264957264957265 1044.1755089410601 19.450177159479203 122
0.9942528735632183 0.005747126436781609 0.0 0.9940828402366864 0.005917159763313609 0.0 0.0 1073.5074039988483 16.94230198793154 174
0.946236559139785 0.053763440860215055 0.0 0.9431818181818182 0.056818181818181816 0.0 0.8181818181818182 964.1269630246171 22.215776720152796 93
0.9035087719298246 0.09649122807017543 0.0 0.8990825688073395 0.10091743119266056 0.0 0.944954128440367 957.6252293412836 20.763564789865626 114
0.9242424242424242 0.07575757575757576 0.0 0.9212598425196851 0.07874015748031496 0.0 0.5826771653543307 1069.5196501398007 19.749861998625228 132
0.9051724137931034 0.09482758620689655 0.0 0.9009009009009009 0.0990990990990991 0.0 0.972972972972973 1033.767625673644 21.0828825401285 116
0.9938271604938271 0.006172839506172839 0.0 0.9936305732484076 0.006369426751592357 0.0 0.03184713375796178 1004.7238174229899 18.28623654610241 162
0.9047619047619048 0.09523809523809523 0.0 0.9008264462809917 0.09917355371900827 0.0 0.859504132231405 1048.219121210542 21.100165924401157 126
0.9923664122137404 0.007633587786259542 0.0 0.9920634920634921 0.007936507936507936 0.0 0.007936507936507936 1006.3070139135355 18.938491370315408 131
0.875 0.125 0.0 0.8695652173913043 0.13043478260869565 0.0 0.591304347826087 1084.7718586153228 21.361278806561383 120
0.9366197183098591 0.06338028169014084 0.0 0.9343065693430657 0.06569343065693431 0.0 0.6934306569343066 1058.1677910296892 19.712336636173063 142
0.9428571428571428 0.05714285714285714 0.0 0.9407407407407408 0.05925925925925926 0.0 0.8592592592592593 964.8964566018292 18.046459901228694 140
0.9407407407407408 0.05925925925925926 0.0 0.9384615384615385 0.06153846153846154 0.0 0.6307692307692307 1070.3838114503671 18.451248148912825 135
0.967741935483871 0.03225806451612903 0.0 0.9666666666666667 0.03333333333333333 0.0 0.6533333333333333 1047.195983895039 19.107041152105996 155
0.9148936170212766 0.0851063829787234 0.0 0.9101123595505618 0.0898876404494382 0.0 0.7191011235955056 1049.9255868603886 20.54650583964419 94
0.9492753623188406 0.050724637681159424 0.0 0.9473684210526315 0.05263157894736842 0.0 0.924812030075188 1028.6861398448218 20.53005534512685 138
0.9219858156028369 0.07801418439716312 0.0 0.9191176470588235 0.08088235294117647 0.0 0.7941176470588235 1059.93173534452 18.30663850224799 141
0.917910447761194 0.08208955223880597 0.0 0.9147286821705426 0.08527131782945736 0.0 0.8217054263565892 1081.222677262442 19.821043326853847 134
0.9148936170212766 0.0851063829787234 0.0 0.9117647058823529 0.08823529411764706 0.0 0.7794117647058824 1086.8313621818309 20.884555989306204 141
0.9322033898305084 0.06779661016949153 0.0 0.9292035398230089 0.07079646017699115 0.0 0.9557522123893806 1049.0451064773206 20.33006545413824 118
0.9647887323943662 0.035211267605633804 0.0 0.9635036496350365 0.0364963503649635 0.0 0.8394160583941606 1084.3018001136288 19.54879432388625 142
0.9022556390977443 0.09774436090225563 0.0 0.8984375 0.1015625 0.0 0.984375 1080.0297481128232 21.367696550956055 133
0.9733333333333334 0.02666666666666667 0.0 0.9724137931034482 0.027586206896551724 0.0 0.7241379310344828 1061.2091711023904 18.790342544071486 150
0.9722222222222222 0.027777777777777776 0.0 0.9712230215827338 0.02877697841726619 0.0 0.8129496402877698 1022.6229572245079 19.370182427557538 144
0.9142857142857143 0.08571428571428572 0.0 0.91 0.09 0.0 0.9 1069.8389333848952 21.912798129291215 105
0.9416666666666667 0.058333333333333334 0.0 0.9391304347826087 0.06086956521739131 0.0 0.808695652173913 1057.6833173165885 20.166065727959424 120
0.9010989010989011 0.0989010989010989 0.0 0.8953488372093024 0.10465116279069768 0.0 0.7209302325581395 1068.7655140212553 20.387617444386088 91
0.950354609929078 0.04964539007092199 0.0 0.9485294117647058 0.051470588235294115 0.0 0.9485294117647058 1049.0868761689935 19.238669751567496 141
0.9428571428571428 0.05714285714285714 0.0 0.9407407407407408 0.05925925925925926 0.0 0.5851851851851851 1052.0774429083442 19.491967421419474 140
0.9338842975206612 0.06611570247933884 0.0 0.9310344827586207 0.06896551724137931 0.0 0.6810344827586207 1060.4485043903921 20.469747274599182 121
0.9222222222222223 0.07777777777777778 0.0 0.9176470588235294 0.08235294117647059 0.0 0.6941176470588235 1046.218359559844 23.13620780581101 90
0.8738738738738738 0.12612612612612611 0.0 0.8679245283018868 0.1320754716981132 0.0 0.8301886792452831 1071.363629198538 22.905841259920415 111
0.9310344827586207 0.06896551724137931 0.0 0.9279279279279279 0.07207207207207207 0.0 0.7027027027027027 1049.0513517245668 20.61069838928386 116
1.0 0.0 0.0 1.0 0.0 0.0 0.0 940.8749937623566 18.202768530686743 153
0.9393939393939394 0.06060606060606061 0.0 0.937007874015748 0.06299212598425197 0.0 0.6456692913385826 1086.7643441547305 20.02373831994314 132
0.9320388349514563 0.06796116504854369 0.0 0.9285714285714286 0.07142857142857142 0.0 0.8979591836734694 979.4239702444071 19.96220256953792 103
0.9152542372881356 0.0847457627118644 0.0 0.911504424778761 0.08849557522123894 0.0 0.6814159292035398 1080.7901633734853 20.878698990879453 118
0.9681528662420382 0.03184713375796178 0.0 0.9671052631578947 0.03289473684210526 0.0 0.881578947368421 1057.7512880007157 17.01913640282576 157
0.9935483870967742 0.0064516129032258064 0.0 0.9933333333333333 0.006666666666666667 0.0 0.8466666666666667 1029.625567111539 19.00777995818311 155
0.9419354838709677 0.05806451612903226 0.0 0.94 0.06 0.0 0.6333333333333333 1084.6082786056359 18.73576414943685 155
0.8709677419354839 0.12903225806451613 0.0 0.8636363636363636 0.13636363636363635 0.0 0.7272727272727273 1072.362091825858 22.72386144605002 93
0.9180327868852459 0.08196721311475409 0.0 0.9145299145299145 0.08547008547008547 0.0 0.8547008547008547 1056.8475841573866 20.465667619538852 122
0.8403361344537815 0.15966386554621848 0.0 0.8421052631578947 0.15789473684210525 0.0 0.9035087719298246 1087.4550140299898 21.6891538854351 119
0.9819819819819819 0.018018018018018018 0.0 0.9811320754716981 0.018867924528301886 0.0 0.8113207547169812 1040.615508085511 18.97784083737082 111
0.8787878787878788 0.12121212121212122 0.0 0.8740157480314961 0.12598425196850394 0.0 0.984251968503937 1010.6995867511981 19.93857261007397 132
0.8333333333333334 0.16666666666666666 0.0 0.8247422680412371 0.17525773195876287 0.0 0.5773195876288659 1087.4300621495456 18.791605695679458 102
0.9375 0.0625 0.0 0.9359605911330049 0.06403940886699508 0.0 0.5862068965517241 1086.6714603484581 16.50231844992254 208
0.8823529411764706 0.11764705882352941 0.0 0.8762886597938144 0.12371134020618557 0.0 0.865979381443299 1068.3564159827267 23.750119060604085 102
0.9254658385093167 0.07453416149068323 0.0 0.9230769230769231 0.07692307692307693 0.0 0.8910256410256411 1085.1722097997165 19.1505581688526 161
0.9285714285714286 0.07142857142857142 0.0 0.9259259259259259 0.07407407407407407 0.0 0.5259259259259259 1060.5845818156324 18.877779465609215 140
0.907563025210084 0.09243697478991597 0.0 0.9035087719298246 0.09649122807017543 0.0 0.9210526315789473 1053.5583531921486 20.29879015733535 119
0.9304347826086956 0.06956521739130435 0.0 0.9272727272727272 0.07272727272727272 0.0 0.8 1051.502259160469 20.457602204214073 115
0.9620253164556962 0.0379746835443038 0.0 0.9607843137254902 0.0392156862745098 0.0 0.7124183006535948 1047.4593337415486 17.710193035241712 158
0.9212598425196851 0.07874015748031496 0.0 0.9180327868852459 0.08196721311475409 0.0 0.7295081967213115 1084.2425377148888 20.15871376562515 127
0.9263157894736842 0.07368421052631578 0.0 0.9222222222222223 0.07777777777777778 0.0 0.9666666666666667 1074.4012614372882 22.5465052218816 95
0.8918918918918919 0.10810810810810811 0.0 0.8867924528301887 0.11320754716981132 0.0 0.9245283018867925 1053.180834559995 21.344931368753695 111
0.8968253968253969 0.10317460317460317 0.0 0.8925619834710744 0.10743801652892562 0.0 0.768595041322314 1073.1951422872928 20.194662250479524 126
0.8928571428571429 0.10714285714285714 0.0 0.8860759493670886 0.11392405063291139 0.0 0.759493670886076 1073.304985098483 22.612217025232912 84
0.8518518518518519 0.14814814814814814 0.0 0.8421052631578947 0.15789473684210525 0.0 0.7763157894736842 1046.0973720384025 22.378360580703077 81
0.8968253968253969 0.10317460317460317 0.0 0.8925619834710744 0.10743801652892562 0.0 0.8016528925619835 1086.1609854486308 20.74148473515417 126
0.953757225433526 0.046242774566473986 0.0 0.9523809523809523 0.047619047619047616 0.0 0.6785714285714286 1084.7609156357325 18.837017817192585 173
0.9481481481481482 0.05185185185185185 0.0 0.9461538461538461 0.05384615384615385 0.0 0.6076923076923076 1053.5569428679264 18.38249402562513 135
0.9451219512195121 0.054878048780487805 0.0 0.9433962264150944 0.05660377358490566 0.0 0.6289308176100629 1085.748794862316 19.4216026820803 164
0.8952380952380953 0.10476190476190476 0.0 0.89 0.11 0.0 0.72 1043.5582499837706 20.19272442081464 105
0.9562841530054644 0.04371584699453552 0.0 0.9550561797752809 0.0449438202247191 0.0 0.7303370786516854 1085.0790651458644 18.553284571566188 183
0.9339622641509434 0.0660377358490566 0.0 0.9306930693069307 0.06930693069306931 0.0 0.7920792079207921 1054.4236339206716 21.49905855089614 106
0.937984496124031 0.06201550387596899 0.0 0.9354838709677419 0.06451612903225806 0.0 0.5806451612903226 1048.9802650920783 19.327861144551797 129
0.9357142857142857 0.06428571428571428 0.0 0.9333333333333333 0.06666666666666667 0.0 0.6148148148148148 1085.1797603964394 18.69817069912947 140
0.9236641221374046 0.07633587786259542 0.0 0.9206349206349206 0.07936507936507936 0.0 0.8412698412698413 1087.1419069413191 20.756420738422456 131
0.9345794392523364 0.06542056074766354 0.0 0.9313725490196079 0.06862745098039216 0.0 0.6176470588235294 1058.171690877715 19.814945024728814 107
0.8688524590163934 0.13114754098360656 0.0 0.8632478632478633 0.13675213675213677 0.0 0.905982905982906 1062.590151442961 22.930202139244145 122
0.9265536723163842 0.07344632768361582 0.0 0.9244186046511628 0.0755813953488372 0.0 0.7906976744186046 1085.9099890788177 19.021329718188614 177
0.898989898989899 0.10101010101010101 0.0 0.8936170212765957 0.10638297872340426 0.0 0.6595744680851063 1085.281876604964 20.094428243709196 99
0.8938053097345132 0.10619469026548672 0.0 0.8888888888888888 0.1111111111111111 0.0 0.5833333333333334 1087.0312562227234 18.916393733024243 113
0.8991596638655462 0.10084033613445378 0.0 0.8947368421052632 0.10526315789473684 0.0 0.7982456140350878 1075.325472856609 20.72519051648104 119
0.9264705882352942 0.07352941176470588 0.0 0.9236641221374046 0.07633587786259542 0.0 0.7557251908396947 1041.8114190104407 19.237143578082257 136
