0.8531468531468531 0.14685314685314685 0.0 0.8478260869565217 0.15217391304347827 0.0 0.9492753623188406 1054.6807855343225 19.4730482553258 143
0.9473684210526315 0.05263157894736842 0.0 0.944954128440367 0.05504587155963303 0.0 0.5412844036697247 1075.1767395067022 18.3534625148305 114
0.9264705882352942 0.07352941176470588 0.0 0.9236641221374046 0.07633587786259542 0.0 0.6335877862595419 1016.9382904799677 18.969283582477814 136
0.9 0.1 0.0 0.8956521739130435 0.10434782608695652 0.0 0.6347826086956522 1087.2755621206322 20.319078232143884 120
0.8992805755395683 0.10071942446043165 0.0 0.8955223880597015 0.1044776119402985 0.0 0.7686567164179104 1059.0254483052324 18.466510869903665 139
0.9183673469387755 0.08163265306122448 0.0 0.9139784946236559 0.08602150537634409 0.0 0.6559139784946236 1045.8595691024664 20.816219353417953 98
0.9791666666666666 0.020833333333333332 0.0 0.9784172661870504 0.02158273381294964 0.0 0.6546762589928058 971.052915358571 17.752789092079503 144
0.896551724137931 0.10344827586206896 0.0 0.8918918918918919 0.10810810810810811 0.0 0.6756756756756757 1044.0642553769417 20.278592932292327 116
0.8367346938775511 0.16326530612244897 0.0 0.8380281690140845 0.1619718309859155 0.0 0.6549295774647887 1087.1026630117483 19.726827304325514 147
0.8961038961038961 0.1038961038961039 0.0 0.8926174496644296 0.10738255033557047 0.0 0.8456375838926175 1071.964521782047 20.056659736076924 154
0.9787234042553191 0.02127659574468085 0.0 0.9779411764705882 0.022058823529411766 0.0 0.5294117647058824 1009.3247652321977 18.025941404983815 141
0.7931034482758621 0.20689655172413793 0.0 0.7926829268292683 0.2073170731707317 0.0 0.6341463414634146 1061.0962904211813 21.333304975781456 87
0.8571428571428571 0.14285714285714285 0.0 0.8515625 0.1484375 0.0 0.9609375 1073.7793712767752 19.768753084451145 133
0.95 0.05 0.0 0.9483870967741935 0.05161290322580645 0.0 0.8193548387096774 1073.556795747567 19.10842710575784 160
0.8814814814814815 0.11851851851851852 0.0 0.8769230769230769 0.12307692307692308 0.0 0.7076923076923077 1080.835249437944 19.570581588227284 135
0.9142857142857143 0.08571428571428572 0.0 0.9111111111111111 0.08888888888888889 0.0 0.6222222222222222 1065.4993371339492 18.099627586311176 140
0.9047619047619048 0.09523809523809523 0.0 0.9014084507042254 0.09859154929577464 0.0 0.9929577464788732 1022.0256372197076 20.179685532044353 147
0.8653846153846154 0.1346153846153846 0.0 0.8585858585858586 0.1414141414141414 0.0 0.7575757575757576 1064.558256526061 20.727901641608206 104
0.8382352941176471 0.16176470588235295 0.0 0.8320610687022901 0.16793893129770993 0.0 0.7022900763358778 1041.7256062176998 19.306547751330076 136
0.9099099099099099 0.09009009009009009 0.0 0.9056603773584906 0.09433962264150944 0.0 0.6226415094339622 1072.6624150607317 21.081015602439678 111
0.8870967741935484 0.11290322580645161 0.0 0.8823529411764706 0.11764705882352941 0.0 0.6386554621848739 1087.2161386545495 20.76520456655646 124
0.8602941176470589 0.13970588235294118 0.0 0.8549618320610687 0.1450381679389313 0.0 0.9465648854961832 1027.4540987494852 19.22944159800031 136
0.8865248226950354 0.11347517730496454 0.0 0.8823529411764706 0.11764705882352941 0.0 1.0 1069.8036306493532 19.7105991194295 141
0.86 0.14 0.0 0.8551724137931035 0.14482758620689656 0.0 0.8 1086.2261539137191 20.224338148548615 150
0.8571428571428571 0.14285714285714285 0.0 0.8515625 0.1484375 0.0 0.828125 1049.6077999927954 19.206863349287513 133
0.9022556390977443 0.09774436090225563 0.0 0.8984375 0.1015625 0.0 0.65625 1076.5614052043288 19.835609727157856 133
0.9631901840490797 0.03680981595092025 0.0 0.9620253164556962 0.0379746835443038 0.0 0.1962025316455696 1076.5449138437214 18.28094828980639 163
0.9145299145299145 0.08547008547008547 0.0 0.9107142857142857 0.08928571428571429 0.0 0.4642857142857143 1081.9842000760693 19.936277338645258 117
0.9627329192546584 0.037267080745341616 0.0 0.9615384615384616 0.038461538461538464 0.0 0.5641025641025641 1028.7514533086985 18.25347177263296 161
0.9140625 0.0859375 0.0 0.9105691056910569 0.08943089430894309 0.0 0.7642276422764228 1078.94750871132 20.79709187292439 128
0.9182389937106918 0.08176100628930817 0.0 0.9155844155844156 0.08441558441558442 0.0 0.8376623376623377 1086.3386973003956 18.388825242949025 159
0.8285714285714286 0.17142857142857143 0.0 0.82 0.18 0.0 0.78 1080.8272664725241 21.812299064178685 105
0.959731543624161 0.040268456375838924 0.0 0.9583333333333334 0.041666666666666664 0.0 0.8611111111111112 1045.5120338083398 19.3366482989799 149
0.968 0.032 0.0 0.9666666666666667 0.03333333333333333 0.0 0.5583333333333333 1056.710758807365 19.518233259020484 125
0.890625 0.109375 0.0 0.8861788617886179 0.11382113821138211 0.0 0.9512195121951219 1007.6034574175459 20.235099604138345 128
0.9702380952380952 0.02976190476190476 0.0 0.9693251533742331 0.03067484662576687 0.0 0.0 1055.6267411952692 17.387570953224163 168
0.9097744360902256 0.09022556390977443 0.0 0.90625 0.09375 0.0 0.9609375 1079.4834337441685 20.527499700102094 133
0.8351648351648352 0.16483516483516483 0.0 0.8255813953488372 0.1744186046511628 0.0 0.872093023255814 1023.9065713903217 21.95993934358159 91
0.9 0.1 0.0 0.896 0.104 0.0 0.984 1062.0081602719201 19.334440834690636 130
0.9065420560747663 0.09345794392523364 0.0 0.9019607843137255 0.09803921568627451 0.0 0.9803921568627451 1075.513331377959 22.609563506523692 107
0.8899082568807339 0.11009174311926606 0.0 0.8942307692307693 0.10576923076923077 0.0 0.75 1064.543909325822 21.145321501315514 109
0.9403973509933775 0.059602649006622516 0.0 0.9383561643835616 0.06164383561643835 0.0 0.821917808219178 1043.2635718807671 18.823424148816375 151
0.9827586206896551 0.017241379310344827 0.0 0.9822485207100592 0.01775147928994083 0.0 0.8106508875739645 1084.987223629493 18.63104051447597 174
0.9177215189873418 0.08227848101265822 0.0 0.9150326797385621 0.08496732026143791 0.0 0.7777777777777778 1085.0571389994896 19.987054486635483 158
0.9173553719008265 0.08264462809917356 0.0 0.9137931034482759 0.08620689655172414 0.0 0.8793103448275862 1074.7180250418676 21.18131302183966 121
0.9391304347826087 0.06086956521739131 0.0 0.9363636363636364 0.06363636363636363 0.0 0.7727272727272727 1086.4219213530093 20.316534611075348 115
0.8404255319148937 0.1595744680851064 0.0 0.8314606741573034 0.16853932584269662 0.0 0.8202247191011236 1028.3580682064323 21.96800018704048 94
0.9125 0.0875 0.0 0.9096774193548387 0.09032258064516129 0.0 0.9096774193548387 1086.0071485823976 18.83874979509368 160
0.8677685950413223 0.1322314049586777 0.0 0.8620689655172413 0.13793103448275862 0.0 0.6120689655172413 1065.9640042742724 21.92211356882044 121
0.9035087719298246 0.09649122807017543 0.0 0.8990825688073395 0.10091743119266056 0.0 0.7064220183486238 1028.3727257178573 20.820491896733227 114
0.9469026548672567 0.05309734513274336 0.0 0.9444444444444444 0.05555555555555555 0.0 0.9814814814814815 1067.8780487985996 22.029961570548767 113
0.950354609929078 0.04964539007092199 0.0 0.9485294117647058 0.051470588235294115 0.0 0.6911764705882353 975.3201655143888 18.933859752375852 141
0.9918032786885246 0.00819672131147541 0.0 0.9914529914529915 0.008547008547008548 0.0 0.8974358974358975 961.9331535510208 19.513455599814524 122
0.8985507246376812 0.10144927536231885 0.0 0.9022556390977443 0.09774436090225563 0.0 0.8872180451127819 1086.817031930655 19.569543022215445 138
1.0 0.0 0.0 1.0 0.0 0.0 0.006369426751592357 993.1572674796657 17.649567960908296 162
0.9322033898305084 0.06779661016949153 0.0 0.9292035398230089 0.07079646017699115 0.0 0.9469026548672567 1063.8505520077845 20.556746591733773 118
0.9876543209876543 0.012345679012345678 0.0 0.9872611464968153 0.012738853503184714 0.0 0.7770700636942676 1052.8373865197839 18.581528479634986 162
0.8955223880597015 0.1044776119402985 0.0 0.8914728682170543 0.10852713178294573 0.0 0.7596899224806202 1044.1661709511789 19.84885155503573 134
0.9030303030303031 0.09696969696969697 0.0 0.9 0.1 0.0 0.7375 1087.3615409307508 18.57182182950031 165
0.8861788617886179 0.11382113821138211 0.0 0.8813559322033898 0.11864406779661017 0.0 0.7372881355932204 1073.8368386273598 19.83233011085923 123
0.9021739130434783 0.09782608695652174 0.0 0.896551724137931 0.10344827586206896 0.0 0.7241379310344828 964.753879882109 21.341988990336276 92
0.9117647058823529 0.08823529411764706 0.0 0.9072164948453608 0.09278350515463918 0.0 0.7628865979381443 1053.0751484024468 22.058958331107203 102
0.8823529411764706 0.11764705882352941 0.0 0.8778625954198473 0.12213740458015267 0.0 0.9770992366412213 1035.8109961565585 19.663724527209503 136
0.9310344827586207 0.06896551724137931 0.0 0.9279279279279279 0.07207207207207207 0.0 0.7747747747747747 1036.9179875081975 20.483498388719145 116
0.8469387755102041 0.15306122448979592 0.0 0.8387096774193549 0.16129032258064516 0.0 0.956989247311828 1066.9371447335961 21.83482432641455 98
0.9466666666666667 0.05333333333333334 0.0 0.9448275862068966 0.05517241379310345 0.0 0.8413793103448276 1067.7393498156086 18.914279596924832 150
0.9281437125748503 0.0718562874251497 0.0 0.9259259259259259 0.07407407407407407 0.0 0.6604938271604939 1087.245663033374 19.499953621050526 167
0.916030534351145 0.08396946564885496 0.0 0.9126984126984127 0.0873015873015873 0.0 0.8333333333333334 1051.639237323515 20.0505828945099 131
0.865979381443299 0.13402061855670103 0.0 0.8586956521739131 0.14130434782608695 0.0 0.7608695652173914 1045.6424234107076 23.166655032090226 97
0.8947368421052632 0.10526315789473684 0.0 0.8899082568807339 0.11009174311926606 0.0 0.8899082568807339 1049.6527957185262 19.58187208641321 114
0.8992248062015504 0.10077519379844961 0.0 0.8951612903225806 0.10483870967741936 0.0 0.8629032258064516 1055.9899989925802 19.948771783892653 129
0.9012345679012346 0.09876543209876543 0.0 0.8947368421052632 0.10526315789473684 0.0 0.5789473684210527 1061.0887550340096 22.1364662008557 81
0.8487394957983193 0.15126050420168066 0.0 0.8421052631578947 0.15789473684210525 0.0 0.7192982456140351 1084.5425165246634 21.86097104777349 119
0.8834355828220859 0.1165644171779141 0.0 0.879746835443038 0.12025316455696203 0.0 0.7341772151898734 1086.8556592812731 19.649765618575827 163
0.888 0.112 0.0 0.8833333333333333 0.11666666666666667 0.0 0.9083333333333333 1074.779806358435 21.45270483825531 125
0.975609756097561 0.024390243902439025 0.0 0.9748427672955975 0.025157232704402517 0.0 0.779874213836478 1017.1767147695464 18.205789002597015 164
0.9026548672566371 0.09734513274336283 0.0 0.8981481481481481 0.10185185185185185 0.0 0.8796296296296297 1049.4520468191015 20.928065956929146 113
0.8897058823529411 0.11029411764705882 0.0 0.8854961832061069 0.11450381679389313 0.0 0.7633587786259542 1087.396656249181 19.988661623481455 136
0.924812030075188 0.07518796992481203 0.0 0.921875 0.078125 0.0 0.7109375 1071.0875038707477 21.079451586427577 133
0.8272727272727273 0.17272727272727273 0.0 0.819047619047619 0.18095238095238095 0.0 0.8952380952380953 1049.689314530717 21.963823819997078 110
0.8802816901408451 0.11971830985915492 0.0 0.8759124087591241 0.12408759124087591 0.0 0.8905109489051095 1070.3041843607714 20.859982261624054 142
0.8807339449541285 0.11926605504587157 0.0 0.875 0.125 0.0 0.8557692307692307 1067.8503744579941 22.222786213804245 109
0.9191176470588235 0.08088235294117647 0.0 0.916030534351145 0.08396946564885496 0.0 0.7786259541984732 1022.6542190951518 18.328438102644302 136
0.9038461538461539 0.09615384615384616 0.0 0.898989898989899 0.10101010101010101 0.0 0.696969696969697 1079.4863185813338 21.231670697716773 104
0.839622641509434 0.16037735849056603 0.0 0.8316831683168316 0.16831683168316833 0.0 0.8910891089108911 1049.428972679937 21.935527155605087 106
0.9343065693430657 0.06569343065693431 0.0 0.9318181818181818 0.06818181818181818 0.0 0.6818181818181818 1073.9834693739192 20.275082246083056 137
0.8898305084745762 0.11016949152542373 0.0 0.8849557522123894 0.11504424778761062 0.0 0.7876106194690266 1009.213456849812 20.31684300802368 118
0.9771428571428571 0.022857142857142857 0.0 0.9764705882352941 0.023529411764705882 0.0 0.9058823529411765 1078.3804538401093 18.389627136218255 175
0.9064748201438849 0.09352517985611511 0.0 0.9029850746268657 0.09701492537313433 0.0 0.47761194029850745 1063.872754213924 19.01209502101387 139
0.905982905982906 0.09401709401709402 0.0 0.9017857142857143 0.09821428571428571 0.0 0.9375 1066.482596339293 21.273870965887387 117
0.7878787878787878 0.21212121212121213 0.0 0.7872340425531915 0.2127659574468085 0.0 0.776595744680851 1044.5838532574573 23.211269501601922 99
0.9302325581395349 0.06976744186046512 0.0 0.9274193548387096 0.07258064516129033 0.0 0.6451612903225806 1015.8202681304423 19.818441283151582 129
0.823943661971831 0.176056338028169 0.0 0.8175182481751825 0.18248175182481752 0.0 0.7007299270072993 1087.335576559327 20.2025542400049 142
0.9274193548387096 0.07258064516129033 0.0 0.9243697478991597 0.07563025210084033 0.0 0.35294117647058826 1033.716477841554 20.775872802817247 124
0.9056603773584906 0.09433962264150944 0.0 0.900990099009901 0.09900990099009901 0.0 0.6831683168316832 1018.1569490605686 20.83959924701212 106
0.8701298701298701 0.12987012987012986 0.0 0.8657718120805369 0.1342281879194631 0.0 0.7248322147651006 1087.3447588314605 18.854704183212675 154
0.8712871287128713 0.12871287128712872 0.0 0.8645833333333334 0.13541666666666666 0.0 0.9791666666666666 1078.8073053656324 23.535351107233627 101
0.822429906542056 0.17757009345794392 0.0 0.8137254901960784 0.18627450980392157 0.0 0.5784313725490197 1081.1792174971138 19.528373951574615 107
0.9180327868852459 0.08196721311475409 0.0 0.9145299145299145 0.08547008547008547 0.0 0.5555555555555556 1079.7075257271792 19.98955213304849 122
0.9426751592356688 0.05732484076433121 0.0 0.9407894736842105 0.05921052631578947 0.0 0.6578947368421053 1081.4139505633268 18.81550334942228 157
0.9210526315789473 0.07894736842105263 0.0 0.9174311926605505 0.08256880733944955 0.0 0.7431192660550459 1052.1169821207952 20.668661162730007 114
0.8811188811188811 0.11888111888111888 0.0 0.8768115942028986 0.12318840579710146 0.0 0.6376811594202898 1064.8417221614914 19.328101200952357 143
0.9029126213592233 0.0970873786407767 0.0 0.8979591836734694 0.10204081632653061 0.0 1.0 1080.0013890665377 22.491045406545815 103
0.9264705882352942 0.07352941176470588 0.0 0.9236641221374046 0.07633587786259542 0.0 0.7404580152671756 1071.6581959016794 20.552530891778527 136
0.9635036496350365 0.0364963503649635 0.0 0.9621212121212122 0.03787878787878788 0.0 0.9621212121212122 1074.5019971525483 19.57132450712205 137
0.8623853211009175 0.13761467889908258 0.0 0.8557692307692307 0.14423076923076922 0.0 0.75 1073.031783031722 21.457726082697175 109
0.9333333333333333 0.06666666666666667 0.0 0.9304347826086956 0.06956521739130435 0.0 0.782608695652174 1045.988520842293 20.206799821061868 120
0.9043478260869565 0.09565217391304348 0.0 0.9 0.1 0.0 0.8454545454545455 1060.169338442559 20.43085099388659 115
0.8625954198473282 0.13740458015267176 0.0 0.8571428571428571 0.14285714285714285 0.0 0.5238095238095238 1086.8661027644002 19.169720646326557 131
0.9185185185185185 0.08148148148148149 0.0 0.9153846153846154 0.08461538461538462 0.0 0.6230769230769231 1066.4230318617322 19.592833553442006 135
0.9 0.1 0.0 0.8952380952380953 0.10476190476190476 0.0 0.9333333333333333 1077.0904803603503 21.377274059950725 110
0.9629629629629629 0.037037037037037035 0.0 0.9615384615384616 0.038461538461538464 0.0 0.7615384615384615 1036.3869371307594 19.811638126176515 135
0.6847826086956522 0.30434782608695654 0.010869565217391304 0.6666666666666666 0.3218390804597701 0.011494252873563218 0.735632183908046 1046.0603825858207 22.005910490247437 92
0.9875776397515528 0.012422360248447204 0.0 0.9935897435897436 0.00641025641025641 0.0 0.8269230769230769 1003.1885836005639 18.389665633802927 161
0.9473684210526315 0.05263157894736842 0.0 0.9455782312925171 0.05442176870748299 0.0 0.7074829931972789 1071.984049152382 18.708330313845874 152
0.8653846153846154 0.1346153846153846 0.0 0.8585858585858586 0.1414141414141414 0.0 0.9393939393939394 1059.3404677712074 22.146610462843974 104
0.8759124087591241 0.12408759124087591 0.0 0.8863636363636364 0.11363636363636363 0.0 0.7651515151515151 1079.6788089157644 18.87513291762939 137
0.9375 0.0625 0.0 0.9345794392523364 0.06542056074766354 0.0 0.8317757009345794 1057.2679837759476 21.01884532596123 112
0.9298245614035088 0.07017543859649122 0.0 0.926605504587156 0.07339449541284404 0.0 0.5504587155963303 1050.848746732431 19.17660195859003 114
0.935064935064935 0.06493506493506493 0.0 0.9328859060402684 0.06711409395973154 0.0 0.6241610738255033 1007.6901774511834 18.658799738732778 154
0.9098360655737705 0.09016393442622951 0.0 0.905982905982906 0.09401709401709402 0.0 0.6324786324786325 1043.0191498024944 19.798884261996125 122
0.9416058394160584 0.058394160583941604 0.0 0.9393939393939394 0.06060606060606061 0.0 0.7348484848484849 1018.3489493650018 19.820193180911478 137
0.9259259259259259 0.07407407407407407 0.0 0.9230769230769231 0.07692307692307693 0.0 0.676923076923077 1067.0654804107958 19.472657053738057 135
0.937984496124031 0.06201550387596899 0.0 0.9354838709677419 0.06451612903225806 0.0 0.75 1010.476521255503 18.74579406482332 129
0.8986486486486487 0.10135135135135136 0.0 0.8951048951048951 0.1048951048951049 0.0 0.7202797202797203 1086.1779236914429 19.062778645727473 148
0.9242424242424242 0.07575757575757576 0.0 0.9212598425196851 0.07874015748031496 0.0 0.9291338582677166 1066.441393333627 19.902052558808684 132
0.9205298013245033 0.07947019867549669 0.0 0.9178082191780822 0.0821917808219178 0.0 0.7397260273972602 1063.035154477174 18.822816115422842 151
0.8811881188118812 0.1188118811881188 0.0 0.875 0.125 0.0 0.90625 1021.0555705251442 21.597216899336132 101
0.9714285714285714 0.02857142857142857 0.0 0.9705882352941176 0.029411764705882353 0.0 0.7941176470588235 1066.8556783549006 17.9465492209334 175
0.8879310344827587 0.11206896551724138 0.0 0.8828828828828829 0.11711711711711711 0.0 0.8648648648648649 1075.464758909545 21.10266512231432 116
0.8907563025210085 0.1092436974789916 0.0 0.8859649122807017 0.11403508771929824 0.0 0.9035087719298246 1057.969558197502 19.40350836825732 119
1.0 0.0 0.0 1.0 0.0 0.0 0.6647398843930635 948.210988349673 17.808363221179686 178
0.9320388349514563 0.06796116504854369 0.0 0.9285714285714286 0.07142857142857142 0.0 0.7142857142857143 1006.9611659160671 20.16782773287589 103
0.9455782312925171 0.05442176870748299 0.0 0.9436619718309859 0.056338028169014086 0.0 0.7676056338028169 1004.9141987942116 18.20496411980724 147
0.904 0.096 0.0 0.9 0.1 0.0 0.9333333333333333 993.0035264192958 19.651467056840456 125
0.9157894736842105 0.08421052631578947 0.0 0.9111111111111111 0.08888888888888889 0.0 0.8333333333333334 968.6520948145775 22.11363876021927 95
0.9203539823008849 0.07964601769911504 0.0 0.9166666666666666 0.08333333333333333 0.0 0.75 1057.921843556699 19.8815288560268 113
0.8923076923076924 0.1076923076923077 0.0 0.888 0.112 0.0 0.984 1023.5223129553124 20.716761322733866 130
0.923728813559322 0.07627118644067797 0.0 0.9203539823008849 0.07964601769911504 0.0 0.7876106194690266 1084.032689086716 20.860316096503627 118
0.8314606741573034 0.16853932584269662 0.0 0.8214285714285714 0.17857142857142858 0.0 0.8928571428571429 1059.2038737363662 24.32503200403416 89
0.9887005649717514 0.011299435028248588 0.0 0.9883720930232558 0.011627906976744186 0.0 0.7558139534883721 1039.7883007817 18.130938820902138 177
0.935672514619883 0.06432748538011696 0.0 0.9337349397590361 0.06626506024096386 0.0 0.8253012048192772 1073.9074928071236 18.621471522339753 171
0.8536585365853658 0.14634146341463414 0.0 0.8441558441558441 0.15584415584415584 0.0 0.987012987012987 1032.2336933182337 23.255658197798482 82
0.9304347826086956 0.06956521739130435 0.0 0.9272727272727272 0.07272727272727272 0.0 0.9272727272727272 989.8033785847025 19.186709939142712 115
0.88 0.12 0.0 0.875 0.125 0.0 0.8 1034.6622456891128 20.164710889320485 125
0.9444444444444444 0.05555555555555555 0.0 0.9504132231404959 0.049586776859504134 0.0 0.6694214876033058 1077.926307260683 17.94053535008767 126
0.926829268292683 0.07317073170731707 0.0 0.923728813559322 0.07627118644067797 0.0 0.8135593220338984 1043.455268884253 20.510620566926118 123
0.9487179487179487 0.05128205128205128 0.0 0.9470198675496688 0.052980132450331126 0.0 0.6887417218543046 1050.7621630373221 18.755256777352486 156
0.9365079365079365 0.06349206349206349 0.0 0.9338842975206612 0.06611570247933884 0.0 0.6446280991735537 1004.8403587850213 19.38242129393403 126
0.8653846153846154 0.1346153846153846 0.0 0.8585858585858586 0.1414141414141414 0.0 0.7272727272727273 1032.8270719970228 19.649666900880685 104
0.9256756756756757 0.07432432432432433 0.0 0.9230769230769231 0.07692307692307693 0.0 0.7202797202797203 1072.315141073181 18.654831848647373 148
0.9562043795620438 0.043795620437956206 0.0 0.9545454545454546 0.045454545454545456 0.0 0.9015151515151515 1029.427924386845 19.600269732381534 137
0.8780487804878049 0.12195121951219512 0.0 0.8728813559322034 0.1271186440677966 0.0 0.6694915254237288 1060.193033619082 20.038537326915144 123
0.953125 0.046875 0.0 0.9512195121951219 0.04878048780487805 0.0 0.7073170731707317 1069.4712687566 18.768315631491983 128
1.0 0.0 0.0 1.0 0.0 0.0 0.0 1030.3206153378546 18.117217137172908 166
0.8448275862068966 0.15517241379310345 0.0 0.8378378378378378 0.16216216216216217 0.0 0.9279279279279279 1087.4102032290853 20.876915577213225 116
0.9210526315789473 0.07894736842105263 0.0 0.9174311926605505 0.08256880733944955 0.0 0.7614678899082569 1049.6013831611301 18.811531233514266 114
0.864 0.136 0.0 0.8583333333333333 0.14166666666666666 0.0 1.0 930.081940107059 20.10968722762467 125
0.8686868686868687 0.13131313131313133 0.0 0.8617021276595744 0.13829787234042554 0.0 0.7872340425531915 1076.5028234434299 20.84165007133155 99
0.9186991869918699 0.08130081300813008 0.0 0.9152542372881356 0.0847457627118644 0.0 0.8389830508474576 1064.4993557297437 20.956532061463264 123
0.9130434782608695 0.08695652173913043 0.0 0.9090909090909091 0.09090909090909091 0.0 0.9454545454545454 1054.960658427577 20.866560051356398 115
0.9152542372881356 0.0847457627118644 0.0 0.911504424778761 0.08849557522123894 0.0 0.831858407079646 1079.2468223286915 19.890765562144985 118
0.936 0.064 0.0 0.9333333333333333 0.06666666666666667 0.0 0.875 1077.7826588816968 19.968775035479513 125
0.9103448275862069 0.0896551724137931 0.0 0.9071428571428571 0.09285714285714286 0.0 0.7857142857142857 1051.0130412008218 17.822089242157876 145
0.9156626506024096 0.08433734939759036 0.0 0.9130434782608695 0.08695652173913043 0.0 0.8198757763975155 1086.436802924211 19.46397857631039 166
0.9076923076923077 0.09230769230769231 0.0 0.904 0.096 0.0 0.76 1084.9236023052842 20.205917133489752 130
1.0 0.0 0.0 1.0 0.0 0.0 0.0 1053.7674333104578 18.39511328053254 171
0.8181818181818182 0.18181818181818182 0.0 0.8103448275862069 0.1896551724137931 0.0 0.9568965517241379 1053.9033096546027 21.796065424195692 121
0.8278688524590164 0.1721311475409836 0.0 0.8205128205128205 0.1794871794871795 0.0 0.6752136752136753 1086.9823443867467 19.889676784608056 122
0.832 0.168 0.0 0.825 0.175 0.0 1.0 1067.4079840222541 21.45610515302947 125
0.9775280898876404 0.02247191011235955 0.0 0.9826589595375722 0.017341040462427744 0.0 0.0 1083.7880335562234 17.47838042741695 178
0.8832116788321168 0.11678832116788321 0.0 0.8787878787878788 0.12121212121212122 0.0 0.8409090909090909 1080.1534886443187 20.060160956277894 137
0.8194444444444444 0.18055555555555555 0.0 0.8059701492537313 0.19402985074626866 0.0 0.8656716417910447 1070.7276944203911 22.463397872884805 72
0.9210526315789473 0.07894736842105263 0.0 0.9174311926605505 0.08256880733944955 0.0 0.8899082568807339 1068.8920214046732 20.65686283043365 114
0.9741935483870968 0.025806451612903226 0.0 0.98 0.02 0.0 0.0 1071.3714855789185 16.92547263392215 155
0.9516129032258065 0.04838709677419355 0.0 0.9495798319327731 0.05042016806722689 0.0 0.8571428571428571 1059.8382183627116 19.933427797706223 124
0.9130434782608695 0.08695652173913043 0.0 0.9090909090909091 0.09090909090909091 0.0 0.7454545454545455 1061.0111715355677 19.944989495965036 115
0.9396551724137931 0.0603448275862069 0.0 0.9369369369369369 0.06306306306306306 0.0 0.6486486486486487 1036.9725876669586 20.568193981320185 116
0.9585798816568047 0.04142011834319527 0.0 0.9573170731707317 0.042682926829268296 0.0 0.823170731707317 1087.4060311678138 18.534703096844027 169
0.9875776397515528 0.012422360248447204 0.0 0.9871794871794872 0.01282051282051282 0.0 0.0 1045.198206686619 18.373822550543473 161
0.8956521739130435 0.10434782608695652 0.0 0.8909090909090909 0.10909090909090909 0.0 0.7909090909090909 1086.7534042927587 20.607950728681423 115
0.9067796610169492 0.09322033898305085 0.0 0.9026548672566371 0.09734513274336283 0.0 0.7787610619469026 1080.1593573313448 21.161366689944845 118
0.8902439024390244 0.10975609756097561 0.0 0.8831168831168831 0.11688311688311688 0.0 0.7792207792207793 1038.3737883068698 21.488936618892204 82
0.8181818181818182 0.18181818181818182 0.0 0.819047619047619 0.18095238095238095 0.0 0.7904761904761904 1041.3822868062168 20.934743763767354 110
0.8837209302325582 0.11627906976744186 0.0 0.8790322580645161 0.12096774193548387 0.0 0.9516129032258065 1070.5202777049512 20.332233986193565 129
0.8970588235294118 0.10294117647058823 0.0 0.8931297709923665 0.10687022900763359 0.0 0.7557251908396947 1075.4019504863431 19.30126007609894 136
0.9242424242424242 0.07575757575757576 0.0 0.9212598425196851 0.07874015748031496 0.0 0.8740157480314961 1057.832332116152 18.265893993422818 132
0.9166666666666666 0.08333333333333333 0.0 0.912621359223301 0.08737864077669903 0.0 0.883495145631068 1075.3599764537078 21.64813130434735 108
1.0 0.0 0.0 1.0 0.0 0.0 0.7278481012658228 1074.3931885037705 18.233875434131168 163
1.0 0.0 0.0 1.0 0.0 0.0 0.3674698795180723 1075.740876909957 17.723009573197317 171
0.9586776859504132 0.04132231404958678 0.0 0.9568965517241379 0.04310344827586207 0.0 0.5258620689655172 991.048226846387 20.49069990883545 121
0.9312977099236641 0.06870229007633588 0.0 0.9285714285714286 0.07142857142857142 0.0 0.5873015873015873 1041.842488398236 18.732873948200115 131
0.9230769230769231 0.07692307692307693 0.0 0.9205298013245033 0.07947019867549669 0.0 0.8013245033112583 1069.4972871255418 18.810167067681018 156
0.912621359223301 0.08737864077669903 0.0 0.9081632653061225 0.09183673469387756 0.0 0.7857142857142857 1019.5711784445043 22.004744191939352 103
0.9507042253521126 0.04929577464788732 0.0 0.9635036496350365 0.0364963503649635 0.0 0.49635036496350365 1084.469106064914 19.602786966818943 142
0.8818897637795275 0.11811023622047244 0.0 0.8770491803278688 0.12295081967213115 0.0 0.9918032786885246 1068.2629045639694 21.10952422410753 127
0.948905109489051 0.051094890510948905 0.0 0.946969696969697 0.05303030303030303 0.0 0.6742424242424242 1067.5928954802816 19.083910140638743 137
0.9304347826086956 0.06956521739130435 0.0 0.9272727272727272 0.07272727272727272 0.0 0.6727272727272727 1053.5043379586898 20.276915507124926 115
0.9206349206349206 0.07936507936507936 0.0 0.9173553719008265 0.08264462809917356 0.0 0.47107438016528924 1054.882605342334 18.967599389186095 126
0.9016393442622951 0.09836065573770492 0.0 0.8974358974358975 0.10256410256410256 0.0 0.6495726495726496 1055.0486477832017 21.646978540013286 122
0.8367346938775511 0.16326530612244897 0.0 0.8279569892473119 0.17204301075268819 0.0 0.8709677419354839 1036.7147608038229 21.65200061364464 98
0.8842975206611571 0.11570247933884298 0.0 0.8793103448275862 0.1206896551724138 0.0 0.6120689655172413 1071.499408826537 19.94629012781087 121
0.9933333333333333 0.006666666666666667 0.0 0.993103448275862 0.006896551724137931 0.0 0.7793103448275862 1084.5839516903081 18.958331714074717 150
0.821917808219178 0.1780821917808219 0.0 0.8088235294117647 0.19117647058823528 0.0 0.6323529411764706 1065.4136580185905 21.030292994520607 73
0.7956204379562044 0.20437956204379562 0.0 0.7878787878787878 0.21212121212121213 0.0 0.45454545454545453 1087.2624423171742 18.512829170026322 137
0.8776978417266187 0.1223021582733813 0.0 0.8805970149253731 0.11940298507462686 0.0 0.6865671641791045 1046.0106225708353 20.138786716227468 139
0.8898305084745762 0.11016949152542373 0.0 0.8849557522123894 0.11504424778761062 0.0 0.7522123893805309 1031.8791936871673 20.1865241063909 118
0.839622641509434 0.16037735849056603 0.0 0.8316831683168316 0.16831683168316833 0.0 0.8217821782178217 1048.8617703086338 20.903515757027847 106
0.9448818897637795 0.05511811023622047 0.0 0.9426229508196722 0.05737704918032787 0.0 0.7704918032786885 1049.6137745831252 19.888952655098624 127
0.8983050847457628 0.1016949152542373 0.0 0.8938053097345132 0.10619469026548672 0.0 0.6637168141592921 1077.0965981172772 20.97250735789126 118
0.8333333333333334 0.16666666666666666 0.0 0.8247422680412371 0.17525773195876287 0.0 0.8865979381443299 1068.8566365130125 20.809806687027383 102
0.9152542372881356 0.0847457627118644 0.0 0.9203539823008849 0.07964601769911504 0.0 0.6991150442477876 1051.7841393860856 20.903253925437557 118
0.9657534246575342 0.03424657534246575 0.0 0.9645390070921985 0.03546099290780142 0.0 0.8014184397163121 1030.8218712354878 20.056274947892096 146
0.8607594936708861 0.13924050632911392 0.0 0.8513513513513513 0.14864864864864866 0.0 0.6756756756756757 1085.31843756315 21.97914903200782 79
0.9766081871345029 0.023391812865497075 0.0 0.9759036144578314 0.024096385542168676 0.0 0.7108433734939759 1052.0860202985368 18.006714419059442 171
0.8666666666666667 0.13333333333333333 0.0 0.8588235294117647 0.1411764705882353 0.0 0.9529411764705882 990.2810659922001 22.7616317379235 90
0.9398496240601504 0.06015037593984962 0.0 0.9375 0.0625 0.0 0.6171875 994.6095454508347 19.38314012551032 133
0.9112903225806451 0.08870967741935484 0.0 0.907563025210084 0.09243697478991597 0.0 0.6134453781512605 1087.0258318540557 20.940381704760497 124
0.8548387096774194 0.14516129032258066 0.0 0.8487394957983193 0.15126050420168066 0.0 0.6554621848739496 1079.3856797109147 19.49880469746624 124
0.8737864077669902 0.1262135922330097 0.0 0.8673469387755102 0.1326530612244898 0.0 0.8163265306122449 1065.3643106282732 21.29786265760174 103
0.8852459016393442 0.11475409836065574 0.0 0.8803418803418803 0.11965811965811966 0.0 0.7094017094017094 1060.8134213366593 20.98140801208971 122
0.918918918918919 0.08108108108108109 0.0 0.916083916083916 0.08391608391608392 0.0 0.7832167832167832 1060.3283698898617 19.265902688387577 148
0.8928571428571429 0.10714285714285714 0.0 0.8888888888888888 0.1111111111111111 0.0 0.6 1087.1798473135193 19.115732981419818 140
0.9113924050632911 0.08860759493670886 0.0 0.9084967320261438 0.0915032679738562 0.0 0.9019607843137255 1080.7382290951361 17.631820997295815 158
0.8854961832061069 0.11450381679389313 0.0 0.8809523809523809 0.11904761904761904 0.0 0.7777777777777778 1086.4227339764411 21.14153723123836 131
0.8888888888888888 0.1111111111111111 0.0 0.8846153846153846 0.11538461538461539 0.0 0.7076923076923077 1058.2009133470126 20.1900640390743 135
0.8676470588235294 0.1323529411764706 0.0 0.8625954198473282 0.13740458015267176 0.0 0.7251908396946565 1086.9401601391646 20.100022829712785 136
0.9210526315789473 0.07894736842105263 0.0 0.9174311926605505 0.08256880733944955 0.0 0.7798165137614679 978.3364725513538 19.812875015949686 114
0.8925619834710744 0.10743801652892562 0.0 0.8879310344827587 0.11206896551724138 0.0 0.8189655172413793 976.2095068387893 20.649534641186694 121
0.8703703703703703 0.12962962962962962 0.0 0.8640776699029126 0.13592233009708737 0.0 0.8932038834951457 980.7241022919796 21.386850116802343 108
0.912621359223301 0.08737864077669903 0.0 0.9081632653061225 0.09183673469387756 0.0 0.8775510204081632 1084.4314321626734 22.126555566374535 103
0.8817204301075269 0.11827956989247312 0.0 0.875 0.125 0.0 0.8863636363636364 1087.3714115041346 21.318026523332996 93
0.9306930693069307 0.06930693069306931 0.0 0.9270833333333334 0.07291666666666667 0.0 0.8958333333333334 1069.8979275865363 22.50390001647629 101
0.8429752066115702 0.15702479338842976 0.0 0.8362068965517241 0.16379310344827586 0.0 0.7844827586206896 1056.3934780782047 21.69405131228001 121
0.9869281045751634 0.013071895424836602 0.0 0.9864864864864865 0.013513513513513514 0.0 0.013513513513513514 1042.7061940213546 18.42142819107989 153
0.9090909090909091 0.09090909090909091 0.0 0.9051724137931034 0.09482758620689655 0.0 0.6724137931034483 1023.2532022776534 20.009910006503997 121
0.9256756756756757 0.07432432432432433 0.0 0.9230769230769231 0.07692307692307693 0.0 0.8671328671328671 1072.7493432960973 19.52343505777654 148
0.9035087719298246 0.09649122807017543 0.0 0.8990825688073395 0.10091743119266056 0.0 0.8073394495412844 1014.9631558934525 20.786965250760048 114
0.9541984732824428 0.04580152671755725 0.0 0.9523809523809523 0.047619047619047616 0.0 0.8253968253968254 1059.2353487550508 20.011086277287895 131
0.8692307692307693 0.13076923076923078 0.0 0.864 0.136 0.0 0.704 1087.3411538402156 19.98492661467414 130
0.845360824742268 0.15463917525773196 0.0 0.8369565217391305 0.16304347826086957 0.0 0.8478260869565217 1053.1850685602153 21.488477879132137 97
0.9119496855345912 0.0880503144654088 0.0 0.9090909090909091 0.09090909090909091 0.0 0.7077922077922078 1087.4250133340904 19.64020878573803 159
0.9020979020979021 0.0979020979020979 0.0 0.8985507246376812 0.10144927536231885 0.0 0.7463768115942029 1077.8117691400018 19.71771260617934 143
0.9084507042253521 0.09154929577464789 0.0 0.9051094890510949 0.0948905109489051 0.0 0.5328467153284672 1050.6190176955447 17.891159168385478 142
0.896551724137931 0.10344827586206896 0.0 0.8902439024390244 0.10975609756097561 0.0 0.8902439024390244 947.3913520501694 22.107035144181634 87
0.907563025210084 0.09243697478991597 0.0 0.9035087719298246 0.09649122807017543 0.0 0.9122807017543859 1047.921247097918 19.99849204085104 119
0.9411764705882353 0.058823529411764705 0.0 0.9385964912280702 0.06140350877192982 0.0 0.8508771929824561 1073.7792036631813 19.930448418808496 119
0.9225352112676056 0.07746478873239436 0.0 0.9197080291970803 0.08029197080291971 0.0 0.656934306569343 1042.0861031638774 18.940082058437294 142
0.8951612903225806 0.10483870967741936 0.0 0.8907563025210085 0.1092436974789916 0.0 0.7478991596638656 1060.3433194204226 20.106652559655316 124
0.9142857142857143 0.08571428571428572 0.0 0.9111111111111111 0.08888888888888889 0.0 0.9333333333333333 985.0422111210485 19.002548528563132 140
0.9203539823008849 0.07964601769911504 0.0 0.9166666666666666 0.08333333333333333 0.0 0.75 1079.7343620496881 21.670337034972246 113
0.8671875 0.1328125 0.0 0.8617886178861789 0.13821138211382114 0.0 0.7154471544715447 1072.3216632542767 19.73398627570858 128
0.9090909090909091 0.09090909090909091 0.0 0.905511811023622 0.09448818897637795 0.0 0.7874015748031497 1087.130907451407 20.833120962032787 132
0.916030534351145 0.08396946564885496 0.0 0.9126984126984127 0.0873015873015873 0.0 0.8650793650793651 1061.813868111998 20.09043497769808 131
0.8870967741935484 0.11290322580645161 0.0 0.8823529411764706 0.11764705882352941 0.0 0.6218487394957983 1035.3245503387998 20.46768257904756 124
0.8888888888888888 0.1111111111111111 0.0 0.8839285714285714 0.11607142857142858 0.0 0.9910714285714286 1081.8884017839096 21.69505889614705 117
0.87248322147651 0.12751677852348994 0.0 0.8680555555555556 0.13194444444444445 0.0 0.6666666666666666 1087.328910949062 19.959114604479616 149
0.8823529411764706 0.11764705882352941 0.0 0.8771929824561403 0.12280701754385964 0.0 0.7631578947368421 1016.6846510597046 19.18392508475777 119
0.9583333333333334 0.041666666666666664 0.0 0.9568345323741008 0.04316546762589928 0.0 0.9136690647482014 969.5161841786129 18.557938457408355 144
0.9885714285714285 0.011428571428571429 0.0 0.9882352941176471 0.011764705882352941 0.0 0.28823529411764703 1076.6991559236058 18.322223156290253 175
0.9440559440559441 0.055944055944055944 0.0 0.9420289855072463 0.057971014492753624 0.0 0.5507246376811594 1078.2539205146554 19.041266631857376 143
0.99375 0.00625 0.0 0.9935483870967742 0.0064516129032258064 0.0 0.16129032258064516 1077.95240791712 17.547233234217504 160
0.8229166666666666 0.17708333333333334 0.0 0.8131868131868132 0.18681318681318682 0.0 0.7802197802197802 1007.8780826218278 21.43527559475206 96
0.9290780141843972 0.07092198581560284 0.0 0.9264705882352942 0.07352941176470588 0.0 0.7352941176470589 1024.147954955198 17.848865173605557 141
0.9148936170212766 0.0851063829787234 0.0 0.9191176470588235 0.08088235294117647 0.0 0.7647058823529411 1074.198356433097 18.54574710437797 141
0.8981481481481481 0.10185185185185185 0.0 0.8932038834951457 0.10679611650485436 0.0 0.5825242718446602 1060.5518259847327 21.151531941549273 108
0.9681528662420382 0.03184713375796178 0.0 0.9671052631578947 0.03289473684210526 0.0 0.756578947368421 1052.9360471785037 19.179977842100385 157
0.9741935483870968 0.025806451612903226 0.0 0.9733333333333334 0.02666666666666667 0.0 0.0 1056.636760863679 17.667865749559272 155
0.900709219858156 0.09929078014184398 0.0 0.8970588235294118 0.10294117647058823 0.0 0.6617647058823529 1078.8544949668592 19.392173646373614 141
0.9097744360902256 0.09022556390977443 0.0 0.90625 0.09375 0.0 0.734375 1064.4932347280856 20.471464876171005 133
0.9205298013245033 0.07947019867549669 0.0 0.9178082191780822 0.0821917808219178 0.0 0.8767123287671232 1065.8276860144333 20.280048336385164 151
0.920863309352518 0.07913669064748201 0.0 0.917910447761194 0.08208955223880597 0.0 0.6716417910447762 1036.7679410756111 19.31948801039431 139
0.9242424242424242 0.07575757575757576 0.0 0.9212598425196851 0.07874015748031496 0.0 0.7637795275590551 1084.8674479666893 19.853645538722652 132
0.9327731092436975 0.06722689075630252 0.0 0.9298245614035088 0.07017543859649122 0.0 0.7017543859649122 1054.4131222519038 19.98635262458978 119
0.9310344827586207 0.06896551724137931 0.0 0.9279279279279279 0.07207207207207207 0.0 0.990990990990991 1046.1130829145445 21.978892460318107 116
0.9290780141843972 0.07092198581560284 0.0 0.9264705882352942 0.07352941176470588 0.0 0.6691176470588235 1057.8900871022925 20.011231197600168 141
0.9016393442622951 0.09836065573770492 0.0 0.8974358974358975 0.10256410256410256 0.0 0.8205128205128205 1074.996664649467 20.242345508884217 122
0.8759124087591241 0.12408759124087591 0.0 0.8712121212121212 0.12878787878787878 0.0 0.8560606060606061 1082.9688369842718 20.516867819778497 137
0.8585858585858586 0.1414141414141414 0.0 0.851063829787234 0.14893617021276595 0.0 0.9361702127659575 1056.3415876478452 23.129369976815813 99
0.9811320754716981 0.018867924528301886 0.0 0.9805194805194806 0.01948051948051948 0.0 0.6103896103896104 1079.5870567228537 18.52402209345619 159
0.8433734939759037 0.1566265060240964 0.0 0.8333333333333334 0.16666666666666666 0.0 0.9743589743589743 989.0839967009579 21.61871718998816 83
0.9787234042553191 0.02127659574468085 0.0 0.9775280898876404 0.02247191011235955 0.0 0.7640449438202247 994.6026867560694 21.643049637921425 94
0.9928571428571429 0.007142857142857143 0.0 0.9925925925925926 0.007407407407407408 0.0 0.8962962962962963 1035.7852933531096 18.914190039800722 140
0.8974358974358975 0.10256410256410256 0.0 0.8928571428571429 0.10714285714285714 0.0 0.7589285714285714 1042.6265697577307 21.159332920074384 117
0.9624060150375939 0.03759398496240601 0.0 0.9609375 0.0390625 0.0 0.65625 1044.417054412641 18.751077976475617 133
0.9285714285714286 0.07142857142857142 0.0 0.9259259259259259 0.07407407407407407 0.0 0.7407407407407407 1022.505763609775 18.85829729183049 140
0.8905109489051095 0.10948905109489052 0.0 0.8863636363636364 0.11363636363636363 0.0 0.7878787878787878 1077.2592103627674 20.413198833975716 137
0.9548872180451128 0.045112781954887216 0.0 0.953125 0.046875 0.0 0.765625 1086.6900278309608 19.049511440771266 133
0.8969072164948454 0.10309278350515463 0.0 0.9021739130434783 0.09782608695652174 0.0 0.6847826086956522 1076.4350195182947 20.431499773467802 97
0.8947368421052632 0.10526315789473684 0.0 0.890625 0.109375 0.0 1.0 1016.3899625247983 21.163978765233914 133
0.8671875 0.1328125 0.0 0.8617886178861789 0.13821138211382114 0.0 0.7317073170731707 1076.5380852491667 19.723343961972635 128
0.9 0.1 0.0 0.8941176470588236 0.10588235294117647 0.0 1.0 1072.1912648463258 22.3354278862915 90
0.9032258064516129 0.0967741935483871 0.0 0.8991596638655462 0.10084033613445378 0.0 0.8403361344537815 1030.7435238553483 19.596415048713265 124
0.8976377952755905 0.10236220472440945 0.0 0.8934426229508197 0.10655737704918032 0.0 0.7459016393442623 1028.9354253647205 20.47409960106434 127
0.900709219858156 0.09929078014184398 0.0 0.8970588235294118 0.10294117647058823 0.0 0.7573529411764706 1052.4723126944057 19.638055002879987 141
0.9206349206349206 0.07936507936507936 0.0 0.9256198347107438 0.0743801652892562 0.0 0.9008264462809917 1072.2659193180396 20.427123785292594 126
0.9872611464968153 0.012738853503184714 0.0 0.9868421052631579 0.013157894736842105 0.0 0.8486842105263158 1062.9448324125547 18.296738142997615 157
0.8843537414965986 0.11564625850340136 0.0 0.8802816901408451 0.11971830985915492 0.0 0.7816901408450704 1087.312762735386 19.554919127109354 147
0.8518518518518519 0.14814814814814814 0.0 0.8421052631578947 0.15789473684210525 0.0 0.9473684210526315 1050.2490988610289 23.214504786179226 81
0.8785714285714286 0.12142857142857143 0.0 0.8740740740740741 0.1259259259259259 0.0 0.7111111111111111 1087.4751228714613 19.13296244077941 140
0.8629032258064516 0.13709677419354838 0.0 0.8571428571428571 0.14285714285714285 0.0 0.6890756302521008 1081.602092308082 21.446549004199703 124
0.9140625 0.0859375 0.0 0.9105691056910569 0.08943089430894309 0.0 0.7886178861788617 1058.2563535409745 20.517705050426766 128
0.8793103448275862 0.1206896551724138 0.0 0.8738738738738738 0.12612612612612611 0.0 0.7837837837837838 1085.1631143363952 21.81225259432533 116
0.8656716417910447 0.13432835820895522 0.0 0.8604651162790697 0.13953488372093023 0.0 0.627906976744186 1080.5169210665165 18.80869007122926 134
0.9794520547945206 0.02054794520547945 0.0 0.9787234042553191 0.02127659574468085 0.0 0.6666666666666666 1074.1421743579679 18.99674256114186 146
0.9251700680272109 0.07482993197278912 0.0 0.9225352112676056 0.07746478873239436 0.0 0.5633802816901409 1087.2027228588138 19.45212707905084 147
0.8571428571428571 0.14285714285714285 0.0 0.85 0.15 0.0 0.97 1059.0016198533835 21.901084234087627 105
0.9764705882352941 0.023529411764705882 0.0 0.9757575757575757 0.024242424242424242 0.0 0.7151515151515152 1069.9785691728962 17.933818432351906 170
0.9223300970873787 0.07766990291262135 0.0 0.9183673469387755 0.08163265306122448 0.0 0.6530612244897959 1087.3102370394183 21.33148718435669 103
0.9090909090909091 0.09090909090909091 0.0 0.9057971014492754 0.09420289855072464 0.0 0.782608695652174 1080.1811216392393 20.944371508014903 143
0.8695652173913043 0.13043478260869565 0.0 0.8620689655172413 0.13793103448275862 0.0 0.735632183908046 1059.0834244769524 21.114035252518523 92
0.9527027027027027 0.0472972972972973 0.0 0.951048951048951 0.04895104895104895 0.0 0.8321678321678322 1078.4257390424352 19.011849759362143 148
0.8461538461538461 0.15384615384615385 0.0 0.8482142857142857 0.15178571428571427 0.0 0.6160714285714286 1059.093580436699 19.251754898980224 117
0.8863636363636364 0.11363636363636363 0.0 0.891566265060241 0.10843373493975904 0.0 0.9156626506024096 1067.4284910681683 21.546725379316285 88
0.9503105590062112 0.049689440993788817 0.0 0.9487179487179487 0.05128205128205128 0.0 0.8397435897435898 1037.5317498099982 19.23423338377656 161
1.0 0.0 0.0 1.0 0.0 0.0 0.0 1075.2182218919513 18.31262371745371 160
0.8727272727272727 0.12727272727272726 0.0 0.8666666666666667 0.13333333333333333 0.0 0.9047619047619048 1031.667757656349 23.419038150844145 110
0.9620253164556962 0.0379746835443038 0.0 0.9607843137254902 0.0392156862745098 0.0 0.6470588235294118 1049.265848774159 19.295363329044402 158
0.8878504672897196 0.11214953271028037 0.0 0.8823529411764706 0.11764705882352941 0.0 0.9019607843137255 1069.748849127913 22.009982409847588 107
0.9631901840490797 0.03680981595092025 0.0 0.9620253164556962 0.0379746835443038 0.0 0.759493670886076 1086.1988173853715 19.082274035056024 163
0.8903225806451613 0.10967741935483871 0.0 0.8866666666666667 0.11333333333333333 0.0 0.82 1087.3943648245001 19.329458549169193 155
0.8333333333333334 0.16666666666666666 0.0 0.8256880733944955 0.1743119266055046 0.0 0.7981651376146789 1084.1225412412464 21.09812756090432 114
0.9166666666666666 0.08333333333333333 0.0 0.912621359223301 0.08737864077669903 0.0 0.970873786407767 1062.1647092011663 22.550675823094323 108
0.9416666666666667 0.058333333333333334 0.0 0.9391304347826087 0.06086956521739131 0.0 0.8347826086956521 1018.9526533985063 19.6324066964876 120
0.9140625 0.0859375 0.0 0.9105691056910569 0.08943089430894309 0.0 0.6422764227642277 1087.4191007024915 21.203334099376757 128
0.9294871794871795 0.07051282051282051 0.0 0.9271523178807947 0.0728476821192053 0.0 0.7682119205298014 1060.7265093220738 19.787227221494934 156
0.9571428571428572 0.04285714285714286 0.0 0.9555555555555556 0.044444444444444446 0.0 0.6962962962962963 1062.2240348525004 19.9156016035562 140
0.9172413793103448 0.08275862068965517 0.0 0.9142857142857143 0.08571428571428572 0.0 0.8 1085.5209466946833 19.854480082699613 145
0.9649122807017544 0.03508771929824561 0.0 0.963855421686747 0.03614457831325301 0.0 0.8493975903614458 1034.3075633386745 18.95546727694511 171
0.9401709401709402 0.05982905982905983 0.0 0.9375 0.0625 0.0 0.5535714285714286 962.6513700960218 20.13908388632102 117
0.8333333333333334 0.16666666666666666 0.0 0.8252427184466019 0.17475728155339806 0.0 1.0 885.6239736960471 21.999303808400626 108
0.926605504587156 0.07339449541284404 0.0 0.9230769230769231 0.07692307692307693 0.0 0.5961538461538461 1010.9817777863916 21.23391112963922 109
0.9796954314720813 0.02030456852791878 0.0 0.9791666666666666 0.020833333333333332 0.0 0.7291666666666666 1087.1368204263401 17.674117690541337 197
0.8787878787878788 0.12121212121212122 0.0 0.8723404255319149 0.1276595744680851 0.0 0.7659574468085106 1069.9809696105692 21.98807580685396 99
0.917910447761194 0.08208955223880597 0.0 0.9147286821705426 0.08527131782945736 0.0 0.8217054263565892 1087.4732646428388 20.031095540187557 134
0.8365384615384616 0.16346153846153846 0.0 0.8282828282828283 0.1717171717171717 0.0 0.7070707070707071 1067.0922615619095 20.041045924944193 104
0.8762886597938144 0.12371134020618557 0.0 0.8695652173913043 0.13043478260869565 0.0 0.9130434782608695 1067.2389334996842 22.653019019735098 97
0.9145299145299145 0.08547008547008547 0.0 0.9107142857142857 0.08928571428571429 0.0 0.75 1073.1569389866222 19.241004062779446 117
0.9878048780487805 0.012195121951219513 0.0 0.9874213836477987 0.012578616352201259 0.0 0.5911949685534591 1083.5769619039243 18.71768535970426 164
0.896774193548387 0.1032258064516129 0.0 0.8933333333333333 0.10666666666666667 0.0 0.56 1086.7245474439576 19.070898257841538 155
1.0 0.0 0.0 1.0 0.0 0.0 0.0 1027.6641196799808 17.94422372316506 158
0.9527027027027027 0.0472972972972973 0.0 0.951048951048951 0.04895104895104895 0.0 0.6223776223776224 1061.1544993566185 19.205002991549193 148
0.8981481481481481 0.10185185185185185 0.0 0.8932038834951457 0.10679611650485436 0.0 0.7184466019417476 1065.207512690265 20.563427230525136 108
0.9291338582677166 0.07086614173228346 0.0 0.9262295081967213 0.07377049180327869 0.0 0.7459016393442623 1074.4015214573428 20.335359333011667 127
0.8666666666666667 0.13333333333333333 0.0 0.86 0.14 0.0 0.63 1039.4180811499461 19.61677124595353 105
0.8852459016393442 0.11475409836065574 0.0 0.8803418803418803 0.11965811965811966 0.0 0.8034188034188035 1063.2549756262458 20.198878437816866 122
0.989247311827957 0.010752688172043012 0.0 0.988950276243094 0.011049723756906077 0.0 0.0 1079.4549090312116 17.5899472152153 186
0.9832402234636871 0.01675977653631285 0.0 0.9827586206896551 0.017241379310344827 0.0 0.0 1064.570357575461 17.21620965716037 179
0.8934426229508197 0.10655737704918032 0.0 0.8888888888888888 0.1111111111111111 0.0 0.8717948717948718 1075.1200145195073 20.898883044443387 122
0.8907563025210085 0.1092436974789916 0.0 0.8859649122807017 0.11403508771929824 0.0 0.8508771929824561 1029.3302256043496 20.67120139409312 119
0.948905109489051 0.051094890510948905 0.0 0.946969696969697 0.05303030303030303 0.0 0.8712121212121212 1052.0097847982229 20.068379103585382 137
0.9291338582677166 0.07086614173228346 0.0 0.9262295081967213 0.07377049180327869 0.0 0.9262295081967213 1060.1532822249283 21.116027858037267 127
0.9354838709677419 0.06451612903225806 0.0 0.9327731092436975 0.06722689075630252 0.0 0.7563025210084033 1057.9095667244849 19.36828849667985 124
0.8947368421052632 0.10526315789473684 0.0 0.8888888888888888 0.1111111111111111 0.0 0.9555555555555556 1083.7751640796864 20.533234108748236 95
0.9473684210526315 0.05263157894736842 0.0 0.9453125 0.0546875 0.0 0.4921875 1019.6350677129788 17.348514323870155 133
0.8561151079136691 0.14388489208633093 0.0 0.8582089552238806 0.1417910447761194 0.0 0.6716417910447762 1076.5200791614702 19.814920970560166 139
0.8913043478260869 0.10869565217391304 0.0 0.8947368421052632 0.10526315789473684 0.0 0.7518796992481203 1087.2509031843663 19.907604866956078 138
0.9122807017543859 0.08771929824561403 0.0 0.908256880733945 0.09174311926605505 0.0 0.7522935779816514 1086.1076507238342 20.086477136014263 114
0.8584070796460177 0.1415929203539823 0.0 0.8518518518518519 0.14814814814814814 0.0 0.7685185185185185 1087.3222121798856 22.386624169058138 113
0.8899082568807339 0.11009174311926606 0.0 0.8846153846153846 0.11538461538461539 0.0 0.7884615384615384 1047.3437214951418 21.19248364683191 109
0.926829268292683 0.07317073170731707 0.0 0.9245283018867925 0.07547169811320754 0.0 0.9748427672955975 1069.7299370982028 18.39327653788201 164
0.9485294117647058 0.051470588235294115 0.0 0.9465648854961832 0.05343511450381679 0.0 0.7786259541984732 1008.5959915358635 18.980122827899333 136
0.9466666666666667 0.05333333333333334 0.0 0.9448275862068966 0.05517241379310345 0.0 0.7379310344827587 1047.3333598749525 17.68457271621526 150
0.9411764705882353 0.058823529411764705 0.0 0.9381443298969072 0.061855670103092786 0.0 0.6494845360824743 1079.296529034188 21.807487623680043 102
0.959731543624161 0.040268456375838924 0.0 0.9583333333333334 0.041666666666666664 0.0 0.0 998.7479331726767 18.180909124055244 149
0.8305084745762712 0.1694915254237288 0.0 0.8230088495575221 0.17699115044247787 0.0 0.9380530973451328 1054.6099745171289 20.511491455951088 118
0.9428571428571428 0.05714285714285714 0.0 0.9407407407407408 0.05925925925925926 0.0 0.5851851851851851 994.8249559811729 18.69861853960841 140
0.8859649122807017 0.11403508771929824 0.0 0.8807339449541285 0.11926605504587157 0.0 0.7522935779816514 1020.0626687492012 21.06448106965377 114
0.8992248062015504 0.10077519379844961 0.0 0.8951612903225806 0.10483870967741936 0.0 0.7338709677419355 1019.8260037423363 19.055478399692692 129
0.9453125 0.0546875 0.0 0.943089430894309 0.056910569105691054 0.0 0.943089430894309 1029.1161601256224 19.205967096269497 128
0.9067796610169492 0.09322033898305085 0.0 0.9026548672566371 0.09734513274336283 0.0 0.7079646017699115 1068.8971731967508 21.537661695245728 118
0.925 0.075 0.0 0.9217391304347826 0.0782608695652174 0.0 0.6521739130434783 1014.9431907863292 20.17062865795894 120
0.92 0.08 0.0 0.9166666666666666 0.08333333333333333 0.0 0.6833333333333333 1068.8185150623885 20.372646313003216 125
0.8804347826086957 0.11956521739130435 0.0 0.8735632183908046 0.12643678160919541 0.0 0.9310344827586207 1044.5150919284495 23.142292356077686 92
0.8571428571428571 0.14285714285714285 0.0 0.8472222222222222 0.1527777777777778 0.0 0.8194444444444444 981.8491220810461 22.659223365612036 77
0.9104477611940298 0.08955223880597014 0.0 0.9069767441860465 0.09302325581395349 0.0 0.8062015503875969 1083.5966830709253 20.703899246511877 134
0.9292035398230089 0.07079646017699115 0.0 0.9259259259259259 0.07407407407407407 0.0 0.9814814814814815 1085.9112368695369 21.59433126565678 113
0.9477124183006536 0.05228758169934641 0.0 0.9459459459459459 0.05405405405405406 0.0 0.8513513513513513 1086.332419941955 18.65648503359215 153
0.8760330578512396 0.12396694214876033 0.0 0.8793103448275862 0.1206896551724138 0.0 0.6810344827586207 1081.4786148795004 20.011238895111244 121
0.9393939393939394 0.06060606060606061 0.0 0.937007874015748 0.06299212598425197 0.0 0.8503937007874016 1043.447414962182 21.013242489049144 132
0.8981481481481481 0.10185185185185185 0.0 0.8932038834951457 0.10679611650485436 0.0 0.7669902912621359 1038.5614084145056 20.297105797753325 108
0.9166666666666666 0.08333333333333333 0.0 0.9113924050632911 0.08860759493670886 0.0 0.8734177215189873 1067.7547074490794 21.169641281957723 84
0.9124087591240876 0.08759124087591241 0.0 0.9090909090909091 0.09090909090909091 0.0 0.4166666666666667 1045.16293038087 18.182479974778964 137
0.9230769230769231 0.07692307692307693 0.0 0.92 0.08 0.0 0.84 1052.7646908927418 20.06744869589251 130
0.9307692307692308 0.06923076923076923 0.0 0.928 0.072 0.0 0.888 1035.311180698316 19.354013694416054 130
0.9876543209876543 0.012345679012345678 0.0 0.9872611464968153 0.012738853503184714 0.0 0.7006369426751592 999.2865120444661 17.28988538053351 162
0.9594594594594594 0.04054054054054054 0.0 0.958041958041958 0.04195804195804196 0.0 0.5664335664335665 1079.9845484797418 19.130529178681808 148
0.936046511627907 0.06395348837209303 0.0 0.9341317365269461 0.0658682634730539 0.0 0.7544910179640718 1082.366223406283 18.35446906893767 172
1.0 0.0 0.0 1.0 0.0 0.0 0.006622516556291391 1041.8907850655128 18.489094710868724 156
1.0 0.0 0.0 1.0 0.0 0.0 0.017964071856287425 1038.569451137166 17.444135292898423 172
1.0 0.0 0.0 1.0 0.0 0.0 0.0 1026.850422629735 18.51093826921108 150
0.8905109489051095 0.10948905109489052 0.0 0.8939393939393939 0.10606060606060606 0.0 0.4696969696969697 1048.4056794983253 18.228885065223505 137
0.8652482269503546 0.1347517730496454 0.0 0.8602941176470589 0.13970588235294118 0.0 0.6764705882352942 1087.0736367735362 19.322319440967853 141
0.8571428571428571 0.14285714285714285 0.0 0.8494623655913979 0.15053763440860216 0.0 0.989247311827957 1040.6158386191626 21.69910711820332 98
0.937984496124031 0.06201550387596899 0.0 0.9354838709677419 0.06451612903225806 0.0 0.7338709677419355 1067.6213979280406 20.346565419134194 129
0.9548872180451128 0.045112781954887216 0.0 0.953125 0.046875 0.0 0.640625 1042.7547903960126 19.972166893039834 133
0.9940828402366864 0.005917159763313609 0.0 0.9939024390243902 0.006097560975609756 0.0 0.0 992.1782115987875 17.18849858041018 169
0.9526315789473684 0.04736842105263158 0.0 0.9513513513513514 0.04864864864864865 0.0 0.0 1087.130174514136 17.031970240843634 190
0.8943089430894309 0.10569105691056911 0.0 0.8898305084745762 0.11016949152542373 0.0 0.8135593220338984 1033.3805583194044 20.424847627330095 123
0.952755905511811 0.047244094488188976 0.0 0.9508196721311475 0.04918032786885246 0.0 0.7131147540983607 1080.439426883829 20.109529158180944 127
0.9135802469135802 0.08641975308641975 0.0 0.9078947368421053 0.09210526315789473 0.0 0.9605263157894737 1080.8873070018146 22.997381792198794 81
0.8627450980392157 0.13725490196078433 0.0 0.8556701030927835 0.14432989690721648 0.0 0.8556701030927835 1079.404046137178 21.293361294728516 102
0.9468085106382979 0.05319148936170213 0.0 0.9438202247191011 0.056179775280898875 0.0 0.7752808988764045 1036.0608208074743 21.701736314730397 94
0.9285714285714286 0.07142857142857142 0.0 0.9261744966442953 0.0738255033557047 0.0 0.7449664429530202 1060.5753888435709 19.52853600214433 154
0.993006993006993 0.006993006993006993 0.0 0.9927536231884058 0.007246376811594203 0.0 0.6666666666666666 1068.5544287546286 18.360748521144952 143
0.8809523809523809 0.11904761904761904 0.0 0.8760330578512396 0.12396694214876033 0.0 0.7024793388429752 1087.4443011264623 19.367754548334815 126
0.9473684210526315 0.05263157894736842 0.0 0.944954128440367 0.05504587155963303 0.0 0.7889908256880734 1045.6457986750845 20.60509523880731 114
0.8620689655172413 0.13793103448275862 0.0 0.8558558558558559 0.14414414414414414 0.0 0.5855855855855856 1071.374434776925 21.377402188499946 116
0.8846153846153846 0.11538461538461539 0.0 0.8787878787878788 0.12121212121212122 0.0 0.5454545454545454 1040.9657198476987 18.210765878215827 104
0.8796296296296297 0.12037037037037036 0.0 0.8737864077669902 0.1262135922330097 0.0 0.6504854368932039 1065.4178428611444 20.53348899446621 108
0.8152866242038217 0.18471337579617833 0.0 0.8092105263157895 0.19078947368421054 0.0 0.7631578947368421 1084.5997566191202 19.478398744169876 157
0.891566265060241 0.10843373493975904 0.0 0.8881987577639752 0.11180124223602485 0.0 0.5527950310559007 1034.595595660695 17.55793988095731 166
0.8943661971830986 0.1056338028169014 0.0 0.8905109489051095 0.10948905109489052 0.0 0.9708029197080292 1073.114658959848 19.52502800206668 142
0.9720670391061452 0.027932960893854747 0.0 0.9712643678160919 0.028735632183908046 0.0 0.5 1063.7642475140265 18.192935987278304 179
0.934640522875817 0.06535947712418301 0.0 0.9324324324324325 0.06756756756756757 0.0 0.7297297297297297 1083.3186532190402 18.98722253788292 153
0.952054794520548 0.04794520547945205 0.0 0.950354609929078 0.04964539007092199 0.0 0.7730496453900709 1082.303974779137 19.71732229491617 146
0.9097744360902256 0.09022556390977443 0.0 0.90625 0.09375 0.0 0.4921875 1085.5731218953222 19.64058123108627 133
0.959731543624161 0.040268456375838924 0.0 0.9583333333333334 0.041666666666666664 0.0 1.0 1074.9696736483913 19.64777954727804 149
0.8018018018018018 0.1981981981981982 0.0 0.7924528301886793 0.20754716981132076 0.0 0.9811320754716981 1071.1965072280414 21.86952447218508 111
0.9424460431654677 0.05755395683453238 0.0 0.9402985074626866 0.05970149253731343 0.0 0.6791044776119403 1051.648324633314 18.75561622916466 139
0.9536082474226805 0.041237113402061855 0.005154639175257732 0.9523809523809523 0.042328042328042326 0.005291005291005291 0.0 1059.5184387428424 18.086480941676342 194
0.9244186046511628 0.0755813953488372 0.0 0.9221556886227545 0.07784431137724551 0.0 0.7005988023952096 1086.89292683521 18.19145241875051 172
0.9932885906040269 0.006711409395973154 0.0 0.9930555555555556 0.006944444444444444 0.0 0.5694444444444444 1000.1376041977892 17.187302201197994 149
0.9583333333333334 0.041666666666666664 0.0 0.9565217391304348 0.043478260869565216 0.0 0.7478260869565218 1050.1230822577152 20.180284480932286 120
0.9835164835164835 0.016483516483516484 0.0 0.9830508474576272 0.01694915254237288 0.0 0.6892655367231638 1013.3940717825199 17.85965951893002 182
0.9624060150375939 0.03759398496240601 0.0 0.9609375 0.0390625 0.0 0.9296875 1066.6690880188046 20.330539809871425 133
0.912 0.088 0.0 0.9083333333333333 0.09166666666666666 0.0 0.5083333333333333 1028.4053684222786 19.58938958765805 125
0.8454545454545455 0.15454545454545454 0.0 0.8380952380952381 0.1619047619047619 0.0 0.8380952380952381 1009.3341791254495 20.8587823971678 110
0.9470198675496688 0.052980132450331126 0.0 0.9452054794520548 0.0547945205479452 0.0 0.8698630136986302 1087.416318271536 19.514448215285743 151
0.875 0.125 0.0 0.8686868686868687 0.13131313131313133 0.0 0.98989898989899 1040.1438301779026 23.545221448556482 104
0.9807692307692307 0.019230769230769232 0.0 0.9801324503311258 0.019867549668874173 0.0 0.8609271523178808 1056.9615139603236 18.78938739570143 156
0.9302325581395349 0.06976744186046512 0.0 0.9274193548387096 0.07258064516129033 0.0 0.8467741935483871 1037.7270965570158 20.237619785733127 129
0.9416666666666667 0.058333333333333334 0.0 0.9391304347826087 0.06086956521739131 0.0 0.6695652173913044 1050.0642172041794 19.759556936635303 120
0.9349593495934959 0.06504065040650407 0.0 0.9322033898305084 0.06779661016949153 0.0 0.8728813559322034 1072.8732069170096 20.99008002176072 123
0.9147286821705426 0.08527131782945736 0.0 0.9112903225806451 0.08870967741935484 0.0 0.7338709677419355 1067.205229429622 20.753255654891042 129
0.9357142857142857 0.06428571428571428 0.0 0.9333333333333333 0.06666666666666667 0.0 0.7333333333333333 1036.5744982846336 20.229067439319007 140
0.9310344827586207 0.06896551724137931 0.0 0.9279279279279279 0.07207207207207207 0.0 0.7387387387387387 1013.6707416960239 21.959020067879056 116
0.8738738738738738 0.12612612612612611 0.0 0.8679245283018868 0.1320754716981132 0.0 0.8773584905660378 1082.4849377225962 20.623855000478855 111
0.959731543624161 0.040268456375838924 0.0 0.9583333333333334 0.041666666666666664 0.0 0.7986111111111112 1064.8637897019998 19.55512739945723 149
0.9457364341085271 0.05426356589147287 0.0 0.9435483870967742 0.056451612903225805 0.0 0.6209677419354839 1039.6409100906005 19.5678728438902 129
0.9024390243902439 0.0975609756097561 0.0 0.8983050847457628 0.1016949152542373 0.0 1.0 1037.9380497241423 22.10551257354568 123
0.9147286821705426 0.08527131782945736 0.0 0.9112903225806451 0.08870967741935484 0.0 0.7983870967741935 1081.5504106539022 19.401868582395934 129
0.7922077922077922 0.2077922077922078 0.0 0.7777777777777778 0.2222222222222222 0.0 0.9861111111111112 1073.199224178412 23.365180560412476 77
0.9615384615384616 0.038461538461538464 0.0 0.9602649006622517 0.039735099337748346 0.0 0.8278145695364238 1030.1027096752682 18.65321010356823 156
0.9071428571428571 0.09285714285714286 0.0 0.9111111111111111 0.08888888888888889 0.0 0.725925925925926 1055.137894130686 19.345453359951502 140
0.9508196721311475 0.04918032786885246 0.0 0.9487179487179487 0.05128205128205128 0.0 0.9316239316239316 1050.1017771359989 19.83619536511917 122
0.9292929292929293 0.0707070707070707 0.0 0.925531914893617 0.07446808510638298 0.0 0.8085106382978723 1077.9313948455501 21.039509833148042 99
0.9217391304347826 0.0782608695652174 0.0 0.9181818181818182 0.08181818181818182 0.0 0.7363636363636363 1043.602717244609 21.070989519091004 115
0.8976377952755905 0.10236220472440945 0.0 0.8934426229508197 0.10655737704918032 0.0 0.6147540983606558 1044.9513589491166 19.82569670690717 127
0.9819277108433735 0.018072289156626505 0.0 0.9813664596273292 0.018633540372670808 0.0 0.4968944099378882 1074.3157372629557 18.11090816037712 166
0.9562841530054644 0.04371584699453552 0.0 0.9606741573033708 0.03932584269662921 0.0 0.7134831460674157 1086.0421239691727 18.84035088332932 183
0.8770491803278688 0.12295081967213115 0.0 0.8717948717948718 0.1282051282051282 0.0 0.7777777777777778 1060.0013217846124 20.129517168393313 122
0.9236641221374046 0.07633587786259542 0.0 0.9206349206349206 0.07936507936507936 0.0 0.7619047619047619 1074.3755645773338 20.20342166326451 131
0.9760479041916168 0.023952095808383235 0.0 0.9753086419753086 0.024691358024691357 0.0 0.19135802469135801 1037.4426415514781 18.10637541922959 167
0.8896551724137931 0.1103448275862069 0.0 0.8857142857142857 0.11428571428571428 0.0 0.8857142857142857 1080.687764975481 20.025373458964186 145
0.8142857142857143 0.18571428571428572 0.0 0.8 0.2 0.0 1.0 1042.569633065826 24.974439431185314 70
0.898989898989899 0.10101010101010101 0.0 0.8936170212765957 0.10638297872340426 0.0 0.9787234042553191 1073.6928057304965 22.33909427987571 99
0.8934426229508197 0.10655737704918032 0.0 0.8888888888888888 0.1111111111111111 0.0 0.8034188034188035 1056.282923905855 20.837132798317867 122
0.8854961832061069 0.11450381679389313 0.0 0.8809523809523809 0.11904761904761904 0.0 0.8492063492063492 1031.8471259394496 19.97684426753911 131
0.8854961832061069 0.11450381679389313 0.0 0.8809523809523809 0.11904761904761904 0.0 0.7142857142857143 1082.8055058495727 20.14378409614591 131
0.8867924528301887 0.11320754716981132 0.0 0.8811881188118812 0.1188118811881188 0.0 0.7227722772277227 1020.8797037145348 20.791716227125267 106
0.9259259259259259 0.07407407407407407 0.0 0.9223300970873787 0.07766990291262135 0.0 0.7281553398058253 1080.1610072846765 22.723635825338597 108
0.9333333333333333 0.06666666666666667 0.0 0.9307692307692308 0.06923076923076923 0.0 0.7384615384615385 1020.3155932045524 20.157593393016867 135
0.9083333333333333 0.09166666666666666 0.0 0.9043478260869565 0.09565217391304348 0.0 0.9043478260869565 1037.2653442131589 21.05195550433675 120
0.8916666666666667 0.10833333333333334 0.0 0.8869565217391304 0.11304347826086956 0.0 0.8608695652173913 995.5406169373301 20.29639833022687 120
0.9130434782608695 0.08695652173913043 0.0 0.9097744360902256 0.09022556390977443 0.0 0.7218045112781954 1048.5954655187877 18.563878200124815 138
0.9382716049382716 0.06172839506172839 0.0 0.9363057324840764 0.06369426751592357 0.0 0.49044585987261147 1079.3347063858314 17.76366553699122 162
0.8952380952380953 0.10476190476190476 0.0 0.89 0.11 0.0 0.53 1036.7346544512252 21.23884097104588 105
0.9256756756756757 0.07432432432432433 0.0 0.9230769230769231 0.07692307692307693 0.0 0.6083916083916084 1081.828318796508 19.431192284700096 148
0.8920863309352518 0.1079136690647482 0.0 0.8880597014925373 0.11194029850746269 0.0 0.6567164179104478 1082.3289184007056 20.21772539426167 139
0.890625 0.109375 0.0 0.8861788617886179 0.11382113821138211 0.0 0.7642276422764228 1040.9817485235178 19.472068982906126 128
0.8571428571428571 0.14285714285714285 0.0 0.8508771929824561 0.14912280701754385 0.0 0.8771929824561403 1087.0674053949824 20.473327327946656 119
0.9551282051282052 0.04487179487179487 0.0 0.9536423841059603 0.046357615894039736 0.0 0.4370860927152318 1054.8976174463967 18.39483066668523 156
0.9 0.1 0.0 0.896 0.104 0.0 0.816 1081.837580709357 19.994747629982296 130
0.9038461538461539 0.09615384615384616 0.0 0.898989898989899 0.10101010101010101 0.0 0.696969696969697 1074.5408031022794 21.906220275160024 104
0.9104477611940298 0.08955223880597014 0.0 0.9069767441860465 0.09302325581395349 0.0 0.875968992248062 1076.357924995161 20.33493197637512 134
0.9115646258503401 0.08843537414965986 0.0 0.9084507042253521 0.09154929577464789 0.0 0.9929577464788732 1077.90446417037 20.076191847578873 147
0.9137931034482759 0.08620689655172414 0.0 0.9099099099099099 0.09009009009009009 0.0 0.6576576576576577 1065.9882780220569 21.329700953492498 116
0.8596491228070176 0.14035087719298245 0.0 0.8532110091743119 0.14678899082568808 0.0 0.7981651376146789 1027.1046748140539 21.074809723067716 114
0.9202898550724637 0.07971014492753623 0.0 0.9172932330827067 0.08270676691729323 0.0 0.849624060150376 1015.9832609622396 19.35576384507712 138
0.8740157480314961 0.12598425196850394 0.0 0.8688524590163934 0.13114754098360656 0.0 0.9016393442622951 1060.107478339008 19.76415018523351 127
0.8828828828828829 0.11711711711711711 0.0 0.8773584905660378 0.12264150943396226 0.0 0.9905660377358491 1064.500713409044 21.843946100118565 111
0.9029850746268657 0.09701492537313433 0.0 0.8992248062015504 0.10077519379844961 0.0 0.5581395348837209 1063.0873176978664 19.599059183310256 134
0.9 0.1 0.0 0.896 0.104 0.0 0.808 1080.187181440317 20.088856606967664 130
0.958041958041958 0.04195804195804196 0.0 0.9565217391304348 0.043478260869565216 0.0 0.7101449275362319 1019.968483644004 19.61368085374517 143
0.9391304347826087 0.06086956521739131 0.0 0.9363636363636364 0.06363636363636363 0.0 0.7545454545454545 1067.9874203114541 20.67324066668707 115
0.9806763285024155 0.01932367149758454 0.0 0.9801980198019802 0.019801980198019802 0.0 0.7821782178217822 1086.9578427689696 17.965910295714668 207
0.8942307692307693 0.10576923076923077 0.0 0.8888888888888888 0.1111111111111111 0.0 0.9191919191919192 1025.7945877666903 21.30767980472371 104
0.8660714285714286 0.13392857142857142 0.0 0.8598130841121495 0.14018691588785046 0.0 1.0 1064.8433073329638 22.817375876053838 112
0.9 0.1 0.0 0.8956521739130435 0.10434782608695652 0.0 0.8173913043478261 1083.5629561557992 20.779653918842985 120
0.9281437125748503 0.0718562874251497 0.0 0.9259259259259259 0.07407407407407407 0.0 0.5432098765432098 1002.7454431239244 18.337176326436964 167
0.8968253968253969 0.10317460317460317 0.0 0.8925619834710744 0.10743801652892562 0.0 0.6694214876033058 1043.1551295443223 19.409677315992262 126
0.8977272727272727 0.10227272727272728 0.0 0.891566265060241 0.10843373493975904 0.0 0.6385542168674698 1054.0270446588036 20.173985092265028 88
0.9191176470588235 0.08088235294117647 0.0 0.916030534351145 0.08396946564885496 0.0 0.8015267175572519 1062.5467370987244 20.71609521081685 136
0.851063829787234 0.14893617021276595 0.0 0.8426966292134831 0.15730337078651685 0.0 0.9887640449438202 971.0326401513399 23.063150464467743 94
0.9107142857142857 0.08928571428571429 0.0 0.9065420560747663 0.09345794392523364 0.0 0.6822429906542056 977.9921474592815 20.55192784077195 112
0.9820359281437125 0.017964071856287425 0.0 0.9814814814814815 0.018518518518518517 0.0 0.6604938271604939 1069.0407172936093 17.271714361701907 167
0.9230769230769231 0.07692307692307693 0.0 0.9205298013245033 0.07947019867549669 0.0 0.543046357615894 1085.1307151186772 17.83454781066587 156
0.889763779527559 0.11023622047244094 0.0 0.8852459016393442 0.11475409836065574 0.0 0.6885245901639344 1035.3912329310358 19.93327490909654 127
0.8938053097345132 0.10619469026548672 0.0 0.8888888888888888 0.1111111111111111 0.0 0.7037037037037037 992.4267164968702 19.33243961835761 113
