0.73 0.26 0.01 0.7157894736842105 0.2736842105263158 0.010526315789473684 0.7684210526315789 1087.1165518746252 20.8371144622608 100
0.8759124087591241 0.12408759124087591 0.0 0.8712121212121212 0.12878787878787878 0.0 0.803030303030303 1074.7735993558856 21.619930566745424 137
0.8235294117647058 0.17647058823529413 0.0 0.8157894736842105 0.18421052631578946 0.0 0.7456140350877193 1087.4263606511233 20.51717232453029 119
0.8802816901408451 0.11971830985915492 0.0 0.8759124087591241 0.12408759124087591 0.0 0.7956204379562044 1049.374960193089 21.590364938566108 142
0.7985611510791367 0.2014388489208633 0.0 0.7910447761194029 0.208955223880597 0.0 0.7910447761194029 1085.3835983550548 20.46614687084725 139
0.7870370370370371 0.21296296296296297 0.0 0.7766990291262136 0.22330097087378642 0.0 0.8543689320388349 1057.6083961071708 21.721947716191124 108
0.9026548672566371 0.09734513274336283 0.0 0.8981481481481481 0.10185185185185185 0.0 0.9166666666666666 1070.074797396251 22.401034044605655 113
0.912 0.088 0.0 0.9166666666666666 0.08333333333333333 0.0 0.8166666666666667 1064.7993198518056 20.575519607263935 125
0.8429752066115702 0.15702479338842976 0.0 0.8362068965517241 0.16379310344827586 0.0 0.8103448275862069 1074.714508518775 22.208868441658538 121
0.82 0.18 0.0 0.8105263157894737 0.18947368421052632 0.0 0.7473684210526316 1057.0465012886848 21.79302648889494 100
0.8035714285714286 0.19642857142857142 0.0 0.794392523364486 0.205607476635514 0.0 0.7757009345794392 1060.9854250663582 22.557785352999236 112
0.7872340425531915 0.19148936170212766 0.02127659574468085 0.7752808988764045 0.20224719101123595 0.02247191011235955 0.8651685393258427 980.3771905790024 22.155634031874293 94
0.7862595419847328 0.20610687022900764 0.007633587786259542 0.7777777777777778 0.21428571428571427 0.007936507936507936 0.7936507936507936 1086.621867239323 21.618432355591057 131
0.8571428571428571 0.14285714285714285 0.0 0.8518518518518519 0.14814814814814814 0.0 0.6962962962962963 1086.8200567814288 20.429543051306414 140
0.7479674796747967 0.22764227642276422 0.024390243902439025 0.7372881355932204 0.23728813559322035 0.025423728813559324 0.6949152542372882 1075.5103951756548 22.811898972626864 123
0.8461538461538461 0.15384615384615385 0.0 0.8372093023255814 0.16279069767441862 0.0 0.9302325581395349 1059.3376307133517 23.930645025637464 91
0.8494623655913979 0.15053763440860216 0.0 0.8409090909090909 0.1590909090909091 0.0 0.8863636363636364 1041.0741895548686 23.417118942030665 93
0.8924731182795699 0.10752688172043011 0.0 0.8863636363636364 0.11363636363636363 0.0 0.6931818181818182 1077.4829346733952 23.173901549235563 93
0.7162162162162162 0.20945945945945946 0.07432432432432433 0.7062937062937062 0.21678321678321677 0.07692307692307693 0.993006993006993 1083.9997060941103 20.62249056127053 148
0.8604651162790697 0.13953488372093023 0.0 0.8518518518518519 0.14814814814814814 0.0 0.9259259259259259 1028.3398266533245 20.813973636465192 86
0.8571428571428571 0.14285714285714285 0.0 0.8504672897196262 0.14953271028037382 0.0 0.8691588785046729 1069.2660999016405 22.95881258120475 112
0.8120805369127517 0.18791946308724833 0.0 0.8055555555555556 0.19444444444444445 0.0 0.7777777777777778 1087.2327485037474 20.505695004820236 149
0.8148148148148148 0.18518518518518517 0.0 0.8058252427184466 0.1941747572815534 0.0 0.8058252427184466 1087.418720985191 21.06519216381965 108
0.7105263157894737 0.2631578947368421 0.02631578947368421 0.6972477064220184 0.27522935779816515 0.027522935779816515 0.9908256880733946 1052.7940687133992 22.606095071051083 114
0.8095238095238095 0.19047619047619047 0.0 0.8 0.2 0.0 0.74 1085.5174716860506 22.575348205797642 105
0.8189655172413793 0.1810344827586207 0.0 0.8108108108108109 0.1891891891891892 0.0 0.7207207207207207 1078.9577908147646 22.951864649326506 116
0.8106060606060606 0.1893939393939394 0.0 0.8110236220472441 0.1889763779527559 0.0 0.8661417322834646 1042.2312592700584 20.164160894225592 132
0.6697247706422018 0.29357798165137616 0.03669724770642202 0.6538461538461539 0.3076923076923077 0.038461538461538464 0.6346153846153846 1022.219610360475 23.63198268005775 109
0.8879310344827587 0.11206896551724138 0.0 0.8828828828828829 0.11711711711711711 0.0 0.9819819819819819 1070.4863657214526 23.513838079722902 116
0.84 0.16 0.0 0.8285714285714286 0.17142857142857143 0.0 0.8428571428571429 987.204869415635 21.351921646661356 75
0.7964601769911505 0.17699115044247787 0.02654867256637168 0.7870370370370371 0.18518518518518517 0.027777777777777776 0.7777777777777778 1071.6081617694329 21.14715557245661 113
0.8303571428571429 0.16964285714285715 0.0 0.822429906542056 0.17757009345794392 0.0 0.8878504672897196 1018.7501512995392 23.691781617510564 112
0.7297297297297297 0.2702702702702703 0.0 0.7169811320754716 0.2830188679245283 0.0 0.6698113207547169 1074.601057048196 22.923442726651597 111
0.826530612244898 0.16326530612244897 0.01020408163265306 0.8172043010752689 0.17204301075268819 0.010752688172043012 0.9139784946236559 1077.70845631064 26.00938705514337 98
0.7459016393442623 0.23770491803278687 0.01639344262295082 0.7350427350427351 0.24786324786324787 0.017094017094017096 0.8034188034188035 1010.0446164096529 22.221433469664213 122
0.8703703703703703 0.12962962962962962 0.0 0.8640776699029126 0.13592233009708737 0.0 1.0 1073.8319766608404 24.623928816900367 108
0.8018018018018018 0.1891891891891892 0.009009009009009009 0.7924528301886793 0.19811320754716982 0.009433962264150943 0.6698113207547169 1082.3052857588807 21.92185994960278 111
0.856 0.144 0.0 0.85 0.15 0.0 0.8416666666666667 1082.1440516709058 21.522344766793235 125
0.8583333333333333 0.14166666666666666 0.0 0.8521739130434782 0.14782608695652175 0.0 0.8173913043478261 1087.4877603784764 19.87297694296423 120
0.8118811881188119 0.18811881188118812 0.0 0.8020833333333334 0.19791666666666666 0.0 0.96875 1018.142935579862 22.575408347488235 101
0.8909090909090909 0.10909090909090909 0.0 0.8857142857142857 0.11428571428571428 0.0 0.9047619047619048 1040.6323817173115 21.93753361726271 110
0.8181818181818182 0.18181818181818182 0.0 0.8110236220472441 0.1889763779527559 0.0 0.8188976377952756 1085.4162689545058 21.25146972315826 132
0.7358490566037735 0.24528301886792453 0.018867924528301886 0.7227722772277227 0.25742574257425743 0.019801980198019802 0.7821782178217822 1028.3715918965509 24.989768367608267 106
0.8429752066115702 0.15702479338842976 0.0 0.8448275862068966 0.15517241379310345 0.0 0.7931034482758621 1060.9603094293354 21.70379338209909 121
0.8352941176470589 0.16470588235294117 0.0 0.825 0.175 0.0 0.75 1086.8099043897528 24.464730739117616 85
0.7653061224489796 0.23469387755102042 0.0 0.7526881720430108 0.24731182795698925 0.0 0.8387096774193549 1038.7451108456544 24.368690137389358 98
0.5663716814159292 0.336283185840708 0.09734513274336283 0.5462962962962963 0.35185185185185186 0.10185185185185185 0.7222222222222222 1076.5480740189328 23.259082683183042 113
0.8857142857142857 0.11428571428571428 0.0 0.88 0.12 0.0 0.93 1032.081318507245 21.11516491386842 105
0.8646616541353384 0.13533834586466165 0.0 0.859375 0.140625 0.0 0.609375 1056.331020013558 20.06936787372725 133
0.8333333333333334 0.16666666666666666 0.0 0.8348623853211009 0.1651376146788991 0.0 0.7798165137614679 1087.0410395162476 21.527083094696483 114
0.8404255319148937 0.1595744680851064 0.0 0.8314606741573034 0.16853932584269662 0.0 0.8651685393258427 1086.2752866892317 22.370530139300357 94
0.9037037037037037 0.0962962962962963 0.0 0.9 0.1 0.0 0.8153846153846154 1079.6404106462692 20.76148176973226 135
0.7007874015748031 0.25984251968503935 0.03937007874015748 0.6885245901639344 0.27049180327868855 0.040983606557377046 0.8688524590163934 1073.7446215115901 20.565387889611486 127
0.8547008547008547 0.1452991452991453 0.0 0.8482142857142857 0.15178571428571427 0.0 0.7589285714285714 1074.2690975544044 21.049010804409306 117
0.8440366972477065 0.1559633027522936 0.0 0.8461538461538461 0.15384615384615385 0.0 0.7788461538461539 1081.2661571187139 21.72226832222201 109
0.8547008547008547 0.1452991452991453 0.0 0.8482142857142857 0.15178571428571427 0.0 0.7232142857142857 1086.445864766478 20.07814569305522 117
0.8031496062992126 0.1889763779527559 0.007874015748031496 0.7950819672131147 0.19672131147540983 0.00819672131147541 1.0 1074.0732523456645 21.341479179141412 127
0.8205128205128205 0.1794871794871795 0.0 0.8125 0.1875 0.0 0.9196428571428571 1076.0713505515848 20.896244491091096 117
0.8181818181818182 0.18181818181818182 0.0 0.8115942028985508 0.18840579710144928 0.0 0.7318840579710145 1087.4370607869698 20.39039858899523 143
0.8928571428571429 0.10714285714285714 0.0 0.8878504672897196 0.11214953271028037 0.0 0.9252336448598131 1062.90901769879 21.410072795199635 112
0.8468468468468469 0.15315315315315314 0.0 0.839622641509434 0.16037735849056603 0.0 0.9433962264150944 1076.6862550897815 22.71113208610246 111
0.8220338983050848 0.17796610169491525 0.0 0.8141592920353983 0.18584070796460178 0.0 0.8761061946902655 1084.9481159823865 22.094684812213565 118
0.8252427184466019 0.17475728155339806 0.0 0.826530612244898 0.17346938775510204 0.0 0.7755102040816326 1036.9657456723746 21.386596961873998 103
0.8736842105263158 0.11578947368421053 0.010526315789473684 0.8666666666666667 0.12222222222222222 0.011111111111111112 0.8 996.4716984295299 24.284497805723344 95
0.8586956521739131 0.14130434782608695 0.0 0.8505747126436781 0.14942528735632185 0.0 0.9770114942528736 1075.2011889430646 23.394347829079017 92
0.856 0.144 0.0 0.85 0.15 0.0 0.7083333333333334 1087.3435946485615 21.471786772380376 125
0.8571428571428571 0.12987012987012986 0.012987012987012988 0.8472222222222222 0.1388888888888889 0.013888888888888888 0.8611111111111112 1029.5712855657353 24.340648819445253 77
0.7731958762886598 0.21649484536082475 0.010309278350515464 0.7717391304347826 0.21739130434782608 0.010869565217391304 0.9456521739130435 1083.996791631363 24.120411197486263 97
0.6160714285714286 0.3392857142857143 0.044642857142857144 0.5981308411214953 0.35514018691588783 0.04672897196261682 1.0 1067.364711660766 22.82575156801866 112
0.8378378378378378 0.16216216216216217 0.0 0.8301886792452831 0.16981132075471697 0.0 0.7264150943396226 1074.7609384464656 21.380846181606255 111
0.8737864077669902 0.1262135922330097 0.0 0.8673469387755102 0.1326530612244898 0.0 1.0 999.6500868226627 24.051425000040012 103
0.7345132743362832 0.22123893805309736 0.04424778761061947 0.7222222222222222 0.23148148148148148 0.046296296296296294 0.8796296296296297 1041.2914318258813 23.155451206961757 113
0.9006622516556292 0.09933774834437085 0.0 0.8972602739726028 0.10273972602739725 0.0 0.8698630136986302 1068.8570195170516 20.453454190342825 151
0.6370967741935484 0.3064516129032258 0.056451612903225805 0.6218487394957983 0.31932773109243695 0.058823529411764705 0.9495798319327731 1055.9158226037857 23.113360601938428 124
0.8524590163934426 0.13934426229508196 0.00819672131147541 0.8461538461538461 0.1452991452991453 0.008547008547008548 0.7521367521367521 1086.5758174854027 21.580717208278948 122
0.8369565217391305 0.16304347826086957 0.0 0.8275862068965517 0.1724137931034483 0.0 0.8505747126436781 1042.5993584080697 24.251968840376307 92
0.859375 0.140625 0.0 0.8536585365853658 0.14634146341463414 0.0 0.9105691056910569 1070.6740733289846 21.417092587747497 128
0.8461538461538461 0.15384615384615385 0.0 0.8383838383838383 0.16161616161616163 0.0 1.0 1043.0364943649977 23.15596632929783 104
0.6736111111111112 0.3263888888888889 0.0 0.6618705035971223 0.3381294964028777 0.0 0.7841726618705036 1057.9145924634302 20.35087296547856 144
0.9154929577464789 0.08450704225352113 0.0 0.9124087591240876 0.08759124087591241 0.0 0.8394160583941606 1040.268176612624 20.450288092518782 142
0.8454545454545455 0.14545454545454545 0.00909090909090909 0.8380952380952381 0.1523809523809524 0.009523809523809525 0.7523809523809524 1080.0866224177378 22.267600286693206 110
0.8898305084745762 0.11016949152542373 0.0 0.8849557522123894 0.11504424778761062 0.0 0.7610619469026548 1086.4713404551708 21.614265675749092 118
0.7857142857142857 0.21428571428571427 0.0 0.7721518987341772 0.22784810126582278 0.0 0.8734177215189873 1010.0333009788833 25.036421622637835 84
0.8130841121495327 0.18691588785046728 0.0 0.803921568627451 0.19607843137254902 0.0 0.6666666666666666 1034.3318392490949 20.92030929688764 107
0.8017241379310345 0.19827586206896552 0.0 0.7927927927927928 0.2072072072072072 0.0 0.8468468468468469 1067.1392398254604 23.010206842733083 116
0.6338028169014085 0.30985915492957744 0.056338028169014086 0.6277372262773723 0.31386861313868614 0.058394160583941604 0.7664233576642335 1087.3213559264075 20.822962261955873 142
0.8691588785046729 0.1308411214953271 0.0 0.8627450980392157 0.13725490196078433 0.0 1.0 1046.4590692902398 22.240908054602166 107
0.7857142857142857 0.21428571428571427 0.0 0.7757009345794392 0.22429906542056074 0.0 0.6448598130841121 1085.9283069011342 20.263338192830027 112
0.8515625 0.1484375 0.0 0.8455284552845529 0.15447154471544716 0.0 0.8130081300813008 1025.3044262180877 20.61886911508587 128
0.823076923076923 0.17692307692307693 0.0 0.824 0.176 0.0 0.76 1087.4168102315164 21.516050629488216 130
0.84375 0.15625 0.0 0.8373983739837398 0.16260162601626016 0.0 0.6666666666666666 1086.3977294701274 19.848387829975916 128
0.7636363636363637 0.23636363636363636 0.0 0.7523809523809524 0.24761904761904763 0.0 0.9619047619047619 1040.4534342357038 23.140033523523336 110
0.8455284552845529 0.15447154471544716 0.0 0.8389830508474576 0.16101694915254236 0.0 0.8898305084745762 1042.8462583418539 21.4912249976219 123
0.7628865979381443 0.2268041237113402 0.010309278350515464 0.75 0.2391304347826087 0.010869565217391304 0.9891304347826086 1054.97854259893 25.448893959609407 97
0.8378378378378378 0.15315315315315314 0.009009009009009009 0.8301886792452831 0.16037735849056603 0.009433962264150943 1.0 1069.922153840216 22.75947385639262 111
0.8896551724137931 0.1103448275862069 0.0 0.8857142857142857 0.11428571428571428 0.0 0.7071428571428572 1042.869601874568 20.873258837905652 145
0.9262295081967213 0.07377049180327869 0.0 0.9230769230769231 0.07692307692307693 0.0 0.8632478632478633 1079.7246814378695 21.878732641980406 122
0.7978723404255319 0.20212765957446807 0.0 0.7865168539325843 0.21348314606741572 0.0 0.9887640449438202 1067.8316861007759 21.744851514573188 94
0.8229166666666666 0.17708333333333334 0.0 0.8351648351648352 0.16483516483516483 0.0 0.8021978021978022 1048.8739285700728 22.047926615429024 96
0.8543689320388349 0.14563106796116504 0.0 0.8469387755102041 0.15306122448979592 0.0 0.8163265306122449 1044.4053682882209 23.754313164733833 103
0.8898305084745762 0.11016949152542373 0.0 0.8849557522123894 0.11504424778761062 0.0 0.831858407079646 1087.3662175619945 21.737562454915505 118
0.7722772277227723 0.21782178217821782 0.009900990099009901 0.7604166666666666 0.22916666666666666 0.010416666666666666 0.8020833333333334 1039.1606235779946 22.788452264308557 101
0.9213483146067416 0.07865168539325842 0.0 0.9166666666666666 0.08333333333333333 0.0 0.8690476190476191 975.1642598430831 22.86882867425327 89
0.9032258064516129 0.0967741935483871 0.0 0.8977272727272727 0.10227272727272728 0.0 0.7613636363636364 1023.6922278959953 22.140525614579943 93
0.8173913043478261 0.1826086956521739 0.0 0.8090909090909091 0.19090909090909092 0.0 0.9636363636363636 1051.568386389306 21.903804620224854 115
0.8253968253968254 0.1746031746031746 0.0 0.8181818181818182 0.18181818181818182 0.0 0.8677685950413223 1058.152666923289 21.30226702072246 126
0.8275862068965517 0.1724137931034483 0.0 0.8170731707317073 0.18292682926829268 0.0 0.7682926829268293 1087.4536384651026 22.46292659305191 87
0.8 0.2 0.0 0.7875 0.2125 0.0 0.9375 1023.4623822161897 24.571952031196307 85
0.7850467289719626 0.21495327102803738 0.0 0.7745098039215687 0.22549019607843138 0.0 0.8137254901960784 1076.7392330625235 23.165267017287487 107
0.8478260869565217 0.15217391304347827 0.0 0.849624060150376 0.15037593984962405 0.0 0.9624060150375939 1076.4684109301982 21.847442534388414 138
0.7704918032786885 0.22131147540983606 0.00819672131147541 0.7606837606837606 0.23076923076923078 0.008547008547008548 0.7692307692307693 1060.5234838965841 20.949999058357257 122
0.7731958762886598 0.21649484536082475 0.010309278350515464 0.7608695652173914 0.22826086956521738 0.010869565217391304 0.9456521739130435 1077.0309658476262 24.91975624675572 97
0.8 0.2 0.0 0.7894736842105263 0.21052631578947367 0.0 0.8105263157894737 1078.8090393791858 25.473376154459746 100
0.8450704225352113 0.15492957746478872 0.0 0.8333333333333334 0.16666666666666666 0.0 0.9848484848484849 1069.698432284458 23.250692197447787 71
0.8582677165354331 0.14173228346456693 0.0 0.860655737704918 0.13934426229508196 0.0 0.7868852459016393 1073.29614182552 21.810581335386374 127
0.8037383177570093 0.18691588785046728 0.009345794392523364 0.7941176470588235 0.19607843137254902 0.00980392156862745 0.7647058823529411 1050.8756393340855 23.03853506163636 107
0.7843137254901961 0.20588235294117646 0.00980392156862745 0.7731958762886598 0.21649484536082475 0.010309278350515464 0.7731958762886598 1041.2283156131 23.33583071912986 102
0.8951612903225806 0.10483870967741936 0.0 0.8907563025210085 0.1092436974789916 0.0 0.7983193277310925 1071.8394088700782 21.285244388966877 124
0.7092198581560284 0.28368794326241137 0.0070921985815602835 0.6985294117647058 0.29411764705882354 0.007352941176470588 0.7573529411764706 1087.429848187757 20.105416296485313 141
0.8571428571428571 0.14285714285714285 0.0 0.85 0.15 0.0 0.77 1086.4290367095427 20.14591841720252 105
0.7807017543859649 0.21052631578947367 0.008771929824561403 0.7706422018348624 0.22018348623853212 0.009174311926605505 0.7981651376146789 1083.7684229815297 22.912021015477908 114
0.8487394957983193 0.14285714285714285 0.008403361344537815 0.8421052631578947 0.14912280701754385 0.008771929824561403 0.7456140350877193 1081.021733016732 22.03622038685151 119
0.7714285714285715 0.21904761904761905 0.009523809523809525 0.76 0.23 0.01 0.96 1083.5551420301656 21.62046506821087 105
0.8363636363636363 0.16363636363636364 0.0 0.8380952380952381 0.1619047619047619 0.0 0.8571428571428571 1048.714670323178 22.15857943638048 110
0.782608695652174 0.2 0.017391304347826087 0.7727272727272727 0.20909090909090908 0.01818181818181818 0.9272727272727272 1077.0909516028075 23.08266850444062 115
0.832 0.16 0.008 0.825 0.16666666666666666 0.008333333333333333 0.825 1029.4968874968233 20.96198553154108 125
0.7916666666666666 0.20833333333333334 0.0 0.782608695652174 0.21739130434782608 0.0 0.7304347826086957 1041.9168147501268 23.376109875465367 120
0.8783783783783784 0.12162162162162163 0.0 0.8695652173913043 0.13043478260869565 0.0 0.9855072463768116 1065.0334918292372 26.14923179417009 74
0.8492063492063492 0.15079365079365079 0.0 0.8429752066115702 0.15702479338842976 0.0 0.7520661157024794 1075.0819919051364 21.399785446822367 126
0.8931297709923665 0.10687022900763359 0.0 0.9047619047619048 0.09523809523809523 0.0 0.753968253968254 1081.6224555603558 20.195147236945765 131
0.8717948717948718 0.11538461538461539 0.01282051282051282 0.863013698630137 0.1232876712328767 0.0136986301369863 0.9863013698630136 1041.1611306467069 25.91929414400617 78
0.8854166666666666 0.10416666666666667 0.010416666666666666 0.8791208791208791 0.10989010989010989 0.01098901098901099 0.8021978021978022 1080.6448266949108 21.443302055112344 96
0.7962962962962963 0.19444444444444445 0.009259259259259259 0.7961165048543689 0.1941747572815534 0.009708737864077669 0.8349514563106796 1072.8758769944075 21.481672747558054 108
0.7851239669421488 0.21487603305785125 0.0 0.7844827586206896 0.21551724137931033 0.0 0.7413793103448276 1071.3929896094473 21.980281049529196 121
0.8113207547169812 0.18867924528301888 0.0 0.801980198019802 0.19801980198019803 0.0 0.801980198019802 956.2664006131247 21.676621146908804 106
0.6837606837606838 0.3076923076923077 0.008547008547008548 0.6696428571428571 0.32142857142857145 0.008928571428571428 0.8571428571428571 1028.8444982828544 21.76149601475404 117
0.8226950354609929 0.16312056737588654 0.014184397163120567 0.8161764705882353 0.16911764705882354 0.014705882352941176 0.8161764705882353 1039.9272144053614 20.67432667133275 141
0.8854961832061069 0.11450381679389313 0.0 0.8809523809523809 0.11904761904761904 0.0 0.8174603174603174 957.3684906790961 19.898477571851835 131
0.8357142857142857 0.15714285714285714 0.007142857142857143 0.8296296296296296 0.16296296296296298 0.007407407407407408 0.8962962962962963 1070.7713571073887 20.153422397494023 140
0.835820895522388 0.16417910447761194 0.0 0.8294573643410853 0.17054263565891473 0.0 0.6976744186046512 1087.2486909810132 21.540100841859893 134
0.7281553398058253 0.24271844660194175 0.02912621359223301 0.7142857142857143 0.25510204081632654 0.030612244897959183 0.9489795918367347 933.9247919301154 23.932568842416927 103
0.8333333333333334 0.16666666666666666 0.0 0.8235294117647058 0.17647058823529413 0.0 0.8588235294117647 1055.1973462782764 24.07448320854247 90
0.8666666666666667 0.13333333333333333 0.0 0.86 0.14 0.0 0.8 1085.9477436434195 22.04450089672855 105
0.819047619047619 0.18095238095238095 0.0 0.81 0.19 0.0 0.7 1080.593075422531 22.98120244171623 105
0.8703703703703703 0.12962962962962962 0.0 0.8737864077669902 0.1262135922330097 0.0 0.8155339805825242 1032.8307495678278 22.729990635586518 108
0.8294573643410853 0.15503875968992248 0.015503875968992248 0.8225806451612904 0.16129032258064516 0.016129032258064516 0.6854838709677419 1065.129169006367 21.526189586100823 129
0.7605633802816901 0.23943661971830985 0.0 0.7424242424242424 0.25757575757575757 0.0 0.9242424242424242 965.0486496909821 29.684919345630256 71
0.8409090909090909 0.1590909090909091 0.0 0.8313253012048193 0.1686746987951807 0.0 0.8433734939759037 1032.5545202438466 24.258574546677593 88
0.7923076923076923 0.2076923076923077 0.0 0.784 0.216 0.0 0.672 1045.3992064508457 19.840122533677636 130
0.8791946308724832 0.12080536912751678 0.0 0.875 0.125 0.0 0.6944444444444444 1010.8982723521035 19.872116422691274 149
0.8137254901960784 0.17647058823529413 0.00980392156862745 0.8041237113402062 0.18556701030927836 0.010309278350515464 0.7731958762886598 1081.1597181295822 21.95527078087955 102
0.8473282442748091 0.1450381679389313 0.007633587786259542 0.8412698412698413 0.15079365079365079 0.007936507936507936 0.7777777777777778 1076.766930022844 22.436273098032107 131
0.9207920792079208 0.07920792079207921 0.0 0.9166666666666666 0.08333333333333333 0.0 0.8854166666666666 1062.7912906089805 21.327043619890592 101
0.8421052631578947 0.15789473684210525 0.0 0.8359375 0.1640625 0.0 0.84375 1019.709189655532 20.932334107854313 133
0.8148148148148148 0.18518518518518517 0.0 0.8157894736842105 0.18421052631578946 0.0 0.7763157894736842 1013.836472568941 24.416349417758934 81
0.8571428571428571 0.14285714285714285 0.0 0.8515625 0.1484375 0.0 0.84375 1079.2254599413166 20.74305637047787 133
0.8790322580645161 0.12096774193548387 0.0 0.8739495798319328 0.12605042016806722 0.0 0.9327731092436975 1076.9566761519325 21.1068717727837 124
0.7777777777777778 0.2111111111111111 0.011111111111111112 0.7764705882352941 0.21176470588235294 0.011764705882352941 0.8 1058.3208046958616 22.97351644839214 90
0.8288288288288288 0.17117117117117117 0.0 0.8207547169811321 0.1792452830188679 0.0 0.8962264150943396 1042.761441219828 22.294701943523 111
0.7105263157894737 0.2543859649122807 0.03508771929824561 0.6972477064220184 0.26605504587155965 0.03669724770642202 0.9541284403669725 1075.7503508749921 22.929049014485283 114
0.7596153846153846 0.23076923076923078 0.009615384615384616 0.7575757575757576 0.23232323232323232 0.010101010101010102 0.8080808080808081 1087.2693568523546 21.035907402525048 104
0.6916666666666667 0.25 0.058333333333333334 0.6782608695652174 0.2608695652173913 0.06086956521739131 0.9826086956521739 1045.5219447225884 22.884163956631994 120
0.8861788617886179 0.11382113821138211 0.0 0.8813559322033898 0.11864406779661017 0.0 0.788135593220339 1085.694047705098 20.137673775988368 123
0.8043478260869565 0.1956521739130435 0.0 0.7969924812030075 0.20300751879699247 0.0 1.0 1067.5779815536396 21.333176794460737 138
0.832 0.168 0.0 0.825 0.175 0.0 0.925 1058.843242460734 21.58623530063595 125
0.832258064516129 0.16774193548387098 0.0 0.8333333333333334 0.16666666666666666 0.0 0.7933333333333333 1087.471189705339 20.423577406493937 155
0.9196428571428571 0.08035714285714286 0.0 0.9158878504672897 0.08411214953271028 0.0 0.8130841121495327 1057.3279772512492 21.112836527096118 112
0.7197452229299363 0.22929936305732485 0.050955414012738856 0.7105263157894737 0.23684210526315788 0.05263157894736842 0.8552631578947368 1076.5252696170921 21.156101706054322 157
0.8738738738738738 0.11711711711711711 0.009009009009009009 0.8679245283018868 0.12264150943396226 0.009433962264150943 0.7641509433962265 1017.946212087192 23.314924825716574 111
0.853448275862069 0.14655172413793102 0.0 0.8468468468468469 0.15315315315315314 0.0 0.7657657657657657 1087.3492227555334 21.833782242632534 116
0.8571428571428571 0.14285714285714285 0.0 0.8508771929824561 0.14912280701754385 0.0 0.8333333333333334 1059.5500672791682 22.377289244540766 119
0.8412698412698413 0.15873015873015872 0.0 0.8347107438016529 0.1652892561983471 0.0 0.7024793388429752 1087.387942745586 20.96096775727742 126
0.648854961832061 0.33587786259541985 0.015267175572519083 0.6349206349206349 0.3492063492063492 0.015873015873015872 0.8015873015873016 1058.0603892570912 21.151585874754986 131
0.8848920863309353 0.11510791366906475 0.0 0.8805970149253731 0.11940298507462686 0.0 0.8880597014925373 1054.0229296560162 21.509010471816826 139
0.8455284552845529 0.15447154471544716 0.0 0.8389830508474576 0.16101694915254236 0.0 0.9576271186440678 1004.3763346345763 20.963694056964872 123
0.8343558282208589 0.1656441717791411 0.0 0.8291139240506329 0.17088607594936708 0.0 0.6708860759493671 1087.3230473827243 19.073749153750935 163
0.8125 0.1875 0.0 0.8037383177570093 0.19626168224299065 0.0 0.8785046728971962 1067.5977193475007 22.19887764742186 112
0.7739130434782608 0.21739130434782608 0.008695652173913044 0.7636363636363637 0.22727272727272727 0.00909090909090909 1.0 992.7021102236665 22.65097651689225 115
0.8255813953488372 0.16279069767441862 0.011627906976744186 0.8148148148148148 0.1728395061728395 0.012345679012345678 0.9629629629629629 946.9826200753497 23.369622768477374 86
0.7401574803149606 0.2440944881889764 0.015748031496062992 0.7295081967213115 0.2540983606557377 0.01639344262295082 0.9508196721311475 1067.4677281405036 21.81343367050652 127
0.9166666666666666 0.08333333333333333 0.0 0.9139072847682119 0.08609271523178808 0.0 0.8874172185430463 1087.2227632124166 20.11898246973181 156
0.8873239436619719 0.11267605633802817 0.0 0.8832116788321168 0.11678832116788321 0.0 0.7737226277372263 1069.8535641520546 20.667085696611935 142
0.8857142857142857 0.11428571428571428 0.0 0.88 0.12 0.0 0.86 1086.015095473991 21.819847840428757 105
0.7801418439716312 0.2127659574468085 0.0070921985815602835 0.7794117647058824 0.21323529411764705 0.007352941176470588 0.75 1087.3590209284603 20.457370869762038 141
0.7666666666666667 0.23333333333333334 0.0 0.7652173913043478 0.23478260869565218 0.0 0.8173913043478261 1086.6730797186879 21.654509733213384 120
0.8230088495575221 0.17699115044247787 0.0 0.8148148148148148 0.18518518518518517 0.0 0.8055555555555556 1086.9625002937512 20.89962506996027 113
0.8653846153846154 0.1346153846153846 0.0 0.8585858585858586 0.1414141414141414 0.0 0.8585858585858586 1077.7260887004043 21.41804003927318 104
0.797979797979798 0.20202020202020202 0.0 0.7978723404255319 0.20212765957446807 0.0 0.8723404255319149 1012.7137564013393 22.0798880107505 99
0.7682926829268293 0.23170731707317074 0.0 0.7532467532467533 0.24675324675324675 0.0 0.974025974025974 1046.959213741923 26.15408446331247 82
0.8888888888888888 0.1111111111111111 0.0 0.8839285714285714 0.11607142857142858 0.0 0.8392857142857143 1082.5868880313246 21.42596048907439 117
0.9152542372881356 0.0847457627118644 0.0 0.911504424778761 0.08849557522123894 0.0 0.8407079646017699 1065.6930435755285 20.463362622767946 118
0.8201438848920863 0.17985611510791366 0.0 0.8134328358208955 0.1865671641791045 0.0 0.7611940298507462 1081.7947718046828 20.897259850385733 139
0.8285714285714286 0.17142857142857143 0.0 0.82 0.18 0.0 0.82 1041.1273797835254 23.80852841506572 105
0.8461538461538461 0.15384615384615385 0.0 0.8383838383838383 0.16161616161616163 0.0 0.7272727272727273 1080.4992365870914 20.724171425767246 104
0.8187919463087249 0.18120805369127516 0.0 0.8125 0.1875 0.0 0.8402777777777778 1023.2278150230873 20.193285634600617 149
0.8571428571428571 0.1326530612244898 0.01020408163265306 0.8494623655913979 0.13978494623655913 0.010752688172043012 0.7849462365591398 1074.4579158618544 21.9574703197864 98
0.7788461538461539 0.21153846153846154 0.009615384615384616 0.7676767676767676 0.2222222222222222 0.010101010101010102 0.9191919191919192 1057.614393395896 22.747786663029203 104
0.9436619718309859 0.056338028169014086 0.0 0.9416058394160584 0.058394160583941604 0.0 0.7883211678832117 1084.4531007867372 20.3034517408813 142
0.7651515151515151 0.21212121212121213 0.022727272727272728 0.7559055118110236 0.2204724409448819 0.023622047244094488 0.9291338582677166 1035.3922652233643 20.591730904709518 132
0.851063829787234 0.14893617021276595 0.0 0.8455882352941176 0.15441176470588236 0.0 0.6838235294117647 1080.1840394342394 21.605478688658597 141
0.8686131386861314 0.13138686131386862 0.0 0.8636363636363636 0.13636363636363635 0.0 0.8409090909090909 1054.5417098128164 21.761163187489526 137
0.5701754385964912 0.3157894736842105 0.11403508771929824 0.5504587155963303 0.3302752293577982 0.11926605504587157 0.908256880733945 1003.607973390595 22.1805953221294 114
0.7547169811320755 0.24528301886792453 0.0 0.7425742574257426 0.25742574257425743 0.0 0.7227722772277227 1079.039279604914 20.347333740286253 106
0.8620689655172413 0.13793103448275862 0.0 0.8571428571428571 0.14285714285714285 0.0 0.6928571428571428 1086.4455618214279 20.3585086883202 145
0.8264462809917356 0.17355371900826447 0.0 0.8189655172413793 0.1810344827586207 0.0 0.7413793103448276 1086.4237974691298 21.81847631807089 121
0.8615384615384616 0.13846153846153847 0.0 0.856 0.144 0.0 0.632 1086.5640564545931 20.1858162167497 130
0.7888888888888889 0.2 0.011111111111111112 0.7764705882352941 0.21176470588235294 0.011764705882352941 1.0 1019.4151945853915 22.499630884118808 90
0.8181818181818182 0.18181818181818182 0.0 0.8110236220472441 0.1889763779527559 0.0 0.6850393700787402 1065.9767341158654 20.859436146404327 132
0.8348623853211009 0.1651376146788991 0.0 0.8269230769230769 0.17307692307692307 0.0 1.0 1036.3799571695633 22.502118905130665 109
0.8073394495412844 0.1926605504587156 0.0 0.7980769230769231 0.20192307692307693 0.0 0.9519230769230769 1073.1765509036659 23.72208214958908 109
0.7714285714285715 0.22857142857142856 0.0 0.7538461538461538 0.24615384615384617 0.0 0.9846153846153847 1079.1244160371864 27.36194668391668 70
0.84 0.16 0.0 0.8285714285714286 0.17142857142857143 0.0 0.8428571428571429 1020.7930950788792 23.096306545911833 75
0.8584070796460177 0.1415929203539823 0.0 0.8518518518518519 0.14814814814814814 0.0 0.7129629629629629 1086.9952934323421 20.29968540599286 113
0.7777777777777778 0.2222222222222222 0.0 0.7659574468085106 0.23404255319148937 0.0 0.925531914893617 1071.260706737657 23.002431869231337 99
0.8692307692307693 0.13076923076923078 0.0 0.864 0.136 0.0 0.832 1077.7384211030085 21.520467253301895 130
0.8495575221238938 0.1504424778761062 0.0 0.8425925925925926 0.1574074074074074 0.0 0.8148148148148148 1075.1098241431528 21.34399790503912 113
0.8918918918918919 0.10810810810810811 0.0 0.8881118881118881 0.11188811188811189 0.0 0.8321678321678322 1063.201114252103 18.710466920343634 148
0.8581560283687943 0.14184397163120568 0.0 0.8529411764705882 0.14705882352941177 0.0 0.8455882352941176 1085.1615872575717 20.94015505702046 141
0.9064748201438849 0.09352517985611511 0.0 0.9029850746268657 0.09701492537313433 0.0 0.8880597014925373 1051.6033634003757 20.35659454175156 139
0.851063829787234 0.14893617021276595 0.0 0.8539325842696629 0.14606741573033707 0.0 0.7528089887640449 1029.935883088715 23.06204171339449 94
0.8439716312056738 0.15602836879432624 0.0 0.8455882352941176 0.15441176470588236 0.0 0.7279411764705882 1087.4358548323037 19.706857695202025 141
0.8758620689655172 0.12413793103448276 0.0 0.8714285714285714 0.12857142857142856 0.0 0.85 1082.9795982094327 20.579156576706758 145
0.825 0.175 0.0 0.8173913043478261 0.1826086956521739 0.0 0.9043478260869565 1059.959862578813 21.963315609669568 120
0.7647058823529411 0.23529411764705882 0.0 0.7525773195876289 0.24742268041237114 0.0 0.8762886597938144 1052.628893240299 22.271765344329566 102
0.9367088607594937 0.06329113924050633 0.0 0.934640522875817 0.06535947712418301 0.0 0.673202614379085 913.125866333935 18.5936727506641 158
0.853448275862069 0.14655172413793102 0.0 0.8468468468468469 0.15315315315315314 0.0 0.9819819819819819 1054.8365422924228 20.602057668030717 116
0.822429906542056 0.17757009345794392 0.0 0.8137254901960784 0.18627450980392157 0.0 0.7352941176470589 1017.4380970106432 22.82561297474043 107
0.9230769230769231 0.07692307692307693 0.0 0.9196428571428571 0.08035714285714286 0.0 1.0 1060.7104175599388 22.12290711017821 117
0.7017543859649122 0.2982456140350877 0.0 0.6880733944954128 0.3119266055045872 0.0 0.6880733944954128 1031.5438818019786 22.263743693815453 114
0.7934782608695652 0.20652173913043478 0.0 0.7816091954022989 0.21839080459770116 0.0 1.0 979.4485277553637 24.924947065685547 92
0.83 0.17 0.0 0.8210526315789474 0.17894736842105263 0.0 0.8736842105263158 1041.0723179482525 22.19064576260601 100
0.8131868131868132 0.18681318681318682 0.0 0.8023255813953488 0.19767441860465115 0.0 0.8255813953488372 1064.8518827526834 22.62409954797763 91
0.8421052631578947 0.15789473684210525 0.0 0.8359375 0.1640625 0.0 0.71875 1087.136784208671 19.523013351760458 133
0.7924528301886793 0.20754716981132076 0.0 0.7821782178217822 0.21782178217821782 0.0 0.8217821782178217 1040.4846536200232 21.79825134304852 106
0.8230088495575221 0.17699115044247787 0.0 0.8148148148148148 0.18518518518518517 0.0 0.8518518518518519 978.5166117782916 21.04968366568571 113
0.7777777777777778 0.2222222222222222 0.0 0.7631578947368421 0.23684210526315788 0.0 0.8552631578947368 1060.1676389596719 22.868109050829396 81
0.84375 0.15625 0.0 0.8351648351648352 0.16483516483516483 0.0 1.0 959.9544488428631 24.650284950259685 96
0.8455882352941176 0.15441176470588236 0.0 0.8396946564885496 0.16030534351145037 0.0 0.7709923664122137 1087.2999841180822 20.426326094716437 136
0.8888888888888888 0.1111111111111111 0.0 0.8839285714285714 0.11607142857142858 0.0 0.8571428571428571 1025.4970314184923 20.86320230523318 117
0.8333333333333334 0.15625 0.010416666666666666 0.8351648351648352 0.15384615384615385 0.01098901098901099 0.8461538461538461 1040.6720118289727 22.83101711621707 96
0.7297297297297297 0.24324324324324326 0.02702702702702703 0.7169811320754716 0.25471698113207547 0.02830188679245283 1.0 1082.9145456231624 25.79336377438621 111
0.7009345794392523 0.2897196261682243 0.009345794392523364 0.6862745098039216 0.30392156862745096 0.00980392156862745 0.9509803921568627 1080.9445088742593 21.28666934467315 107
0.7941176470588235 0.20588235294117646 0.0 0.7835051546391752 0.21649484536082475 0.0 0.7731958762886598 1060.541860841191 24.07129189689989 102
0.875 0.125 0.0 0.8691588785046729 0.1308411214953271 0.0 0.794392523364486 1064.469149648697 20.935579482299556 112
0.8260869565217391 0.17391304347826086 0.0 0.8160919540229885 0.1839080459770115 0.0 0.6781609195402298 1087.260747085975 22.786756327152915 92
0.7608695652173914 0.2246376811594203 0.014492753623188406 0.7518796992481203 0.23308270676691728 0.015037593984962405 0.7744360902255639 1077.952024578427 21.939112021921055 138
0.9009009009009009 0.0990990990990991 0.0 0.8962264150943396 0.10377358490566038 0.0 0.9528301886792453 1037.6628291930951 22.47758030319633 111
0.8055555555555556 0.19444444444444445 0.0 0.7961165048543689 0.20388349514563106 0.0 0.7864077669902912 1041.5010349811796 20.10235414339372 108
0.8253968253968254 0.1746031746031746 0.0 0.8347107438016529 0.1652892561983471 0.0 0.7520661157024794 1083.794868805085 21.54764405385226 126
0.8888888888888888 0.1111111111111111 0.0 0.883495145631068 0.11650485436893204 0.0 0.7378640776699029 1086.7798443572324 21.981425579425988 108
0.8541666666666666 0.14583333333333334 0.0 0.8571428571428571 0.14285714285714285 0.0 0.8681318681318682 1014.3095194010214 22.322811875966014 96
0.723404255319149 0.2553191489361702 0.02127659574468085 0.7078651685393258 0.2696629213483146 0.02247191011235955 0.8426966292134831 986.6405120033277 24.475573513605216 94
0.7862595419847328 0.1984732824427481 0.015267175572519083 0.7857142857142857 0.1984126984126984 0.015873015873015872 0.746031746031746 1058.0517063523548 20.479659790431977 131
0.8636363636363636 0.13636363636363635 0.0 0.8554216867469879 0.14457831325301204 0.0 0.8192771084337349 1031.4038518726989 23.23728395790236 88
0.801980198019802 0.18811881188118812 0.009900990099009901 0.7916666666666666 0.19791666666666666 0.010416666666666666 0.9895833333333334 1023.8763937066775 22.020154242073083 101
0.8269230769230769 0.17307692307692307 0.0 0.8181818181818182 0.18181818181818182 0.0 0.8080808080808081 1065.159570022664 23.14453769971732 104
0.7719298245614035 0.21929824561403508 0.008771929824561403 0.7614678899082569 0.22935779816513763 0.009174311926605505 0.8990825688073395 1022.3880034511205 22.680262130879456 114
0.8611111111111112 0.1388888888888889 0.0 0.8561151079136691 0.14388489208633093 0.0 0.7913669064748201 1004.949080372401 20.20251374755911 144
0.8857142857142857 0.11428571428571428 0.0 0.88 0.12 0.0 0.85 983.1511014439546 21.556241836561444 105
0.7751937984496124 0.21705426356589147 0.007751937984496124 0.7661290322580645 0.22580645161290322 0.008064516129032258 0.8467741935483871 1064.2017491693016 21.28488355417743 129
0.9066666666666666 0.09333333333333334 0.0 0.903448275862069 0.09655172413793103 0.0 0.8275862068965517 1061.601415810938 21.291918939014657 150
0.8940397350993378 0.10596026490066225 0.0 0.8904109589041096 0.1095890410958904 0.0 0.8835616438356164 1033.747605332628 20.07758296141912 151
0.7416666666666667 0.225 0.03333333333333333 0.7391304347826086 0.22608695652173913 0.034782608695652174 0.7391304347826086 1087.2958532943367 20.789849975604437 120
0.7906976744186046 0.19767441860465115 0.011627906976744186 0.7777777777777778 0.20987654320987653 0.012345679012345678 1.0 1069.3926205508362 24.251524823954206 86
0.762962962962963 0.22962962962962963 0.007407407407407408 0.7615384615384615 0.23076923076923078 0.007692307692307693 0.8461538461538461 1066.604587144622 21.332798537312552 135
0.8461538461538461 0.15384615384615385 0.0 0.8392857142857143 0.16071428571428573 0.0 0.8214285714285714 1062.1688513277168 21.125585060069625 117
0.8106060606060606 0.1893939393939394 0.0 0.8031496062992126 0.1968503937007874 0.0 0.7086614173228346 1084.9581459424617 21.30413080294362 132
0.8173913043478261 0.1826086956521739 0.0 0.8090909090909091 0.19090909090909092 0.0 0.7818181818181819 1072.5979246443726 21.36589404386297 115
0.8181818181818182 0.18181818181818182 0.0 0.8103448275862069 0.1896551724137931 0.0 0.7758620689655172 1087.264941412528 20.00865853703295 121
0.8266666666666667 0.16666666666666666 0.006666666666666667 0.8275862068965517 0.16551724137931034 0.006896551724137931 0.7862068965517242 1049.309583138682 20.395687039615144 150
0.8804347826086957 0.11956521739130435 0.0 0.8735632183908046 0.12643678160919541 0.0 0.8045977011494253 1045.2320720362611 21.13368139663765 92
0.9056603773584906 0.09433962264150944 0.0 0.9108910891089109 0.0891089108910891 0.0 0.8811881188118812 1002.8508922444948 22.256511581424697 106
0.8913043478260869 0.10869565217391304 0.0 0.8850574712643678 0.11494252873563218 0.0 0.6666666666666666 1087.3469663373905 22.366046752647524 92
0.828125 0.140625 0.03125 0.8211382113821138 0.14634146341463414 0.032520325203252036 0.8130081300813008 1087.2413341727786 21.193519370292275 128
0.8264462809917356 0.17355371900826447 0.0 0.8189655172413793 0.1810344827586207 0.0 0.75 1045.2372174732832 21.517782722553445 121
0.8229166666666666 0.16666666666666666 0.010416666666666666 0.8131868131868132 0.17582417582417584 0.01098901098901099 0.9120879120879121 969.3305383689602 24.597611390152736 96
0.8389830508474576 0.16101694915254236 0.0 0.831858407079646 0.168141592920354 0.0 0.9823008849557522 1013.4423330761966 23.535970424977403 118
0.8527131782945736 0.14728682170542637 0.0 0.8467741935483871 0.1532258064516129 0.0 0.9435483870967742 1034.4957157511278 20.20805464286695 129
0.898989898989899 0.10101010101010101 0.0 0.8936170212765957 0.10638297872340426 0.0 0.9787234042553191 1062.445223934856 21.97906698354369 99
0.8095238095238095 0.19047619047619047 0.0 0.8 0.2 0.0 0.79 1080.4009287853407 24.39402187129928 105
0.872093023255814 0.12790697674418605 0.0 0.8641975308641975 0.13580246913580246 0.0 0.7901234567901234 1062.7851579083306 24.492733416343665 86
0.8702290076335878 0.1297709923664122 0.0 0.8650793650793651 0.1349206349206349 0.0 0.8095238095238095 1045.6495918216863 20.103622612841505 131
0.8072289156626506 0.1927710843373494 0.0 0.7948717948717948 0.20512820512820512 0.0 0.782051282051282 1083.9617858914337 21.907498514744876 83
0.8416666666666667 0.15 0.008333333333333333 0.8434782608695652 0.14782608695652175 0.008695652173913044 0.8695652173913043 1065.5616149855089 20.34104160473272 120
0.7109375 0.2578125 0.03125 0.6991869918699187 0.2682926829268293 0.032520325203252036 1.0 1065.2600158194884 23.699511775860966 128
0.8053097345132744 0.19469026548672566 0.0 0.7962962962962963 0.2037037037037037 0.0 0.8333333333333334 1071.5723397553552 22.637019676143872 113
0.7659574468085106 0.22695035460992907 0.0070921985815602835 0.7573529411764706 0.23529411764705882 0.007352941176470588 0.8235294117647058 1078.5400679097822 21.25160827293625 141
0.7857142857142857 0.2 0.014285714285714285 0.7777777777777778 0.2074074074074074 0.014814814814814815 0.9259259259259259 1027.3960407821755 21.693219054598348 140
0.7946428571428571 0.20535714285714285 0.0 0.794392523364486 0.205607476635514 0.0 0.6448598130841121 1087.407496528114 20.837651998229827 112
0.8165137614678899 0.1834862385321101 0.0 0.8076923076923077 0.19230769230769232 0.0 0.7596153846153846 1081.1507774442987 21.25297528998285 109
0.6764705882352942 0.3014705882352941 0.022058823529411766 0.6641221374045801 0.31297709923664124 0.022900763358778626 0.7786259541984732 1012.2081695009648 21.00495935801126 136
0.8108108108108109 0.1891891891891892 0.0 0.8018867924528302 0.19811320754716982 0.0 0.7452830188679245 1029.5018250416827 23.21194574824143 111
0.8518518518518519 0.14814814814814814 0.0 0.8461538461538461 0.15384615384615385 0.0 0.8769230769230769 1087.1000507784254 20.665528967999006 135
0.7950819672131147 0.20491803278688525 0.0 0.7863247863247863 0.21367521367521367 0.0 0.8461538461538461 1019.3924686522441 21.01241256735584 122
0.9548872180451128 0.045112781954887216 0.0 0.953125 0.046875 0.0 0.6953125 1084.673554275046 20.263061205569624 133
0.8317757009345794 0.16822429906542055 0.0 0.8235294117647058 0.17647058823529413 0.0 0.7352941176470589 1076.7368272584047 20.80612906488676 107
0.8468468468468469 0.15315315315315314 0.0 0.839622641509434 0.16037735849056603 0.0 0.9716981132075472 1046.7123195157997 23.074804937380755 111
0.8467741935483871 0.1532258064516129 0.0 0.8403361344537815 0.15966386554621848 0.0 0.7983193277310925 1041.4140329103186 21.836422650509114 124
0.7704918032786885 0.22131147540983606 0.00819672131147541 0.7606837606837606 0.23076923076923078 0.008547008547008548 0.7264957264957265 1077.1740854600841 22.599022569154844 122
0.8321678321678322 0.16783216783216784 0.0 0.8260869565217391 0.17391304347826086 0.0 0.7246376811594203 1087.146118870786 21.500298310564357 143
0.8389830508474576 0.11016949152542373 0.05084745762711865 0.831858407079646 0.11504424778761062 0.05309734513274336 0.8495575221238938 997.0372479245318 21.053086517485742 118
0.8151260504201681 0.18487394957983194 0.0 0.8157894736842105 0.18421052631578946 0.0 0.9385964912280702 1082.3959156843875 22.669088817981155 119
0.8290598290598291 0.17094017094017094 0.0 0.8392857142857143 0.16071428571428573 0.0 0.8660714285714286 1048.7666367669906 21.970084258890722 117
0.8976377952755905 0.10236220472440945 0.0 0.8934426229508197 0.10655737704918032 0.0 0.819672131147541 1066.2752886734734 20.841867576700974 127
0.7716049382716049 0.22839506172839505 0.0 0.7643312101910829 0.2356687898089172 0.0 0.8662420382165605 1085.7355663433586 20.90010397306714 162
0.7777777777777778 0.2222222222222222 0.0 0.7647058823529411 0.23529411764705882 0.0 0.7058823529411765 1006.4520642714605 22.834090499384526 90
0.8623853211009175 0.13761467889908258 0.0 0.8557692307692307 0.14423076923076922 0.0 0.7019230769230769 1087.3807379830155 20.489723081128357 109
0.7927927927927928 0.2072072072072072 0.0 0.7830188679245284 0.2169811320754717 0.0 0.8207547169811321 1085.2866670220155 22.29902875657596 111
0.7920792079207921 0.19801980198019803 0.009900990099009901 0.78125 0.20833333333333334 0.010416666666666666 0.6979166666666666 1025.2967378527294 23.823364532417333 101
0.8345323741007195 0.15827338129496402 0.007194244604316547 0.8432835820895522 0.14925373134328357 0.007462686567164179 0.7313432835820896 1087.4095729303133 21.269398334722204 139
0.810126582278481 0.189873417721519 0.0 0.7972972972972973 0.20270270270270271 0.0 1.0 1072.0457575673895 23.290221132460598 79
0.8363636363636363 0.16363636363636364 0.0 0.8380952380952381 0.1619047619047619 0.0 0.8666666666666667 1011.1843109503994 22.105753554840152 110
0.7789473684210526 0.22105263157894736 0.0 0.7666666666666667 0.23333333333333334 0.0 0.9444444444444444 1027.3908678204532 23.700693660084667 95
0.8076923076923077 0.1794871794871795 0.01282051282051282 0.7945205479452054 0.1917808219178082 0.0136986301369863 1.0 1051.506502261283 23.713729591907974 78
0.8333333333333334 0.15833333333333333 0.008333333333333333 0.8260869565217391 0.16521739130434782 0.008695652173913044 0.7391304347826086 1072.147774214381 22.023705081452558 120
0.8823529411764706 0.11764705882352941 0.0 0.8778625954198473 0.12213740458015267 0.0 0.7251908396946565 1087.2872932634912 20.814112063784947 136
0.8421052631578947 0.15789473684210525 0.0 0.8333333333333334 0.16666666666666666 0.0 0.8555555555555555 996.3655686489795 22.507121840274078 95
0.8620689655172413 0.13793103448275862 0.0 0.8558558558558559 0.14414414414414414 0.0 0.7747747747747747 1064.3617281365143 20.929902761766723 116
0.6014492753623188 0.3188405797101449 0.07971014492753623 0.5939849624060151 0.3308270676691729 0.07518796992481203 0.8195488721804511 1043.891062494661 21.866882042858688 138
0.7341772151898734 0.26582278481012656 0.0 0.7162162162162162 0.28378378378378377 0.0 0.9594594594594594 1054.3938805966036 24.797699305571903 79
0.8333333333333334 0.16666666666666666 0.0 0.8260869565217391 0.17391304347826086 0.0 0.8869565217391304 1050.192126167426 21.88856757059497 120
0.88 0.12 0.0 0.875 0.125 0.0 0.9333333333333333 1081.822993707609 20.93900558180625 125
0.788135593220339 0.211864406779661 0.0 0.7787610619469026 0.22123893805309736 0.0 0.6548672566371682 1087.3617937063332 21.257171617643987 118
0.848 0.152 0.0 0.8416666666666667 0.15833333333333333 0.0 0.7166666666666667 1087.2225259048405 21.317564813290897 125
0.8571428571428571 0.14285714285714285 0.0 0.8518518518518519 0.14814814814814814 0.0 0.8518518518518519 1077.6332128927438 20.250777041931347 140
0.8452380952380952 0.15476190476190477 0.0 0.8354430379746836 0.16455696202531644 0.0 0.9493670886075949 1076.5806522139362 25.28513599484253 84
0.8558558558558559 0.14414414414414414 0.0 0.8490566037735849 0.1509433962264151 0.0 0.8207547169811321 1055.6532066363054 22.72813517638687 111
0.7625 0.2375 0.0 0.76 0.24 0.0 0.76 1087.068525931405 24.13196151006766 80
0.7523809523809524 0.24761904761904763 0.0 0.74 0.26 0.0 0.82 1060.6421479185901 23.572907519399944 105
0.8222222222222222 0.17777777777777778 0.0 0.8117647058823529 0.18823529411764706 0.0 1.0 1045.9601428232877 24.312043795332183 90
0.7941176470588235 0.20588235294117646 0.0 0.7835051546391752 0.21649484536082475 0.0 0.9484536082474226 1041.0392500136804 23.6849589290939 102
0.8192771084337349 0.18072289156626506 0.0 0.8076923076923077 0.19230769230769232 0.0 0.9358974358974359 977.6614427292027 24.778406075880252 83
0.823076923076923 0.17692307692307693 0.0 0.816 0.184 0.0 0.752 1015.7904227730859 21.350779077667877 130
0.8382352941176471 0.16176470588235295 0.0 0.8320610687022901 0.16793893129770993 0.0 0.8320610687022901 1087.0466961687969 21.387092871816904 136
0.7948717948717948 0.20512820512820512 0.0 0.7857142857142857 0.21428571428571427 0.0 0.7142857142857143 1081.6312148349023 22.03210791188146 117
0.8203125 0.1796875 0.0 0.8211382113821138 0.17886178861788618 0.0 0.7073170731707317 1086.7634856084424 20.430025419464304 128
0.8541666666666666 0.125 0.020833333333333332 0.8461538461538461 0.13186813186813187 0.02197802197802198 0.6483516483516484 1076.292561240147 24.632054653066543 96
0.8256880733944955 0.1743119266055046 0.0 0.8173076923076923 0.18269230769230768 0.0 0.7980769230769231 1061.4889653042028 23.32825046077537 109
0.75 0.25 0.0 0.7341772151898734 0.26582278481012656 0.0 0.7721518987341772 1086.2848823194129 22.79066140009755 84
0.7627118644067796 0.23728813559322035 0.0 0.7522123893805309 0.24778761061946902 0.0 0.8761061946902655 1074.208839022626 24.103069181686568 118
0.8349514563106796 0.1650485436893204 0.0 0.826530612244898 0.17346938775510204 0.0 0.8367346938775511 1073.6327690981675 23.392294273598434 103
0.6756756756756757 0.3153153153153153 0.009009009009009009 0.660377358490566 0.330188679245283 0.009433962264150943 0.7075471698113207 1087.3178781526653 23.080926479645367 111
0.7301587301587301 0.2698412698412698 0.0 0.71900826446281 0.2809917355371901 0.0 0.743801652892562 1063.4677154903184 21.280756261478153 126
0.8396946564885496 0.16030534351145037 0.0 0.8333333333333334 0.16666666666666666 0.0 0.7619047619047619 1086.3624378436944 21.52608098446466 131
0.7339449541284404 0.25688073394495414 0.009174311926605505 0.7211538461538461 0.2692307692307692 0.009615384615384616 0.8365384615384616 1052.3492612714167 24.05951123103916 109
0.7777777777777778 0.1984126984126984 0.023809523809523808 0.7768595041322314 0.19834710743801653 0.024793388429752067 0.768595041322314 1083.6892097642883 20.121729632355233 126
0.7933884297520661 0.2066115702479339 0.0 0.7844827586206896 0.21551724137931033 0.0 0.9913793103448276 1072.5382096394744 21.492725849626183 121
0.7307692307692307 0.23076923076923078 0.038461538461538464 0.7123287671232876 0.2465753424657534 0.0410958904109589 1.0 1029.4557493070272 24.895006056251503 78
0.8674698795180723 0.13253012048192772 0.0 0.8589743589743589 0.14102564102564102 0.0 0.9615384615384616 1059.731551694374 23.643477630421206 83
0.8181818181818182 0.18181818181818182 0.0 0.8103448275862069 0.1896551724137931 0.0 0.75 949.9499865865229 19.952822506492836 121
0.8229166666666666 0.17708333333333334 0.0 0.8131868131868132 0.18681318681318682 0.0 0.8461538461538461 1051.5132487478304 22.985941457941593 96
0.8198198198198198 0.18018018018018017 0.0 0.8113207547169812 0.18867924528301888 0.0 0.8207547169811321 1067.98678053923 22.817604136642224 111
0.8650793650793651 0.1349206349206349 0.0 0.859504132231405 0.14049586776859505 0.0 0.6942148760330579 1087.1891982118257 19.187108060149892 126
0.864406779661017 0.13559322033898305 0.0 0.8584070796460177 0.1415929203539823 0.0 0.6460176991150443 1086.272710207183 22.37525712133194 118
0.7902097902097902 0.20279720279720279 0.006993006993006993 0.782608695652174 0.21014492753623187 0.007246376811594203 0.5434782608695652 1061.679201968508 20.53284498463384 143
0.8362068965517241 0.16379310344827586 0.0 0.8288288288288288 0.17117117117117117 0.0 0.8648648648648649 1073.3404694010899 23.362367937003192 116
0.7723577235772358 0.21951219512195122 0.008130081300813009 0.7627118644067796 0.2288135593220339 0.00847457627118644 0.8305084745762712 1043.6142001391459 22.444014338267262 123
0.8048780487804879 0.1951219512195122 0.0 0.7966101694915254 0.2033898305084746 0.0 0.8559322033898306 1080.3698750117624 20.879266058560983 123
0.8279569892473119 0.17204301075268819 0.0 0.8181818181818182 0.18181818181818182 0.0 0.9431818181818182 1051.9512070877333 23.02197634964274 93
0.6124031007751938 0.3333333333333333 0.05426356589147287 0.5967741935483871 0.3467741935483871 0.056451612903225805 0.8548387096774194 1062.984158944569 21.894049039847914 129
0.8016528925619835 0.18181818181818182 0.01652892561983471 0.7931034482758621 0.1896551724137931 0.017241379310344827 0.7931034482758621 1080.916681839593 22.668607082920577 121
0.7321428571428571 0.24107142857142858 0.026785714285714284 0.719626168224299 0.2523364485981308 0.028037383177570093 0.9158878504672897 1082.9230629882948 23.211793601960995 112
0.7735849056603774 0.2169811320754717 0.009433962264150943 0.7623762376237624 0.22772277227722773 0.009900990099009901 0.7821782178217822 1057.5147455750598 21.805411092907235 106
0.7663551401869159 0.2336448598130841 0.0 0.7647058823529411 0.23529411764705882 0.0 0.8137254901960784 1034.6088186352074 22.807073766663652 107
0.8449612403100775 0.15503875968992248 0.0 0.8387096774193549 0.16129032258064516 0.0 0.6612903225806451 1024.6988518157395 21.770965044802153 129
0.8395061728395061 0.16049382716049382 0.0 0.8289473684210527 0.17105263157894737 0.0 0.9342105263157895 1084.92536258419 22.38227524086359 81
0.8508771929824561 0.14912280701754385 0.0 0.8440366972477065 0.1559633027522936 0.0 0.7431192660550459 1087.1911251588372 21.59454163912685 114
0.7593984962406015 0.18796992481203006 0.05263157894736842 0.75 0.1953125 0.0546875 0.6640625 1084.9145874840674 19.743251433243312 133
0.8363636363636363 0.16363636363636364 0.0 0.8380952380952381 0.1619047619047619 0.0 0.8476190476190476 1057.5168066574847 22.196538875021105 110
0.7846153846153846 0.2076923076923077 0.007692307692307693 0.776 0.216 0.008 0.824 1051.097941480358 22.1732806863758 130
0.8760330578512396 0.12396694214876033 0.0 0.8706896551724138 0.12931034482758622 0.0 0.8879310344827587 1087.306549172229 20.95232841619587 121
0.8095238095238095 0.19047619047619047 0.0 0.7974683544303798 0.20253164556962025 0.0 0.9620253164556962 1039.8241137900168 23.116463161822065 84
0.8282828282828283 0.1717171717171717 0.0 0.8191489361702128 0.18085106382978725 0.0 0.5957446808510638 1087.2809375557565 23.164697254794604 99
0.8333333333333334 0.16666666666666666 0.0 0.8346456692913385 0.16535433070866143 0.0 0.8740157480314961 1070.391696466743 19.125729386528956 132
0.8074074074074075 0.18518518518518517 0.007407407407407408 0.8 0.19230769230769232 0.007692307692307693 0.8538461538461538 1074.9653051582454 21.817313286404204 135
0.5905511811023622 0.2992125984251969 0.11023622047244094 0.5819672131147541 0.3114754098360656 0.10655737704918032 0.639344262295082 1072.137774680166 22.00765679846737 127
0.7184466019417476 0.2815533980582524 0.0 0.7142857142857143 0.2857142857142857 0.0 0.8367346938775511 1079.7869305451986 23.336174928322706 103
0.8623853211009175 0.13761467889908258 0.0 0.8557692307692307 0.14423076923076922 0.0 0.6730769230769231 1082.2287931981884 21.379164747107858 109
0.8391608391608392 0.16083916083916083 0.0 0.8333333333333334 0.16666666666666666 0.0 0.8115942028985508 1084.49594690941 21.564721707334307 143
0.8050847457627118 0.17796610169491525 0.01694915254237288 0.7964601769911505 0.18584070796460178 0.017699115044247787 0.9734513274336283 1068.7998337297768 21.52978277333151 118
0.8461538461538461 0.15384615384615385 0.0 0.8482142857142857 0.15178571428571427 0.0 0.9375 1048.343159122425 22.624253403203596 117
0.8292682926829268 0.17073170731707318 0.0 0.8220338983050848 0.17796610169491525 0.0 0.8559322033898306 1076.1000997886497 21.149473159837026 123
0.7956989247311828 0.20430107526881722 0.0 0.7840909090909091 0.2159090909090909 0.0 0.9318181818181818 1061.093556717077 24.359413795337893 93
0.4953271028037383 0.32710280373831774 0.17757009345794392 0.47058823529411764 0.3431372549019608 0.18627450980392157 0.8823529411764706 1060.136170571106 22.022329925525977 107
0.7697841726618705 0.2158273381294964 0.014388489208633094 0.7686567164179104 0.21641791044776118 0.014925373134328358 0.8731343283582089 1063.997726323269 20.669066564873155 139
0.8411214953271028 0.1588785046728972 0.0 0.8333333333333334 0.16666666666666666 0.0 0.7450980392156863 1082.5093803497116 21.220329450131555 107
0.8740157480314961 0.11023622047244094 0.015748031496062992 0.8688524590163934 0.11475409836065574 0.01639344262295082 0.9918032786885246 1048.5435943076563 20.93682476746715 127
0.847682119205298 0.152317880794702 0.0 0.8493150684931506 0.1506849315068493 0.0 0.7328767123287672 1048.4921874325064 18.83186140613384 151
0.6887417218543046 0.271523178807947 0.039735099337748346 0.678082191780822 0.2808219178082192 0.0410958904109589 0.9246575342465754 1055.7544555093477 20.319306250658656 151
0.8269230769230769 0.16346153846153846 0.009615384615384616 0.8181818181818182 0.1717171717171717 0.010101010101010102 0.9696969696969697 1017.0281024730106 22.498727533062038 104
0.8135593220338984 0.1864406779661017 0.0 0.8053097345132744 0.19469026548672566 0.0 0.831858407079646 1085.4970315633882 22.039333354638018 118
0.8 0.19047619047619047 0.009523809523809525 0.79 0.2 0.01 0.7 1059.3723811818058 24.00359927326895 105
0.7254901960784313 0.2647058823529412 0.00980392156862745 0.7216494845360825 0.26804123711340205 0.010309278350515464 0.9381443298969072 1083.9770393586505 21.554329534248183 102
0.9051724137931034 0.09482758620689655 0.0 0.9009009009009009 0.0990990990990991 0.0 0.6126126126126126 1002.7022644499582 22.067899375063835 116
0.796875 0.203125 0.0 0.7886178861788617 0.21138211382113822 0.0 0.8617886178861789 1027.4946133254814 20.627876733246257 128
0.7613636363636364 0.23863636363636365 0.0 0.7469879518072289 0.25301204819277107 0.0 0.927710843373494 1036.4674228634817 24.02606424726689 88
0.8817204301075269 0.11827956989247312 0.0 0.875 0.125 0.0 0.75 1086.7613941389554 21.857155345816476 93
0.8356164383561644 0.1643835616438356 0.0 0.8297872340425532 0.1702127659574468 0.0 0.6737588652482269 1087.2873235541317 20.038165475807155 146
0.8536585365853658 0.14634146341463414 0.0 0.8441558441558441 0.15584415584415584 0.0 0.8311688311688312 1078.2258177763902 22.693166025423434 82
0.8105263157894737 0.18947368421052632 0.0 0.8111111111111111 0.18888888888888888 0.0 0.7222222222222222 1071.4585115432255 20.621072814398474 95
0.8165137614678899 0.1559633027522936 0.027522935779816515 0.8076923076923077 0.16346153846153846 0.028846153846153848 0.9519230769230769 1070.2339050237829 23.45996050463093 109
0.8306451612903226 0.1693548387096774 0.0 0.8235294117647058 0.17647058823529413 0.0 0.8487394957983193 948.059462963916 20.002979900959634 124
0.8467153284671532 0.15328467153284672 0.0 0.8409090909090909 0.1590909090909091 0.0 0.7878787878787878 1085.7505510344063 20.507138537833406 137
0.7651515151515151 0.23484848484848486 0.0 0.7637795275590551 0.23622047244094488 0.0 0.6771653543307087 1086.716692162725 21.775907622649 132
0.8333333333333334 0.16666666666666666 0.0 0.8264462809917356 0.17355371900826447 0.0 1.0 1065.4795582380095 22.724847524526687 126
0.8217821782178217 0.1782178217821782 0.0 0.8125 0.1875 0.0 0.6875 1058.3495122749898 21.88986906910875 101
0.6619718309859155 0.31690140845070425 0.02112676056338028 0.6496350364963503 0.3284671532846715 0.021897810218978103 0.6861313868613139 1086.6678779903975 20.08438668306708 142
0.7571428571428571 0.24285714285714285 0.0 0.7384615384615385 0.26153846153846155 0.0 0.9384615384615385 1064.5275111879114 24.65099893823869 70
0.8516129032258064 0.14838709677419354 0.0 0.8466666666666667 0.15333333333333332 0.0 0.7733333333333333 1087.3850221185444 20.222971677049546 155
0.7565217391304347 0.23478260869565218 0.008695652173913044 0.7454545454545455 0.24545454545454545 0.00909090909090909 0.9181818181818182 1044.335392266247 22.121100647299105 115
0.7878787878787878 0.1919191919191919 0.020202020202020204 0.776595744680851 0.20212765957446807 0.02127659574468085 0.8617021276595744 1015.1982065018038 22.21424940540236 99
0.7368421052631579 0.25263157894736843 0.010526315789473684 0.7222222222222222 0.26666666666666666 0.011111111111111112 0.9555555555555556 984.7337687578397 21.650066786326256 95
0.8 0.2 0.0 0.8 0.2 0.0 0.824 1087.2331746279276 20.173292280242777 130
0.82 0.18 0.0 0.8105263157894737 0.18947368421052632 0.0 0.8105263157894737 1051.9623305007829 22.083265231072254 100
0.6781609195402298 0.3103448275862069 0.011494252873563218 0.6707317073170732 0.3170731707317073 0.012195121951219513 0.8902439024390244 1066.5688199227238 25.055051986453883 87
0.8279569892473119 0.17204301075268819 0.0 0.8181818181818182 0.18181818181818182 0.0 0.7272727272727273 1021.2591042634882 23.966148706605978 93
0.780952380952381 0.20952380952380953 0.009523809523809525 0.77 0.22 0.01 0.66 1087.3847004049182 20.24161594624521 105
0.8412698412698413 0.15873015873015872 0.0 0.8347107438016529 0.1652892561983471 0.0 0.768595041322314 1021.4171945956341 20.936369440091877 126
0.8548387096774194 0.14516129032258066 0.0 0.8487394957983193 0.15126050420168066 0.0 0.8823529411764706 1072.6853362456793 20.105617206787752 124
0.8787878787878788 0.12121212121212122 0.0 0.8723404255319149 0.1276595744680851 0.0 0.9468085106382979 1087.14833606362 23.41180294264633 99
0.8333333333333334 0.16666666666666666 0.0 0.8208955223880597 0.1791044776119403 0.0 1.0 1003.5091644550156 28.67027212498162 72
0.7878787878787878 0.18181818181818182 0.030303030303030304 0.776595744680851 0.19148936170212766 0.031914893617021274 0.776595744680851 1073.8994582502926 22.84353687973638 99
0.8260869565217391 0.17391304347826086 0.0 0.8181818181818182 0.18181818181818182 0.0 0.8545454545454545 1057.1781897331925 21.79699073868457 115
0.7567567567567568 0.22522522522522523 0.018018018018018018 0.7452830188679245 0.2358490566037736 0.018867924528301886 0.839622641509434 1085.90380838588 21.990699133279694 111
0.6776859504132231 0.3140495867768595 0.008264462809917356 0.6637931034482759 0.3275862068965517 0.008620689655172414 0.8189655172413793 1068.7448007162795 22.256550141860096 121
0.9016393442622951 0.09836065573770492 0.0 0.8974358974358975 0.10256410256410256 0.0 0.8205128205128205 1086.897772529007 21.693077568674045 122
0.7631578947368421 0.22807017543859648 0.008771929824561403 0.7522935779816514 0.23853211009174313 0.009174311926605505 0.8073394495412844 1077.479332306396 21.91907802039325 114
0.8646616541353384 0.13533834586466165 0.0 0.859375 0.140625 0.0 0.7578125 1077.699023368291 20.984578777855315 133
0.823076923076923 0.17692307692307693 0.0 0.816 0.184 0.0 0.76 1081.49022553634 20.961620014867638 130
0.8241758241758241 0.17582417582417584 0.0 0.813953488372093 0.18604651162790697 0.0 0.9767441860465116 1084.5588488077187 22.511981305176146 91
0.8823529411764706 0.11764705882352941 0.0 0.8778625954198473 0.12213740458015267 0.0 0.8091603053435115 1058.793268483852 19.991940573367053 136
0.883495145631068 0.11650485436893204 0.0 0.8775510204081632 0.12244897959183673 0.0 0.6836734693877551 1066.819232481212 23.04503819029012 103
0.832 0.168 0.0 0.825 0.175 0.0 0.9083333333333333 1050.9186147636733 21.978426394725933 125
0.8273381294964028 0.17266187050359713 0.0 0.8283582089552238 0.17164179104477612 0.0 0.7388059701492538 1087.389320643802 20.2712142409367 139
0.8571428571428571 0.14285714285714285 0.0 0.85 0.15 0.0 0.86 1072.0395816537016 23.240848345502958 105
0.7684210526315789 0.23157894736842105 0.0 0.7666666666666667 0.23333333333333334 0.0 0.8222222222222222 1086.1994640945813 24.370283707057673 95
0.7923076923076923 0.2076923076923077 0.0 0.784 0.216 0.0 0.888 1020.3776164377733 21.27802515286315 130
0.8095238095238095 0.19047619047619047 0.0 0.81 0.19 0.0 0.9 1077.933384641621 24.57229985297285 105
0.8823529411764706 0.11764705882352941 0.0 0.875 0.125 0.0 0.75 1045.630211226311 25.551518164991098 85
0.8979591836734694 0.10204081632653061 0.0 0.8943661971830986 0.1056338028169014 0.0 0.7535211267605634 1045.7760490040932 19.628380990390664 147
0.8376068376068376 0.1623931623931624 0.0 0.8303571428571429 0.16964285714285715 0.0 0.8660714285714286 1087.0990330419395 21.382769011877603 117
0.7980769230769231 0.20192307692307693 0.0 0.7878787878787878 0.21212121212121213 0.0 0.898989898989899 1067.8192353967959 22.401746059794636 104
0.8050847457627118 0.19491525423728814 0.0 0.7964601769911505 0.20353982300884957 0.0 0.7964601769911505 1046.1480608890367 21.865858600336985 118
0.8164556962025317 0.17721518987341772 0.006329113924050633 0.8104575163398693 0.1830065359477124 0.006535947712418301 0.9084967320261438 1076.5932055755623 20.549642974649743 158
0.89171974522293 0.10828025477707007 0.0 0.8881578947368421 0.1118421052631579 0.0 0.8421052631578947 1058.9990013766303 20.18305528018522 157
0.8305084745762712 0.1694915254237288 0.0 0.8230088495575221 0.17699115044247787 0.0 0.7079646017699115 1080.9113079249275 21.065430322729007 118
0.8604651162790697 0.13953488372093023 0.0 0.8548387096774194 0.14516129032258066 0.0 0.6935483870967742 1060.1845269889595 21.405641764696295 129
0.7132352941176471 0.27205882352941174 0.014705882352941176 0.7099236641221374 0.2748091603053435 0.015267175572519083 0.8625954198473282 1077.926829412804 22.744861936329368 136
0.8872180451127819 0.11278195488721804 0.0 0.8828125 0.1171875 0.0 0.9921875 1068.7261573335127 20.30324985534691 133
0.8300653594771242 0.16993464052287582 0.0 0.8243243243243243 0.17567567567567569 0.0 0.581081081081081 1061.6581052553765 20.32376400741657 153
0.8484848484848485 0.14393939393939395 0.007575757575757576 0.84251968503937 0.14960629921259844 0.007874015748031496 0.8503937007874016 1085.5297170488175 21.703400108815806 132
0.8292682926829268 0.17073170731707318 0.0 0.8220338983050848 0.17796610169491525 0.0 0.7288135593220338 1087.456424233691 20.856885264445694 123
0.8020833333333334 0.1875 0.010416666666666666 0.7912087912087912 0.1978021978021978 0.01098901098901099 0.7912087912087912 1066.6586111018432 21.655426035538863 96
0.7956989247311828 0.20430107526881722 0.0 0.7840909090909091 0.2159090909090909 0.0 0.9204545454545454 1080.0636440166254 24.29047514568996 93
0.8167539267015707 0.18324607329842932 0.0 0.8118279569892473 0.1881720430107527 0.0 0.7634408602150538 1087.3757468818847 19.245180074174343 191
0.8 0.2 0.0 0.7923076923076923 0.2076923076923077 0.0 0.7461538461538462 1087.4027392062958 21.92809778580134 135
0.8706896551724138 0.12931034482758622 0.0 0.8648648648648649 0.13513513513513514 0.0 0.7837837837837838 1086.266047768793 21.39661606801063 116
0.9366197183098591 0.06338028169014084 0.0 0.9343065693430657 0.06569343065693431 0.0 0.7591240875912408 1085.9516812414374 19.568828852271302 142
0.9196428571428571 0.08035714285714286 0.0 0.9158878504672897 0.08411214953271028 0.0 0.7383177570093458 1087.2739551623183 20.846925894546708 112
0.7469879518072289 0.25301204819277107 0.0 0.7435897435897436 0.2564102564102564 0.0 0.8333333333333334 1083.024635849318 25.32258058634564 83
0.8492063492063492 0.15079365079365079 0.0 0.8429752066115702 0.15702479338842976 0.0 0.7272727272727273 1086.2991435097701 21.137440778599572 126
0.8686131386861314 0.13138686131386862 0.0 0.8636363636363636 0.13636363636363635 0.0 0.5227272727272727 1050.2344455364034 20.881037738570207 137
0.8671875 0.1328125 0.0 0.8617886178861789 0.13821138211382114 0.0 1.0 1059.4366064717378 22.70253169072176 128
0.8598726114649682 0.14012738853503184 0.0 0.8552631578947368 0.14473684210526316 0.0 0.8947368421052632 1079.5611021997145 20.885794426867548 157
0.904 0.096 0.0 0.9 0.1 0.0 0.7583333333333333 1072.1581007247191 20.918392084009874 125
0.7520661157024794 0.2396694214876033 0.008264462809917356 0.7413793103448276 0.25 0.008620689655172414 0.9655172413793104 1074.253752683856 22.430245347638056 121
0.9327731092436975 0.06722689075630252 0.0 0.9298245614035088 0.07017543859649122 0.0 1.0 1070.9073189898968 22.009894550959025 119
0.865979381443299 0.13402061855670103 0.0 0.8586956521739131 0.14130434782608695 0.0 0.5760869565217391 947.7969756939842 21.792823544016038 97
0.7849462365591398 0.20430107526881722 0.010752688172043012 0.8068181818181818 0.18181818181818182 0.011363636363636364 0.8181818181818182 1035.8189188285578 22.365303555411845 93
0.8333333333333334 0.16666666666666666 0.0 0.8352941176470589 0.16470588235294117 0.0 0.8705882352941177 1020.0471051039651 22.96388359370175 90
0.8248175182481752 0.17518248175182483 0.0 0.8181818181818182 0.18181818181818182 0.0 0.8484848484848485 1087.2479603939285 21.611926408277284 137
0.8613861386138614 0.13861386138613863 0.0 0.8645833333333334 0.13541666666666666 0.0 0.7291666666666666 1087.260221808972 22.209145629305606 101
0.7962962962962963 0.2037037037037037 0.0 0.7864077669902912 0.21359223300970873 0.0 0.9902912621359223 1017.8826962054725 23.006248195691526 108
0.9032258064516129 0.0967741935483871 0.0 0.8977272727272727 0.10227272727272728 0.0 0.875 1067.7878048646628 21.67536467309602 93
0.7830188679245284 0.20754716981132076 0.009433962264150943 0.7722772277227723 0.21782178217821782 0.009900990099009901 0.8316831683168316 958.568460921865 21.355140891438705 106
0.8207547169811321 0.16981132075471697 0.009433962264150943 0.8118811881188119 0.1782178217821782 0.009900990099009901 0.9207920792079208 984.2793977258162 22.444058046570962 106
0.8545454545454545 0.14545454545454545 0.0 0.8476190476190476 0.1523809523809524 0.0 0.8476190476190476 1058.3424049238808 23.564678684831655 110
0.8878504672897196 0.11214953271028037 0.0 0.8823529411764706 0.11764705882352941 0.0 0.9019607843137255 1073.5155483128315 21.398706993048027 107
0.8313253012048193 0.1686746987951807 0.0 0.8205128205128205 0.1794871794871795 0.0 0.8333333333333334 1035.8786517681838 21.63131112105642 83
0.8378378378378378 0.16216216216216217 0.0 0.8301886792452831 0.16981132075471697 0.0 0.9716981132075472 1069.0254136384845 22.157763868231005 111
0.7647058823529411 0.20168067226890757 0.03361344537815126 0.7543859649122807 0.21052631578947367 0.03508771929824561 0.868421052631579 1082.4458363984459 21.590731136269355 119
0.822429906542056 0.17757009345794392 0.0 0.8137254901960784 0.18627450980392157 0.0 0.7843137254901961 1069.574677777526 21.121990767709086 107
0.8782608695652174 0.12173913043478261 0.0 0.8727272727272727 0.12727272727272726 0.0 0.7545454545454545 1065.2749345270693 21.99233414813741 115
0.7747747747747747 0.21621621621621623 0.009009009009009009 0.7641509433962265 0.22641509433962265 0.009433962264150943 0.8962264150943396 1067.15970091788 20.758654097391872 111
0.8674698795180723 0.12048192771084337 0.012048192771084338 0.8589743589743589 0.1282051282051282 0.01282051282051282 0.9743589743589743 1023.9521773646923 25.075017955949686 83
0.8907563025210085 0.1092436974789916 0.0 0.8859649122807017 0.11403508771929824 0.0 0.7631578947368421 1081.5530981920049 19.909192426531497 119
0.8376068376068376 0.1623931623931624 0.0 0.8303571428571429 0.16964285714285715 0.0 0.7678571428571429 1086.9418504369391 21.50034580864036 117
0.7698412698412699 0.23015873015873015 0.0 0.768595041322314 0.23140495867768596 0.0 0.7272727272727273 1087.3213272661956 20.95087154500248 126
0.7545454545454545 0.24545454545454545 0.0 0.7428571428571429 0.2571428571428571 0.0 0.9809523809523809 1079.3843520581877 22.812330457448066 110
0.8596491228070176 0.14035087719298245 0.0 0.8532110091743119 0.14678899082568808 0.0 0.7064220183486238 1077.5629874534375 21.87402951441598 114
0.7903225806451613 0.1935483870967742 0.016129032258064516 0.7815126050420168 0.20168067226890757 0.01680672268907563 0.8907563025210085 1079.7228511058522 24.32129123385648 124
0.8833333333333333 0.11666666666666667 0.0 0.8782608695652174 0.12173913043478261 0.0 0.8347826086956521 1014.877041115611 21.63031239746703 120
0.7899159663865546 0.21008403361344538 0.0 0.7807017543859649 0.21929824561403508 0.0 0.8070175438596491 1083.128498105003 23.587855329179696 119
0.7904761904761904 0.20952380952380953 0.0 0.8 0.2 0.0 0.82 1054.2988777921557 23.404856213277125 105
0.9150943396226415 0.08490566037735849 0.0 0.9108910891089109 0.0891089108910891 0.0 0.693069306930693 1037.465040474367 22.78141438773565 106
0.8015267175572519 0.19083969465648856 0.007633587786259542 0.8015873015873016 0.19047619047619047 0.007936507936507936 0.8174603174603174 1053.891061821581 20.723145686121 131
0.8547008547008547 0.1452991452991453 0.0 0.8482142857142857 0.15178571428571427 0.0 0.7857142857142857 1087.381580856038 20.827056639175282 117
0.8706896551724138 0.12931034482758622 0.0 0.8648648648648649 0.13513513513513514 0.0 0.7837837837837838 1019.1864827396521 21.891708605675724 116
0.921875 0.078125 0.0 0.9186991869918699 0.08130081300813008 0.0 0.8211382113821138 1067.469920585011 19.74950801238659 128
0.8440366972477065 0.1559633027522936 0.0 0.8365384615384616 0.16346153846153846 0.0 0.875 990.3728972355763 23.469858834484647 109
