0.8723404255319149 0.1276595744680851 0.0 0.8676470588235294 0.1323529411764706 0.0 0.8088235294117647 1082.8287990837332 19.729994255861794 141
0.9074074074074074 0.09259259259259259 0.0 0.9029126213592233 0.0970873786407767 0.0 0.883495145631068 1013.6885283255997 19.505601332392235 108
0.8068965517241379 0.19310344827586207 0.0 0.8 0.2 0.0 0.7642857142857142 1038.0872246499964 20.381133110611525 145
0.8791208791208791 0.12087912087912088 0.0 0.872093023255814 0.12790697674418605 0.0 0.7906976744186046 1003.2099918594713 23.535017385738694 91
0.8515625 0.1484375 0.0 0.8455284552845529 0.15447154471544716 0.0 0.8455284552845529 1079.8899637010409 21.787187787607266 128
0.8292682926829268 0.17073170731707318 0.0 0.8220338983050848 0.17796610169491525 0.0 0.8559322033898306 1040.7019941115145 21.246219435456176 123
0.8137254901960784 0.17647058823529413 0.00980392156862745 0.8041237113402062 0.18556701030927836 0.010309278350515464 0.7525773195876289 1067.5579645603543 21.800034279108342 102
0.8392857142857143 0.16071428571428573 0.0 0.8317757009345794 0.16822429906542055 0.0 0.7289719626168224 1087.4607851231876 20.606653637077795 112
0.891566265060241 0.10843373493975904 0.0 0.8846153846153846 0.11538461538461539 0.0 1.0 992.6961030860601 24.407254788355438 83
0.8771929824561403 0.12280701754385964 0.0 0.8715596330275229 0.12844036697247707 0.0 0.7706422018348624 1063.9033640656455 20.596802858852563 114
0.8932038834951457 0.10679611650485436 0.0 0.8877551020408163 0.11224489795918367 0.0 0.6632653061224489 1087.2946092724387 22.022529429864715 103
0.9375 0.0625 0.0 0.935251798561151 0.06474820143884892 0.0 0.9640287769784173 1071.6078134102268 19.543529666746636 144
0.8861788617886179 0.11382113821138211 0.0 0.8813559322033898 0.11864406779661017 0.0 0.8135593220338984 1037.439475503347 19.919205515116783 123
0.6831683168316832 0.297029702970297 0.019801980198019802 0.6770833333333334 0.3020833333333333 0.020833333333333332 0.9791666666666666 987.829932128885 22.224792691314594 101
0.8692307692307693 0.13076923076923078 0.0 0.864 0.136 0.0 0.752 1075.0809620253185 20.282693540924548 130
0.8345323741007195 0.16546762589928057 0.0 0.8283582089552238 0.17164179104477612 0.0 0.7089552238805971 1059.6318896866442 21.513321628394273 139
0.875 0.125 0.0 0.8681318681318682 0.13186813186813187 0.0 0.8571428571428571 1050.0000700540784 21.682884723624053 96
0.853448275862069 0.13793103448275862 0.008620689655172414 0.8468468468468469 0.14414414414414414 0.009009009009009009 0.972972972972973 1057.6770880121092 22.554100374347538 116
0.8392857142857143 0.16071428571428573 0.0 0.8317757009345794 0.16822429906542055 0.0 0.7570093457943925 1087.1071751357501 21.803117018728475 112
0.8387096774193549 0.16129032258064516 0.0 0.8295454545454546 0.17045454545454544 0.0 0.75 1042.3672674437473 22.429435274496324 93
0.8646616541353384 0.13533834586466165 0.0 0.859375 0.140625 0.0 0.75 1085.1488530567246 20.360114694482064 133
0.8085106382978723 0.19148936170212766 0.0 0.797752808988764 0.20224719101123595 0.0 0.9775280898876404 1046.27615205066 21.755968396607525 94
0.8345323741007195 0.16546762589928057 0.0 0.8283582089552238 0.17164179104477612 0.0 0.7761194029850746 1086.9876755947155 20.525349842494744 139
0.8950617283950617 0.10493827160493827 0.0 0.89171974522293 0.10828025477707007 0.0 0.89171974522293 1051.8041430559142 19.47571719563957 162
0.9194630872483222 0.08053691275167785 0.0 0.9236111111111112 0.0763888888888889 0.0 0.7847222222222222 1087.2552487799471 19.594857093819133 149
0.8547008547008547 0.1452991452991453 0.0 0.8482142857142857 0.15178571428571427 0.0 0.7946428571428571 1077.5008767421239 20.352086697658507 117
0.84375 0.15625 0.0 0.8373983739837398 0.16260162601626016 0.0 0.7642276422764228 1081.7826057887548 21.743683432920022 128
0.8141592920353983 0.18584070796460178 0.0 0.8055555555555556 0.19444444444444445 0.0 0.8611111111111112 1029.2566134630115 22.444167592538058 113
0.8901098901098901 0.10989010989010989 0.0 0.8953488372093024 0.10465116279069768 0.0 0.9418604651162791 1050.7096750548237 22.174819810977358 91
0.9666666666666667 0.03333333333333333 0.0 0.9655172413793104 0.034482758620689655 0.0 0.8482758620689655 1073.9452733958783 19.790426733650282 150
0.83 0.16 0.01 0.8210526315789474 0.16842105263157894 0.010526315789473684 0.9157894736842105 1054.7071758370248 21.991777171147064 100
0.927536231884058 0.07246376811594203 0.0 0.9323308270676691 0.06766917293233082 0.0 0.7669172932330827 1085.8081293350394 20.31501522079129 138
0.9469026548672567 0.05309734513274336 0.0 0.9444444444444444 0.05555555555555555 0.0 0.75 1067.3112192171216 20.546207570032195 113
0.8021978021978022 0.1978021978021978 0.0 0.7906976744186046 0.20930232558139536 0.0 0.7441860465116279 1042.960757161486 23.069101147641195 91
0.88 0.12 0.0 0.8736842105263158 0.12631578947368421 0.0 0.8 976.0306455045018 22.536149459700642 100
0.696969696969697 0.2878787878787879 0.015151515151515152 0.6929133858267716 0.29133858267716534 0.015748031496062992 0.7480314960629921 1057.8688578193173 19.253683367280026 132
0.9067796610169492 0.09322033898305085 0.0 0.9026548672566371 0.09734513274336283 0.0 0.7168141592920354 1035.2795038223323 20.93579003558251 118
0.8173913043478261 0.17391304347826086 0.008695652173913044 0.8090909090909091 0.18181818181818182 0.00909090909090909 0.9 1005.3084783371133 22.337628178854526 115
0.8245614035087719 0.17543859649122806 0.0 0.8256880733944955 0.1743119266055046 0.0 0.7614678899082569 1051.6584154096934 22.482084541353167 114
0.8613861386138614 0.13861386138613863 0.0 0.8541666666666666 0.14583333333333334 0.0 0.7291666666666666 1072.9396653754006 21.44005533796945 101
0.8916666666666667 0.10833333333333334 0.0 0.8869565217391304 0.11304347826086956 0.0 0.8347826086956521 1054.724415148695 20.492205337637376 120
0.8141592920353983 0.18584070796460178 0.0 0.8055555555555556 0.19444444444444445 0.0 0.8055555555555556 1083.5664628054444 22.105109265433253 113
0.8529411764705882 0.14705882352941177 0.0 0.8473282442748091 0.15267175572519084 0.0 0.8015267175572519 1087.3791465442814 20.672509034829424 136
0.92 0.08 0.0 0.9142857142857143 0.08571428571428572 0.0 0.7285714285714285 965.3208596332489 20.212085000162844 75
0.8766233766233766 0.12337662337662338 0.0 0.87248322147651 0.12751677852348994 0.0 0.785234899328859 1074.6226766979926 19.65448558066808 154
0.8715596330275229 0.12844036697247707 0.0 0.8653846153846154 0.1346153846153846 0.0 0.9615384615384616 1047.1322703008002 21.425967527697722 109
0.8488372093023255 0.1511627906976744 0.0 0.8395061728395061 0.16049382716049382 0.0 0.654320987654321 1085.947318415197 21.75769992267755 86
0.8347107438016529 0.1652892561983471 0.0 0.8275862068965517 0.1724137931034483 0.0 1.0 1054.8835554635432 21.730192453347122 121
0.8706896551724138 0.12931034482758622 0.0 0.8648648648648649 0.13513513513513514 0.0 0.8828828828828829 1074.820221466139 22.072199527375542 116
0.8571428571428571 0.14285714285714285 0.0 0.8518518518518519 0.14814814814814814 0.0 0.8592592592592593 1086.4712892323305 20.11585137569077 140
0.8974358974358975 0.10256410256410256 0.0 0.8928571428571429 0.10714285714285714 0.0 0.8125 1086.836908382505 21.02460335090062 117
0.8461538461538461 0.15384615384615385 0.0 0.8383838383838383 0.16161616161616163 0.0 0.8181818181818182 1083.473772547206 20.725569260062322 104
0.8439306358381503 0.15606936416184972 0.0 0.8392857142857143 0.16071428571428573 0.0 0.7976190476190477 1087.0851596780392 19.56377524373403 173
0.8392857142857143 0.16071428571428573 0.0 0.8317757009345794 0.16822429906542055 0.0 0.9906542056074766 1065.9692895830206 22.140675534309338 112
0.8448275862068966 0.15517241379310345 0.0 0.8378378378378378 0.16216216216216217 0.0 1.0 1036.6336920689193 21.98722029755117 116
0.8596491228070176 0.14035087719298245 0.0 0.8532110091743119 0.14678899082568808 0.0 0.7431192660550459 1020.440315354378 21.21437079709884 114
0.8905109489051095 0.10948905109489052 0.0 0.8863636363636364 0.11363636363636363 0.0 0.5757575757575758 1052.5908673273689 19.478331282403733 137
0.896 0.096 0.008 0.8916666666666667 0.1 0.008333333333333333 0.7833333333333333 1001.6519051580084 20.849300515956408 125
0.8918918918918919 0.10810810810810811 0.0 0.8881118881118881 0.11188811188811189 0.0 1.0 1064.9748444646386 21.454117044945157 148
0.9285714285714286 0.07142857142857142 0.0 0.9259259259259259 0.07407407407407407 0.0 0.8 1083.6285900254256 20.724349588841736 140
0.9738219895287958 0.02617801047120419 0.0 0.9731182795698925 0.026881720430107527 0.0 0.7849462365591398 1087.2269032932566 18.418600526375414 191
0.8454545454545455 0.15454545454545454 0.0 0.8380952380952381 0.1619047619047619 0.0 0.8952380952380953 1042.3456704193206 21.40091641169049 110
0.8347826086956521 0.16521739130434782 0.0 0.8272727272727273 0.17272727272727273 0.0 1.0 1047.4212395546256 22.9933020527216 115
0.837037037037037 0.16296296296296298 0.0 0.8307692307692308 0.16923076923076924 0.0 0.9307692307692308 1077.1920336639841 21.596923582845616 135
0.8617021276595744 0.13829787234042554 0.0 0.8539325842696629 0.14606741573033707 0.0 0.9325842696629213 1048.5594390273616 23.977702885347142 94
0.8823529411764706 0.11029411764705882 0.007352941176470588 0.8778625954198473 0.11450381679389313 0.007633587786259542 0.9770992366412213 1013.9706343778935 20.08380523381071 136
0.9016393442622951 0.09836065573770492 0.0 0.8974358974358975 0.10256410256410256 0.0 0.9914529914529915 1077.6200399720494 21.455784150091276 122
0.8582677165354331 0.14173228346456693 0.0 0.8524590163934426 0.14754098360655737 0.0 0.8770491803278688 1066.2247843968519 20.977500275076693 127
0.8404255319148937 0.14893617021276595 0.010638297872340425 0.8314606741573034 0.15730337078651685 0.011235955056179775 0.9438202247191011 1049.400694526066 23.289328217091402 94
0.875 0.125 0.0 0.8695652173913043 0.13043478260869565 0.0 0.8956521739130435 1073.102042354578 21.765860688938332 120
0.8504672897196262 0.14953271028037382 0.0 0.8431372549019608 0.1568627450980392 0.0 0.8333333333333334 1043.4338326538777 21.40951908553884 107
0.9794520547945206 0.02054794520547945 0.0 0.9787234042553191 0.02127659574468085 0.0 0.0 1060.203569942966 19.463518067078667 146
0.8421052631578947 0.14285714285714285 0.015037593984962405 0.84375 0.140625 0.015625 0.6796875 1068.305516948429 19.93038000695028 133
0.7950819672131147 0.20491803278688525 0.0 0.7863247863247863 0.21367521367521367 0.0 0.7692307692307693 1077.7730992173324 22.88412948296537 122
0.9316239316239316 0.06837606837606838 0.0 0.9285714285714286 0.07142857142857142 0.0 0.9464285714285714 1056.3504939235079 21.62446970085385 117
0.8130841121495327 0.18691588785046728 0.0 0.803921568627451 0.19607843137254902 0.0 0.6568627450980392 1087.4729477353937 22.456897238197115 107
0.8823529411764706 0.11764705882352941 0.0 0.8859649122807017 0.11403508771929824 0.0 0.6754385964912281 958.9053475069418 20.122999676240976 119
0.9104477611940298 0.08955223880597014 0.0 0.9069767441860465 0.09302325581395349 0.0 0.9069767441860465 995.1476496014634 19.299010512440347 134
0.872093023255814 0.12790697674418605 0.0 0.8641975308641975 0.13580246913580246 0.0 0.9876543209876543 1070.4921282589669 24.0573055436109 86
0.9083333333333333 0.09166666666666666 0.0 0.9043478260869565 0.09565217391304348 0.0 0.7565217391304347 1051.9049131916759 20.70439833129329 120
0.8307692307692308 0.16923076923076924 0.0 0.824 0.176 0.0 0.816 1087.399500959165 20.87004387728886 130
0.8581560283687943 0.14184397163120568 0.0 0.8529411764705882 0.14705882352941177 0.0 0.8602941176470589 1087.2247380384533 21.17877431427836 141
0.8440366972477065 0.1559633027522936 0.0 0.8365384615384616 0.16346153846153846 0.0 0.8942307692307693 1066.9230443995716 20.996322147520342 109
0.927710843373494 0.07228915662650602 0.0 0.9230769230769231 0.07692307692307693 0.0 0.6282051282051282 1068.408421815565 23.010762634859848 83
0.8740157480314961 0.12598425196850394 0.0 0.8688524590163934 0.13114754098360656 0.0 0.6557377049180327 1087.3672986491667 21.0497630940018 127
0.8390804597701149 0.16091954022988506 0.0 0.834319526627219 0.16568047337278108 0.0 0.834319526627219 1085.6431811286798 19.14777888819524 174
0.9142857142857143 0.07857142857142857 0.007142857142857143 0.9111111111111111 0.08148148148148149 0.007407407407407408 0.8 1054.8521392698103 20.139396645235294 140
0.8968253968253969 0.10317460317460317 0.0 0.8925619834710744 0.10743801652892562 0.0 0.9256198347107438 1074.610171175921 20.318557007233952 126
0.8319327731092437 0.16806722689075632 0.0 0.8245614035087719 0.17543859649122806 0.0 0.7982456140350878 1076.6700410915241 19.817520841248463 119
0.625 0.34375 0.03125 0.6178861788617886 0.34959349593495936 0.032520325203252036 0.7967479674796748 1076.4058625861035 21.427862211393983 128
0.9161676646706587 0.08383233532934131 0.0 0.9135802469135802 0.08641975308641975 0.0 0.7469135802469136 1083.7322366399103 19.00328065418152 167
0.7745098039215687 0.20588235294117646 0.0196078431372549 0.7628865979381443 0.21649484536082475 0.020618556701030927 0.6185567010309279 960.0450012962932 19.26261234937616 102
0.8809523809523809 0.11904761904761904 0.0 0.8760330578512396 0.12396694214876033 0.0 0.7768595041322314 1085.1480809494776 21.441767051830013 126
0.8796992481203008 0.12030075187969924 0.0 0.875 0.125 0.0 1.0 1048.4475627051977 22.120480062069664 133
0.865546218487395 0.13445378151260504 0.0 0.8596491228070176 0.14035087719298245 0.0 0.8070175438596491 1072.1599797828937 21.99685046048113 119
0.7047619047619048 0.2571428571428571 0.0380952380952381 0.69 0.27 0.04 1.0 1070.990663157008 22.667209549955885 105
0.8833333333333333 0.11666666666666667 0.0 0.8782608695652174 0.12173913043478261 0.0 0.9130434782608695 1063.7008160101743 21.357455177337346 120
0.8411214953271028 0.14953271028037382 0.009345794392523364 0.8333333333333334 0.1568627450980392 0.00980392156862745 0.7450980392156863 1074.1889174004634 22.587356365758033 107
0.8 0.19130434782608696 0.008695652173913044 0.8 0.19090909090909092 0.00909090909090909 0.7727272727272727 1087.0241221885062 21.498163510604307 115
0.776 0.224 0.0 0.7666666666666667 0.23333333333333334 0.0 0.9833333333333333 1065.0845771406202 22.05737124211477 125
0.9024390243902439 0.0975609756097561 0.0 0.8983050847457628 0.1016949152542373 0.0 0.8559322033898306 1058.3552028978047 21.129023744719625 123
0.8469387755102041 0.15306122448979592 0.0 0.8494623655913979 0.15053763440860216 0.0 0.6774193548387096 1056.7436142019396 20.988006326652805 98
0.873015873015873 0.12698412698412698 0.0 0.8677685950413223 0.1322314049586777 0.0 0.9173553719008265 1061.4689329253408 21.293514528004643 126
0.7978723404255319 0.20212765957446807 0.0 0.7865168539325843 0.21348314606741572 0.0 1.0 1081.6301336237739 24.59509139893264 94
0.7961165048543689 0.20388349514563106 0.0 0.7857142857142857 0.21428571428571427 0.0 0.7448979591836735 1075.2692700740351 24.34548753706996 103
0.8642857142857143 0.1357142857142857 0.0 0.8592592592592593 0.14074074074074075 0.0 0.8 1079.698410814084 20.83797052190278 140
0.8431372549019608 0.1568627450980392 0.0 0.8350515463917526 0.16494845360824742 0.0 0.8144329896907216 1087.2441055918207 22.439502351017907 102
0.86 0.14 0.0 0.8526315789473684 0.14736842105263157 0.0 0.8842105263157894 1074.9852277894418 22.711073382565292 100
0.9107142857142857 0.08928571428571429 0.0 0.9065420560747663 0.09345794392523364 0.0 0.9158878504672897 1076.0089950687225 21.040495781473407 112
0.87248322147651 0.12751677852348994 0.0 0.8680555555555556 0.13194444444444445 0.0 0.7569444444444444 1047.0822631058454 19.834814717774872 149
0.7307692307692307 0.2692307692307692 0.0 0.72 0.28 0.0 0.688 1007.5366906184047 18.92323908089117 130
0.9401709401709402 0.05982905982905983 0.0 0.9375 0.0625 0.0 0.8660714285714286 948.1780661432898 20.326333243548824 117
0.88 0.12 0.0 0.875 0.125 0.0 1.0 1049.6654173595396 21.848346203619975 125
0.8333333333333334 0.14814814814814814 0.018518518518518517 0.8252427184466019 0.1553398058252427 0.019417475728155338 0.8932038834951457 987.6561479810867 22.88950045244383 108
0.9354838709677419 0.06451612903225806 0.0 0.9333333333333333 0.06666666666666667 0.0 0.8866666666666667 1018.2571594274079 20.041374365480575 155
0.8014184397163121 0.19858156028368795 0.0 0.7941176470588235 0.20588235294117646 0.0 0.8235294117647058 1076.3750106979603 19.672428900485663 141
0.8392857142857143 0.16071428571428573 0.0 0.8317757009345794 0.16822429906542055 0.0 1.0 1050.9053646456964 23.081219610990853 112
0.7769230769230769 0.2230769230769231 0.0 0.768 0.232 0.0 0.6 1001.9685085492074 18.891060655241514 130
0.72 0.27 0.01 0.7052631578947368 0.28421052631578947 0.010526315789473684 0.7789473684210526 1025.8899100392218 23.21846526585291 100
0.8333333333333334 0.16666666666666666 0.0 0.8350515463917526 0.16494845360824742 0.0 0.7628865979381443 1086.0433315414543 23.794898365210365 102
0.9153846153846154 0.08461538461538462 0.0 0.912 0.088 0.0 0.88 1078.0498332737934 19.719957190566774 130
0.8787878787878788 0.12121212121212122 0.0 0.8740157480314961 0.12598425196850394 0.0 0.8740157480314961 1057.5046307195814 21.051015338548375 132
0.8888888888888888 0.1111111111111111 0.0 0.8846153846153846 0.11538461538461539 0.0 0.7384615384615385 1087.3020768021884 20.58077826978089 135
0.8636363636363636 0.13636363636363635 0.0 0.8590604026845637 0.14093959731543623 0.0 0.7651006711409396 1076.8389313419855 19.617508824177907 154
0.6728971962616822 0.2897196261682243 0.037383177570093455 0.6568627450980392 0.30392156862745096 0.0392156862745098 0.803921568627451 1077.0559191661432 22.999082126327686 107
0.9541984732824428 0.04580152671755725 0.0 0.9523809523809523 0.047619047619047616 0.0 0.8333333333333334 1023.5328781699095 19.94389158746395 131
0.7058823529411765 0.2647058823529412 0.029411764705882353 0.6907216494845361 0.27835051546391754 0.030927835051546393 0.7628865979381443 1039.517755424306 21.927693720245816 102
0.897196261682243 0.102803738317757 0.0 0.8921568627450981 0.10784313725490197 0.0 0.6372549019607843 1065.574034219026 20.63816983718722 107
0.8604651162790697 0.13953488372093023 0.0 0.8548387096774194 0.14516129032258066 0.0 0.9596774193548387 1083.6919838491829 22.186808984664452 129
0.8099173553719008 0.18181818181818182 0.008264462809917356 0.8017241379310345 0.1896551724137931 0.008620689655172414 0.8879310344827587 1086.4364740578135 23.062465911305647 121
0.8225806451612904 0.1774193548387097 0.0 0.8151260504201681 0.18487394957983194 0.0 0.7983193277310925 1069.3713153528481 20.893501863888705 124
0.916030534351145 0.07633587786259542 0.007633587786259542 0.9126984126984127 0.07936507936507936 0.007936507936507936 0.7222222222222222 1078.1422994898705 22.011313033642523 131
0.8673469387755102 0.1326530612244898 0.0 0.8602150537634409 0.13978494623655913 0.0 0.7419354838709677 1018.2417774048124 22.77227174289534 98
0.7652173913043478 0.23478260869565218 0.0 0.7545454545454545 0.24545454545454545 0.0 0.7818181818181819 1058.0686037000041 20.466604850680447 115
0.9215686274509803 0.0718954248366013 0.006535947712418301 0.918918918918919 0.07432432432432433 0.006756756756756757 0.777027027027027 1083.738052791947 20.795727834928936 153
0.8559322033898306 0.1440677966101695 0.0 0.8584070796460177 0.1415929203539823 0.0 0.8672566371681416 1059.1221240384816 21.69618705529651 118
0.9117647058823529 0.08823529411764706 0.0 0.9072164948453608 0.09278350515463918 0.0 0.7422680412371134 1066.8223827480786 22.682992996005016 102
0.797979797979798 0.20202020202020202 0.0 0.7872340425531915 0.2127659574468085 0.0 0.9680851063829787 1073.107981772008 22.78534885985418 99
0.9157894736842105 0.08421052631578947 0.0 0.9111111111111111 0.08888888888888889 0.0 0.8333333333333334 979.4509668611895 22.39677176150617 95
0.6814159292035398 0.3185840707964602 0.0 0.6666666666666666 0.3333333333333333 0.0 0.8055555555555556 1034.8924704394556 21.743491220062094 113
0.856 0.144 0.0 0.85 0.15 0.0 0.7333333333333333 1041.8644840856605 20.661023937452793 125
0.7655172413793103 0.22758620689655173 0.006896551724137931 0.7571428571428571 0.2357142857142857 0.007142857142857143 0.9214285714285714 1048.7095822944334 21.62211424213714 145
0.8444444444444444 0.15555555555555556 0.0 0.8461538461538461 0.15384615384615385 0.0 0.7923076923076923 1066.342231523286 20.94101969572545 135
0.8976377952755905 0.10236220472440945 0.0 0.8934426229508197 0.10655737704918032 0.0 0.7459016393442623 1041.197246506639 21.153104472919615 127
0.8181818181818182 0.17355371900826447 0.008264462809917356 0.8103448275862069 0.1810344827586207 0.008620689655172414 0.6896551724137931 1039.5495167159868 20.650540587151504 121
0.8580645161290322 0.14193548387096774 0.0 0.8533333333333334 0.14666666666666667 0.0 0.7466666666666667 1087.277792295688 20.572905259298544 155
0.8487394957983193 0.15126050420168066 0.0 0.8421052631578947 0.15789473684210525 0.0 0.6842105263157895 1087.4399370359422 21.087073071054768 119
0.8896103896103896 0.11038961038961038 0.0 0.8926174496644296 0.10738255033557047 0.0 0.7114093959731543 1012.2938526533504 20.04552561288367 154
0.8260869565217391 0.17391304347826086 0.0 0.8181818181818182 0.18181818181818182 0.0 0.7272727272727273 1051.8324877627856 22.57265068465335 115
0.8421052631578947 0.15789473684210525 0.0 0.8359375 0.1640625 0.0 0.9375 1073.308306264089 21.163056669290057 133
0.8709677419354839 0.12903225806451613 0.0 0.8636363636363636 0.13636363636363635 0.0 0.6931818181818182 1065.6969231236726 21.23046068255999 93
0.916030534351145 0.08396946564885496 0.0 0.9206349206349206 0.07936507936507936 0.0 0.9126984126984127 1085.0939832759002 20.367369109566898 131
0.8608695652173913 0.1391304347826087 0.0 0.8545454545454545 0.14545454545454545 0.0 0.9818181818181818 1036.0685673397295 22.942895999040957 115
0.8273381294964028 0.16546762589928057 0.007194244604316547 0.8208955223880597 0.17164179104477612 0.007462686567164179 0.9104477611940298 1085.8538014854703 20.655800521399183 139
0.8558558558558559 0.14414414414414414 0.0 0.8490566037735849 0.1509433962264151 0.0 0.9622641509433962 1048.2882580263713 21.216517721093304 111
0.7874015748031497 0.2125984251968504 0.0 0.7786885245901639 0.22131147540983606 0.0 1.0 1023.9249114836247 20.41051993899333 127
0.8869565217391304 0.11304347826086956 0.0 0.8818181818181818 0.11818181818181818 0.0 0.9363636363636364 1039.4652355762876 20.57457949370389 115
0.8992805755395683 0.10071942446043165 0.0 0.8955223880597015 0.1044776119402985 0.0 0.8283582089552238 1079.0708243342276 20.842783585979678 139
0.8985507246376812 0.10144927536231885 0.0 0.9022556390977443 0.09774436090225563 0.0 0.9323308270676691 1065.4467175665102 20.60219146931412 138
0.9022556390977443 0.09774436090225563 0.0 0.8984375 0.1015625 0.0 0.8515625 1084.3988097222334 20.723051104003837 133
0.8773584905660378 0.12264150943396226 0.0 0.8712871287128713 0.12871287128712872 0.0 0.9603960396039604 1066.4319143288487 22.94763180888854 106
0.9512195121951219 0.04878048780487805 0.0 0.949685534591195 0.050314465408805034 0.0 0.7735849056603774 1085.2240113062996 19.370242157046707 164
0.883495145631068 0.11650485436893204 0.0 0.8775510204081632 0.12244897959183673 0.0 0.6632653061224489 1087.3197988923707 20.188316379033946 103
0.8 0.19230769230769232 0.007692307692307693 0.792 0.2 0.008 0.984 1066.5160552410134 22.085762775471178 130
0.8928571428571429 0.10714285714285714 0.0 0.8878504672897196 0.11214953271028037 0.0 0.9626168224299065 1048.32263054001 23.256363860614364 112
0.9194630872483222 0.08053691275167785 0.0 0.9166666666666666 0.08333333333333333 0.0 0.7638888888888888 1087.4596793047392 19.039603483752316 149
0.8740740740740741 0.1259259259259259 0.0 0.8692307692307693 0.13076923076923078 0.0 0.7538461538461538 1087.1533111367821 21.208240053818944 135
0.8482142857142857 0.15178571428571427 0.0 0.8411214953271028 0.1588785046728972 0.0 0.8037383177570093 1014.2737068055598 20.826543323262865 112
0.8617886178861789 0.13821138211382114 0.0 0.8559322033898306 0.1440677966101695 0.0 0.7457627118644068 1027.283142117853 21.1227952692912 123
0.9328358208955224 0.06716417910447761 0.0 0.9302325581395349 0.06976744186046512 0.0 0.8682170542635659 1007.7833925878107 19.55994575230497 134
0.8494623655913979 0.15053763440860216 0.0 0.8453038674033149 0.15469613259668508 0.0 0.7071823204419889 1087.4259651144873 18.728679015090666 186
0.9036144578313253 0.0963855421686747 0.0 0.9006211180124224 0.09937888198757763 0.0 0.7204968944099379 1070.6277405617627 19.1948666650579 166
0.8842975206611571 0.11570247933884298 0.0 0.8793103448275862 0.1206896551724138 0.0 0.7586206896551724 1073.4218378945816 20.87974103907346 121
0.8648648648648649 0.13513513513513514 0.0 0.8584905660377359 0.14150943396226415 0.0 0.8679245283018868 1045.2422669613586 22.898561384718434 111
0.9196428571428571 0.08035714285714286 0.0 0.9158878504672897 0.08411214953271028 0.0 0.794392523364486 1051.3397754629332 22.284387701286256 112
0.826530612244898 0.17346938775510204 0.0 0.8172043010752689 0.1827956989247312 0.0 1.0 1045.3987782631382 23.625304369286457 98
0.8198198198198198 0.18018018018018017 0.0 0.8113207547169812 0.18867924528301888 0.0 0.8018867924528302 1086.993388310225 21.338989738236457 111
0.8976377952755905 0.10236220472440945 0.0 0.9016393442622951 0.09836065573770492 0.0 0.7213114754098361 1087.2792340417448 18.955508110087102 127
0.8308823529411765 0.16176470588235295 0.007352941176470588 0.8244274809160306 0.16793893129770993 0.007633587786259542 0.7862595419847328 1085.731011467445 21.38004879632568 136
0.8857142857142857 0.11428571428571428 0.0 0.88 0.12 0.0 0.83 1037.968528618737 22.907066061692344 105
0.8134328358208955 0.1865671641791045 0.0 0.8062015503875969 0.1937984496124031 0.0 0.6744186046511628 1040.8435416035763 19.62725038859073 134
0.8551724137931035 0.14482758620689656 0.0 0.85 0.15 0.0 0.7928571428571428 1087.2854179205933 20.72952566229751 145
0.8518518518518519 0.14814814814814814 0.0 0.8461538461538461 0.15384615384615385 0.0 0.7692307692307693 1086.7083275865057 20.00503790413089 135
0.87 0.13 0.0 0.8631578947368421 0.1368421052631579 0.0 0.8947368421052632 1086.06093241898 23.114029814916524 100
0.8723404255319149 0.1276595744680851 0.0 0.8651685393258427 0.1348314606741573 0.0 0.8426966292134831 1072.7746431002515 21.883973929516582 94
0.9065420560747663 0.09345794392523364 0.0 0.9019607843137255 0.09803921568627451 0.0 0.8235294117647058 1016.5023939045471 20.67524623312682 107
0.8723404255319149 0.1276595744680851 0.0 0.8676470588235294 0.1323529411764706 0.0 0.8602941176470589 1022.1898744286495 19.239382100104173 141
0.8640776699029126 0.13592233009708737 0.0 0.8571428571428571 0.14285714285714285 0.0 0.9897959183673469 1077.39455555889 21.45896678702697 103
0.873015873015873 0.12698412698412698 0.0 0.8677685950413223 0.1322314049586777 0.0 0.9173553719008265 1045.3268554440522 20.54143437478895 126
0.8768115942028986 0.12318840579710146 0.0 0.8721804511278195 0.12781954887218044 0.0 0.9774436090225563 1082.4334576722215 21.75374782647961 138
0.6831683168316832 0.31683168316831684 0.0 0.6770833333333334 0.3229166666666667 0.0 0.8020833333333334 1073.238078098926 21.526221026906033 101
0.912621359223301 0.08737864077669903 0.0 0.9081632653061225 0.09183673469387756 0.0 0.8571428571428571 1083.8429150249117 22.530113191491832 103
0.8333333333333334 0.1568627450980392 0.00980392156862745 0.8247422680412371 0.16494845360824742 0.010309278350515464 1.0 1002.3014212611757 22.224564339372492 102
0.8636363636363636 0.13636363636363635 0.0 0.8571428571428571 0.14285714285714285 0.0 0.6476190476190476 1087.4310131389666 20.426177175454708 110
0.8072289156626506 0.1927710843373494 0.0 0.7948717948717948 0.20512820512820512 0.0 0.8589743589743589 1057.2466079094202 22.947514136887513 83
0.831858407079646 0.168141592920354 0.0 0.8333333333333334 0.16666666666666666 0.0 0.8518518518518519 1049.7189860210763 21.738626978950798 113
0.8211920529801324 0.17880794701986755 0.0 0.815068493150685 0.18493150684931506 0.0 0.726027397260274 952.1074710069804 17.41956377744543 151
0.8053097345132744 0.18584070796460178 0.008849557522123894 0.7962962962962963 0.19444444444444445 0.009259259259259259 0.8796296296296297 1036.0020019441854 21.844697818683724 113
0.923728813559322 0.07627118644067797 0.0 0.9203539823008849 0.07964601769911504 0.0 0.9823008849557522 1045.0628715091966 19.35913675864784 118
0.8545454545454545 0.14545454545454545 0.0 0.8476190476190476 0.1523809523809524 0.0 0.9809523809523809 1086.8717593142628 23.282730720445514 110
0.9263157894736842 0.07368421052631578 0.0 0.9222222222222223 0.07777777777777778 0.0 0.7111111111111111 1041.1648147866267 21.145491067115366 95
0.9196428571428571 0.08035714285714286 0.0 0.9158878504672897 0.08411214953271028 0.0 0.719626168224299 1027.7630625443423 20.510507580347106 112
0.8870967741935484 0.11290322580645161 0.0 0.8823529411764706 0.11764705882352941 0.0 0.8823529411764706 1061.0406353749877 20.856102046336808 124
0.8413793103448276 0.15862068965517243 0.0 0.8357142857142857 0.16428571428571428 0.0 0.7 1080.4009629694945 20.740604971394777 145
0.816 0.176 0.008 0.8083333333333333 0.18333333333333332 0.008333333333333333 0.9083333333333333 1030.003155539889 20.642071306237423 125
0.8235294117647058 0.17647058823529413 0.0 0.8144329896907216 0.18556701030927836 0.0 0.8865979381443299 1078.4435776326202 22.17030068738076 102
0.8538461538461538 0.14615384615384616 0.0 0.848 0.152 0.0 0.768 1087.2351212457818 20.96883833793642 130
0.9485294117647058 0.051470588235294115 0.0 0.9465648854961832 0.05343511450381679 0.0 0.6793893129770993 1045.6178875119674 20.178082450548196 136
0.7916666666666666 0.19166666666666668 0.016666666666666666 0.7913043478260869 0.19130434782608696 0.017391304347826087 0.7478260869565218 1039.4834132724154 21.283679511841864 120
0.7984496124031008 0.20155038759689922 0.0 0.7983870967741935 0.20161290322580644 0.0 0.8145161290322581 1054.220692700675 21.017319602571057 129
0.7819548872180451 0.20300751879699247 0.015037593984962405 0.7890625 0.203125 0.0078125 0.71875 1087.4077242206747 21.398558392965967 133
0.7575757575757576 0.23484848484848486 0.007575757575757576 0.7480314960629921 0.2440944881889764 0.007874015748031496 0.9921259842519685 1039.1166505166916 20.717213139706484 132
0.8417721518987342 0.15822784810126583 0.0 0.8366013071895425 0.16339869281045752 0.0 0.7777777777777778 1073.4011171615464 19.744315189647256 158
0.811965811965812 0.18803418803418803 0.0 0.8035714285714286 0.19642857142857142 0.0 0.75 1071.3854848851206 23.22228302555268 117
0.859375 0.140625 0.0 0.8536585365853658 0.14634146341463414 0.0 0.7886178861788617 1087.2784289680137 20.806210007077894 128
0.8931297709923665 0.10687022900763359 0.0 0.8888888888888888 0.1111111111111111 0.0 0.9603174603174603 922.8700276673867 19.11849656064208 131
0.8333333333333334 0.16666666666666666 0.0 0.8181818181818182 0.18181818181818182 0.0 0.9636363636363636 1015.4047266059088 23.81464906269854 60
0.7475728155339806 0.2524271844660194 0.0 0.7346938775510204 0.2653061224489796 0.0 0.826530612244898 1081.5581224346001 24.00055916620911 103
0.8091603053435115 0.19083969465648856 0.0 0.8015873015873016 0.1984126984126984 0.0 0.8650793650793651 1087.3225017901548 21.720701149858925 131
0.9044117647058824 0.09558823529411764 0.0 0.9007633587786259 0.09923664122137404 0.0 0.5877862595419847 1057.4368171023077 21.28309080612707 136
0.8646616541353384 0.13533834586466165 0.0 0.859375 0.140625 0.0 0.84375 1072.9547487723612 20.481238663375628 133
0.8571428571428571 0.14285714285714285 0.0 0.8504672897196262 0.14953271028037382 0.0 1.0 1007.3529003783281 22.09901935607716 112
0.7738095238095238 0.2261904761904762 0.0 0.759493670886076 0.24050632911392406 0.0 0.9873417721518988 1065.7633697893696 24.313786539303663 84
0.8125 0.1875 0.0 0.8037383177570093 0.19626168224299065 0.0 0.7850467289719626 1066.699089490993 23.04726963574958 112
0.8279569892473119 0.17204301075268819 0.0 0.8181818181818182 0.18181818181818182 0.0 0.9090909090909091 1070.31526025436 23.210872429134568 93
0.8425925925925926 0.1574074074074074 0.0 0.8349514563106796 0.1650485436893204 0.0 0.8252427184466019 1076.8814319904686 23.29711137505767 108
0.8888888888888888 0.1111111111111111 0.0 0.883495145631068 0.11650485436893204 0.0 0.8155339805825242 1036.207358831729 21.417668135722483 108
0.8461538461538461 0.15384615384615385 0.0 0.8392857142857143 0.16071428571428573 0.0 0.8571428571428571 1053.2984598743503 20.80940287955606 117
0.75 0.25 0.0 0.7368421052631579 0.2631578947368421 0.0 0.8736842105263158 1054.3486730998713 22.048281685263877 100
0.7619047619047619 0.23809523809523808 0.0 0.7535211267605634 0.24647887323943662 0.0 0.8450704225352113 1052.4914841428167 20.016303664301127 147
0.9285714285714286 0.07142857142857142 0.0 0.9256198347107438 0.0743801652892562 0.0 1.0 1042.4866217467581 20.976593661533098 126
0.8818897637795275 0.11811023622047244 0.0 0.8770491803278688 0.12295081967213115 0.0 0.9180327868852459 1046.60421567746 21.24940903771607 127
0.8362068965517241 0.16379310344827586 0.0 0.8288288288288288 0.17117117117117117 0.0 0.8288288288288288 1000.245120532967 21.133684494185896 116
0.875 0.125 0.0 0.8780487804878049 0.12195121951219512 0.0 0.8455284552845529 1042.6763119882396 20.800096111232623 128
0.8496732026143791 0.1503267973856209 0.0 0.8445945945945946 0.1554054054054054 0.0 0.7027027027027027 1087.1294689539325 20.02457252092588 153
0.8739495798319328 0.11764705882352941 0.008403361344537815 0.868421052631579 0.12280701754385964 0.008771929824561403 0.7368421052631579 1042.6195270965723 21.80878052899134 119
0.8181818181818182 0.18181818181818182 0.0 0.8275862068965517 0.1724137931034483 0.0 0.8362068965517241 1060.7925889241658 22.8833861400328 121
0.8278688524590164 0.1721311475409836 0.0 0.8205128205128205 0.1794871794871795 0.0 0.6666666666666666 1084.2170389929913 20.7786436165149 122
0.9207317073170732 0.07926829268292683 0.0 0.9182389937106918 0.08176100628930817 0.0 0.8616352201257862 1029.6895126131703 18.50718618216233 164
0.8837209302325582 0.11627906976744186 0.0 0.8790322580645161 0.12096774193548387 0.0 0.7016129032258065 1076.3613277536465 19.465966413398935 129
0.9210526315789473 0.07894736842105263 0.0 0.9183673469387755 0.08163265306122448 0.0 0.7687074829931972 1086.1460818307012 19.590799517508096 152
0.8611111111111112 0.1388888888888889 0.0 0.8640776699029126 0.13592233009708737 0.0 0.7961165048543689 1060.705401306598 20.054160170542453 108
0.8861788617886179 0.11382113821138211 0.0 0.8813559322033898 0.11864406779661017 0.0 0.847457627118644 1013.8591411497947 20.078829015606303 123
0.9493670886075949 0.05063291139240506 0.0 0.9477124183006536 0.05228758169934641 0.0 0.7973856209150327 985.5776101846445 18.348330799067078 158
0.8555555555555555 0.14444444444444443 0.0 0.8470588235294118 0.15294117647058825 0.0 0.6705882352941176 1087.3824021623732 20.73728075018279 90
0.873015873015873 0.12698412698412698 0.0 0.8760330578512396 0.12396694214876033 0.0 0.7768595041322314 1002.7978038712358 21.402263506339096 126
0.7950819672131147 0.20491803278688525 0.0 0.7948717948717948 0.20512820512820512 0.0 0.9914529914529915 1055.7406164830536 20.5334458015945 122
0.8282208588957055 0.147239263803681 0.024539877300613498 0.8291139240506329 0.14556962025316456 0.02531645569620253 0.9113924050632911 1078.2309672565011 18.58989376207511 163
0.8905109489051095 0.10948905109489052 0.0 0.8863636363636364 0.11363636363636363 0.0 0.6893939393939394 1078.1540672864633 21.39277043280047 137
0.8305084745762712 0.1694915254237288 0.0 0.8230088495575221 0.17699115044247787 0.0 0.9557522123893806 1046.6978005919827 21.296340665418427 118
0.8608695652173913 0.1391304347826087 0.0 0.8545454545454545 0.14545454545454545 0.0 0.9 1081.8023617106062 20.84968288582855 115
0.8415841584158416 0.15841584158415842 0.0 0.8333333333333334 0.16666666666666666 0.0 0.7916666666666666 1085.9415690783744 22.14475441006654 101
0.9148936170212766 0.0851063829787234 0.0 0.9117647058823529 0.08823529411764706 0.0 0.8088235294117647 1063.7849766108263 20.022731624751607 141
0.7966101694915254 0.19491525423728814 0.00847457627118644 0.7876106194690266 0.20353982300884957 0.008849557522123894 0.9646017699115044 1074.8460530230504 23.064496785621387 118
0.7604166666666666 0.21875 0.020833333333333332 0.7472527472527473 0.23076923076923078 0.02197802197802198 1.0 1058.93170597447 23.508160642353243 96
0.9506172839506173 0.04938271604938271 0.0 0.9490445859872612 0.050955414012738856 0.0 0.6942675159235668 1035.9862061417427 19.62003902659302 162
0.8395061728395061 0.16049382716049382 0.0 0.8289473684210527 0.17105263157894737 0.0 0.5921052631578947 1059.6471978969817 23.167619893919415 81
0.927536231884058 0.07246376811594203 0.0 0.9323308270676691 0.06766917293233082 0.0 0.8796992481203008 991.9674313090313 19.55488293958648 138
0.9473684210526315 0.05263157894736842 0.0 0.9455782312925171 0.05442176870748299 0.0 0.8571428571428571 1068.7760334164227 19.67713564087911 152
0.7379310344827587 0.2206896551724138 0.041379310344827586 0.7285714285714285 0.22857142857142856 0.04285714285714286 0.8785714285714286 1031.3171616109248 19.15950929039484 145
0.671875 0.2890625 0.0390625 0.6585365853658537 0.3008130081300813 0.04065040650406504 0.8861788617886179 1068.7410375107652 19.559810237730048 128
0.8759124087591241 0.11678832116788321 0.0072992700729927005 0.8712121212121212 0.12121212121212122 0.007575757575757576 0.8939393939393939 1071.2306401001697 21.19741239747614 137
0.6758620689655173 0.27586206896551724 0.04827586206896552 0.6642857142857143 0.2857142857142857 0.05 0.8 1057.5039472403932 20.319950220600198 145
0.8380952380952381 0.1523809523809524 0.009523809523809525 0.83 0.16 0.01 0.99 1058.1573124347176 21.82224004837696 105
0.8409090909090909 0.1590909090909091 0.0 0.8313253012048193 0.1686746987951807 0.0 0.9759036144578314 1046.8866154845161 24.36001227827977 88
0.8721804511278195 0.12781954887218044 0.0 0.8671875 0.1328125 0.0 0.8125 998.817835760003 19.683860934243054 133
0.9411764705882353 0.058823529411764705 0.0 0.9385964912280702 0.06140350877192982 0.0 0.9035087719298246 1081.7781897585285 21.012705252963528 119
0.7983193277310925 0.20168067226890757 0.0 0.7894736842105263 0.21052631578947367 0.0 0.7456140350877193 1085.438528148799 21.445353290163094 119
0.925531914893617 0.07446808510638298 0.0 0.9213483146067416 0.07865168539325842 0.0 0.8651685393258427 963.443084142327 21.497119738606532 94
0.859504132231405 0.14049586776859505 0.0 0.853448275862069 0.14655172413793102 0.0 0.9482758620689655 1049.2626640722606 21.217517080454154 121
0.905982905982906 0.09401709401709402 0.0 0.9017857142857143 0.09821428571428571 0.0 0.9017857142857143 1005.8572598990634 19.430276025065968 117
0.910958904109589 0.08904109589041095 0.0 0.9078014184397163 0.09219858156028368 0.0 0.8936170212765957 1046.822178279375 19.128769600717778 146
0.7872340425531915 0.2127659574468085 0.0 0.7794117647058824 0.22058823529411764 0.0 0.8602941176470589 1071.2531040618917 18.492715707056952 141
0.891566265060241 0.10843373493975904 0.0 0.8881987577639752 0.11180124223602485 0.0 0.8509316770186336 1078.4062429861724 18.916608227060433 166
0.9241379310344827 0.07586206896551724 0.0 0.9214285714285714 0.07857142857142857 0.0 0.9 1047.8272169625973 20.302254445863863 145
0.8303571428571429 0.16964285714285715 0.0 0.822429906542056 0.17757009345794392 0.0 0.9345794392523364 1077.963524268751 21.438779759400322 112
0.905982905982906 0.09401709401709402 0.0 0.9017857142857143 0.09821428571428571 0.0 0.7678571428571429 1076.4189772391321 21.864331418459027 117
0.848 0.144 0.008 0.8416666666666667 0.15 0.008333333333333333 0.8166666666666667 1069.6276342882265 20.59916617514133 125
0.9021739130434783 0.09782608695652174 0.0 0.896551724137931 0.10344827586206896 0.0 0.8045977011494253 1059.7882393258656 22.67568591363887 92
0.8782608695652174 0.12173913043478261 0.0 0.8727272727272727 0.12727272727272726 0.0 0.9545454545454546 1068.1002135515257 22.096575702923065 115
0.851063829787234 0.14893617021276595 0.0 0.8426966292134831 0.15730337078651685 0.0 0.8651685393258427 1049.005136897888 21.34138487474606 94
0.9130434782608695 0.08695652173913043 0.0 0.9102564102564102 0.08974358974358974 0.0 0.6730769230769231 1079.806611945032 19.269943879465075 161
0.8454545454545455 0.15454545454545454 0.0 0.8380952380952381 0.1619047619047619 0.0 0.6952380952380952 1086.0585281034016 21.538590393335355 110
0.9009009009009009 0.0990990990990991 0.0 0.8962264150943396 0.10377358490566038 0.0 0.7641509433962265 1081.973813473564 21.179893428100776 111
0.8387096774193549 0.16129032258064516 0.0 0.8319327731092437 0.16806722689075632 0.0 0.9243697478991597 1080.869611810452 22.434169207776918 124
0.8897058823529411 0.11029411764705882 0.0 0.8854961832061069 0.11450381679389313 0.0 0.7862595419847328 1010.450756512965 18.661679062575416 136
0.8380952380952381 0.1619047619047619 0.0 0.83 0.17 0.0 0.73 1060.4869825453293 21.65543149049555 105
0.8407079646017699 0.1415929203539823 0.017699115044247787 0.8333333333333334 0.14814814814814814 0.018518518518518517 0.8888888888888888 1068.0078830535087 22.874541190006042 113
0.8888888888888888 0.1111111111111111 0.0 0.883495145631068 0.11650485436893204 0.0 0.6407766990291263 1087.250259877837 21.428212913067867 108
0.9252336448598131 0.07476635514018691 0.0 0.9215686274509803 0.0784313725490196 0.0 0.7745098039215687 1026.3085546974273 20.681639858203585 107
0.8349514563106796 0.1650485436893204 0.0 0.8367346938775511 0.16326530612244897 0.0 0.8469387755102041 1025.2064033312868 20.695506753691976 103
0.8796296296296297 0.12037037037037036 0.0 0.8737864077669902 0.1262135922330097 0.0 0.883495145631068 1019.4402433604539 20.713474536732992 108
0.9130434782608695 0.08695652173913043 0.0 0.9090909090909091 0.09090909090909091 0.0 0.7272727272727273 1087.4763602646026 20.379212607503828 115
0.8916666666666667 0.10833333333333334 0.0 0.8869565217391304 0.11304347826086956 0.0 0.8434782608695652 989.1899184511703 20.356619565719313 120
0.8111111111111111 0.18888888888888888 0.0 0.8 0.2 0.0 0.611764705882353 1064.55315968942 21.10646324091493 90
0.8487394957983193 0.15126050420168066 0.0 0.8421052631578947 0.15789473684210525 0.0 0.631578947368421 1031.9872385013027 20.777557874259028 119
0.7933884297520661 0.2066115702479339 0.0 0.7844827586206896 0.21551724137931033 0.0 0.7241379310344828 1073.1743948936198 22.68730103608611 121
0.7796610169491526 0.22033898305084745 0.0 0.7699115044247787 0.23008849557522124 0.0 0.9469026548672567 1083.6662958082272 20.71937702567539 118
0.8571428571428571 0.14285714285714285 0.0 0.8515625 0.1484375 0.0 0.765625 1080.5290850730803 20.9089327301403 133
0.9117647058823529 0.08823529411764706 0.0 0.9083969465648855 0.0916030534351145 0.0 0.8091603053435115 1080.925053409491 21.435920778396053 136
0.85 0.15 0.0 0.8434782608695652 0.1565217391304348 0.0 0.8347826086956521 1066.103655886381 20.730745044285165 120
0.7663551401869159 0.2336448598130841 0.0 0.7549019607843137 0.24509803921568626 0.0 0.803921568627451 1086.2057728459288 22.298563408234063 107
0.8141592920353983 0.18584070796460178 0.0 0.8055555555555556 0.19444444444444445 0.0 0.9907407407407407 1080.8108616762809 22.855728628158644 113
0.9154929577464789 0.08450704225352113 0.0 0.9090909090909091 0.09090909090909091 0.0 0.9848484848484849 942.1811716053209 23.97055619699995 71
0.8240740740740741 0.16666666666666666 0.009259259259259259 0.8155339805825242 0.17475728155339806 0.009708737864077669 1.0 1047.1347910408524 25.464359683148928 108
0.9098360655737705 0.09016393442622951 0.0 0.905982905982906 0.09401709401709402 0.0 0.9145299145299145 1031.5802121075308 21.52089942513242 122
0.8596491228070176 0.14035087719298245 0.0 0.8623853211009175 0.13761467889908258 0.0 0.6880733944954128 1087.3598089717857 20.399849411019435 114
0.8536585365853658 0.14634146341463414 0.0 0.847457627118644 0.15254237288135594 0.0 0.864406779661017 1079.2429626628548 21.187276726200505 123
0.8888888888888888 0.1111111111111111 0.0 0.8848920863309353 0.11510791366906475 0.0 0.7338129496402878 1026.2026680906424 20.252503676493674 144
0.9532163742690059 0.04678362573099415 0.0 0.9518072289156626 0.04819277108433735 0.0 0.8493975903614458 986.2423984359698 18.595706664857925 171
0.8403361344537815 0.15126050420168066 0.008403361344537815 0.8333333333333334 0.15789473684210525 0.008771929824561403 0.9035087719298246 1079.6106139297065 22.83411741068019 119
0.9673202614379085 0.032679738562091505 0.0 0.9662162162162162 0.033783783783783786 0.0 0.8716216216216216 1032.8365815644947 18.789513477276678 153
0.9801324503311258 0.019867549668874173 0.0 0.9794520547945206 0.02054794520547945 0.0 0.9863013698630136 949.98866258527 18.277242849875055 151
0.911504424778761 0.08849557522123894 0.0 0.9074074074074074 0.09259259259259259 0.0 0.7222222222222222 1063.4168422882597 19.713436609239057 113
0.9137931034482759 0.08620689655172414 0.0 0.9099099099099099 0.09009009009009009 0.0 0.7837837837837838 1050.8121318841966 20.552644065961598 116
0.8333333333333334 0.16666666666666666 0.0 0.8349514563106796 0.1650485436893204 0.0 0.8252427184466019 946.0487814215463 19.909359482276134 108
0.9310344827586207 0.06896551724137931 0.0 0.9285714285714286 0.07142857142857142 0.0 0.9285714285714286 1085.630144701438 19.51323685455941 145
0.888 0.112 0.0 0.8833333333333333 0.11666666666666667 0.0 0.8333333333333334 1066.6499139870361 22.194593564569217 125
0.8828828828828829 0.11711711711711711 0.0 0.8773584905660378 0.12264150943396226 0.0 0.7924528301886793 1056.0364537861624 21.99556812345725 111
0.8164556962025317 0.17088607594936708 0.012658227848101266 0.8104575163398693 0.17647058823529413 0.013071895424836602 0.9215686274509803 1068.9342036876908 18.775161892143267 158
0.8584905660377359 0.14150943396226415 0.0 0.8514851485148515 0.1485148514851485 0.0 0.7425742574257426 1075.295259327552 20.120125660067558 106
0.9076923076923077 0.09230769230769231 0.0 0.904 0.096 0.0 0.72 1086.807030319128 20.321401650485697 130
0.7757009345794392 0.21495327102803738 0.009345794392523364 0.7647058823529411 0.22549019607843138 0.00980392156862745 1.0 1022.036115461951 23.37126546835597 107
0.8717948717948718 0.1282051282051282 0.0 0.8660714285714286 0.13392857142857142 0.0 0.8660714285714286 1048.2566775444727 21.99318670717517 117
0.8888888888888888 0.1111111111111111 0.0 0.883495145631068 0.11650485436893204 0.0 0.9514563106796117 1048.6129210515076 22.704985659072648 108
0.9047619047619048 0.09523809523809523 0.0 0.9113924050632911 0.08860759493670886 0.0 0.6962025316455697 1078.3635465521477 23.091980517730683 84
0.8061224489795918 0.1836734693877551 0.01020408163265306 0.8064516129032258 0.1827956989247312 0.010752688172043012 0.7956989247311828 1022.2838252928669 21.82035671584155 98
0.7803030303030303 0.2196969696969697 0.0 0.7716535433070866 0.2283464566929134 0.0 0.8661417322834646 1029.8767111215714 19.503279372120463 132
0.8623853211009175 0.13761467889908258 0.0 0.8557692307692307 0.14423076923076922 0.0 0.8846153846153846 1085.7331305398684 22.79928622414569 109
0.8761061946902655 0.12389380530973451 0.0 0.8703703703703703 0.12962962962962962 0.0 0.9351851851851852 1077.24263969556 22.98945174914382 113
0.8536585365853658 0.14634146341463414 0.0 0.8441558441558441 0.15584415584415584 0.0 0.8701298701298701 1005.4949068796791 23.77050325656364 82
0.8431372549019608 0.1568627450980392 0.0 0.8350515463917526 0.16494845360824742 0.0 0.8350515463917526 1039.0872103984311 22.637094776679714 102
0.8854961832061069 0.11450381679389313 0.0 0.8888888888888888 0.1111111111111111 0.0 0.8095238095238095 1080.8417449145568 20.85236041981279 131
0.8870967741935484 0.11290322580645161 0.0 0.8823529411764706 0.11764705882352941 0.0 0.8823529411764706 1033.2300921039773 20.347928731394866 124
0.8067226890756303 0.19327731092436976 0.0 0.7982456140350878 0.20175438596491227 0.0 0.7982456140350878 1081.2882683345008 21.993831776736503 119
0.8253968253968254 0.1746031746031746 0.0 0.8181818181818182 0.18181818181818182 0.0 0.8181818181818182 1083.4772798932627 20.315657308926518 126
0.819047619047619 0.17142857142857143 0.009523809523809525 0.81 0.18 0.01 0.65 1087.352916073507 20.90102483124155 105
0.8817204301075269 0.11827956989247312 0.0 0.875 0.125 0.0 0.8522727272727273 1033.5521840611948 22.295679922075823 93
0.8785714285714286 0.12142857142857143 0.0 0.8814814814814815 0.11851851851851852 0.0 0.8222222222222222 1062.2065384265106 20.931551998078227 140
0.8899082568807339 0.11009174311926606 0.0 0.8942307692307693 0.10576923076923077 0.0 0.875 1079.6127263325661 22.451467846283894 109
0.8709677419354839 0.12903225806451613 0.0 0.865546218487395 0.13445378151260504 0.0 0.8487394957983193 1078.5112094680037 21.158496357041464 124
0.824 0.168 0.008 0.8166666666666667 0.175 0.008333333333333333 0.9333333333333333 1044.7022512953067 22.99773680601181 125
0.9017857142857143 0.09821428571428571 0.0 0.897196261682243 0.102803738317757 0.0 0.8598130841121495 1086.8447736007643 22.30398311082843 112
0.8620689655172413 0.13793103448275862 0.0 0.8536585365853658 0.14634146341463414 0.0 0.7804878048780488 1048.22159395176 24.075263881287082 87
0.8828828828828829 0.11711711711711711 0.0 0.8773584905660378 0.12264150943396226 0.0 0.7924528301886793 1059.4101197952566 21.674828788025394 111
0.8549618320610687 0.1450381679389313 0.0 0.8492063492063492 0.15079365079365079 0.0 1.0 1066.330692100769 21.703045097668664 131
0.7676767676767676 0.21212121212121213 0.020202020202020204 0.7553191489361702 0.22340425531914893 0.02127659574468085 0.8829787234042553 1050.9124228851447 22.148848179461687 99
0.85 0.15 0.0 0.8434782608695652 0.1565217391304348 0.0 0.9478260869565217 1031.9097555711799 21.7391011203521 120
0.905511811023622 0.09448818897637795 0.0 0.9098360655737705 0.09016393442622951 0.0 0.8524590163934426 1050.636177059453 20.769349724588775 127
0.8660714285714286 0.13392857142857142 0.0 0.8598130841121495 0.14018691588785046 0.0 0.897196261682243 1057.833209966561 22.024856328357508 112
0.8785046728971962 0.12149532710280374 0.0 0.8823529411764706 0.11764705882352941 0.0 0.8823529411764706 1032.713608198305 22.178723543913133 107
0.9259259259259259 0.07407407407407407 0.0 0.9230769230769231 0.07692307692307693 0.0 0.9230769230769231 1049.2814555036139 20.278416784332713 135
0.9428571428571428 0.05714285714285714 0.0 0.9407407407407408 0.05925925925925926 0.0 0.725925925925926 1086.8383575087962 19.62480857076642 140
0.8021978021978022 0.1978021978021978 0.0 0.7906976744186046 0.20930232558139536 0.0 0.813953488372093 1084.9721980875008 22.137128503172757 91
0.8714285714285714 0.12857142857142856 0.0 0.8666666666666667 0.13333333333333333 0.0 0.7851851851851852 1064.0436502996727 19.927054136825454 140
0.9053254437869822 0.09467455621301775 0.0 0.9024390243902439 0.0975609756097561 0.0 0.7439024390243902 1070.925398681669 19.289011284938763 169
0.8878504672897196 0.11214953271028037 0.0 0.8823529411764706 0.11764705882352941 0.0 0.9019607843137255 1066.7760282490995 20.95761351052349 107
0.8774193548387097 0.12258064516129032 0.0 0.8733333333333333 0.12666666666666668 0.0 0.78 1087.4853301710466 20.42710391005582 155
0.8562091503267973 0.1437908496732026 0.0 0.8513513513513513 0.14864864864864866 0.0 0.8243243243243243 1083.7516610893006 20.42158115814071 153
0.8125 0.1875 0.0 0.8021978021978022 0.1978021978021978 0.0 0.978021978021978 1071.6401459824642 22.38091433967872 96
0.84 0.15 0.01 0.8315789473684211 0.15789473684210525 0.010526315789473684 0.6947368421052632 1082.909134481251 21.100776191386604 100
0.9029850746268657 0.09701492537313433 0.0 0.8992248062015504 0.10077519379844961 0.0 0.751937984496124 1080.1552158070986 21.887858620768927 134
0.8051948051948052 0.19480519480519481 0.0 0.7916666666666666 0.20833333333333334 0.0 0.9305555555555556 1058.279732389498 23.99711840186356 77
0.824 0.176 0.0 0.8166666666666667 0.18333333333333332 0.0 0.85 1077.476397863045 20.331516938762284 125
0.8363636363636363 0.16363636363636364 0.0 0.8285714285714286 0.17142857142857143 0.0 0.8095238095238095 1087.0769970762947 21.034895055124515 110
0.7777777777777778 0.2074074074074074 0.014814814814814815 0.7692307692307693 0.2153846153846154 0.015384615384615385 0.8384615384615385 1047.2403619328445 21.379893565424762 135
0.852112676056338 0.14788732394366197 0.0 0.8467153284671532 0.15328467153284672 0.0 0.9781021897810219 1079.9562761488035 21.725297579460566 142
0.84375 0.15625 0.0 0.8351648351648352 0.16483516483516483 0.0 0.8351648351648352 1064.791157561837 23.270669119687938 96
0.9166666666666666 0.08333333333333333 0.0 0.9133858267716536 0.08661417322834646 0.0 0.8503937007874016 1047.8176135457695 20.582710623840324 132
0.8666666666666667 0.13333333333333333 0.0 0.86 0.14 0.0 0.89 1017.356328592476 21.61660538345642 105
0.8581560283687943 0.14184397163120568 0.0 0.8676470588235294 0.1323529411764706 0.0 0.7941176470588235 1084.5044536394869 20.525494551117667 141
0.875 0.125 0.0 0.8702290076335878 0.1297709923664122 0.0 0.7709923664122137 1086.341463231823 20.75002525901892 136
0.930635838150289 0.06936416184971098 0.0 0.9285714285714286 0.07142857142857142 0.0 0.6845238095238095 1087.4453810681885 18.785667575215793 173
0.875 0.125 0.0 0.8691588785046729 0.1308411214953271 0.0 0.822429906542056 1028.726739741949 19.7614138217677 112
0.8873239436619719 0.11267605633802817 0.0 0.8832116788321168 0.11678832116788321 0.0 0.7883211678832117 1087.3337145690048 20.789384411250573 142
0.8135593220338984 0.1864406779661017 0.0 0.8053097345132744 0.19469026548672566 0.0 0.7610619469026548 1086.8880717990828 21.858955468447874 118
0.9482758620689655 0.05172413793103448 0.0 0.9459459459459459 0.05405405405405406 0.0 0.8918918918918919 1054.1732930149637 20.39338346630288 116
0.8373983739837398 0.16260162601626016 0.0 0.8305084745762712 0.1694915254237288 0.0 0.8728813559322034 1082.471236420768 21.065463055253105 123
0.8118811881188119 0.1782178217821782 0.009900990099009901 0.8020833333333334 0.1875 0.010416666666666666 0.96875 946.0153312380655 21.42569700833063 101
0.8243243243243243 0.16216216216216217 0.013513513513513514 0.8181818181818182 0.16783216783216784 0.013986013986013986 0.8041958041958042 1033.7241284751185 19.49776539293186 148
0.8709677419354839 0.12903225806451613 0.0 0.865546218487395 0.13445378151260504 0.0 1.0 1015.6685228420386 21.10639721495694 124
0.8582089552238806 0.13432835820895522 0.007462686567164179 0.8527131782945736 0.13953488372093023 0.007751937984496124 0.7751937984496124 1062.7487284168215 21.38297277279971 134
0.936 0.064 0.0 0.9333333333333333 0.06666666666666667 0.0 0.7833333333333333 956.280755645287 19.667362749602926 125
0.801980198019802 0.18811881188118812 0.009900990099009901 0.7916666666666666 0.19791666666666666 0.010416666666666666 0.84375 1018.9119368604825 22.122027680664853 101
0.8105263157894737 0.18947368421052632 0.0 0.8111111111111111 0.18888888888888888 0.0 0.8666666666666667 1022.1073683439257 23.155832866378496 95
0.803921568627451 0.19607843137254902 0.0 0.8041237113402062 0.1958762886597938 0.0 0.8144329896907216 1075.5936450568945 22.580442891536 102
0.7913043478260869 0.20869565217391303 0.0 0.7818181818181819 0.21818181818181817 0.0 0.9454545454545454 1069.7485606590071 22.529654886097088 115
0.8409090909090909 0.15151515151515152 0.007575757575757576 0.8346456692913385 0.15748031496062992 0.007874015748031496 0.9921259842519685 1085.903052891982 19.76274861606239 132
0.8529411764705882 0.14705882352941177 0.0 0.845360824742268 0.15463917525773196 0.0 0.6597938144329897 1080.684929833608 22.210966969898625 102
0.8905109489051095 0.10948905109489052 0.0 0.8863636363636364 0.11363636363636363 0.0 0.7575757575757576 1079.6511915466735 20.772338371664812 137
0.875 0.125 0.0 0.8709677419354839 0.12903225806451613 0.0 0.012903225806451613 1075.6064682768097 18.73162847423435 160
0.7835051546391752 0.21649484536082475 0.0 0.782608695652174 0.21739130434782608 0.0 0.8152173913043478 1010.6712595685834 22.11279236254973 97
0.9485714285714286 0.05142857142857143 0.0 0.9470588235294117 0.052941176470588235 0.0 0.8058823529411765 991.3480788111283 17.899569255369684 175
0.8962962962962963 0.1037037037037037 0.0 0.8923076923076924 0.1076923076923077 0.0 0.8769230769230769 1080.1268134296454 21.166964064651474 135
0.9069767441860465 0.09302325581395349 0.0 0.9032258064516129 0.0967741935483871 0.0 0.9032258064516129 997.4224462506454 20.055625016511527 129
0.8629032258064516 0.13709677419354838 0.0 0.865546218487395 0.13445378151260504 0.0 0.8403361344537815 1085.0432668688375 21.203195983821097 124
0.9393939393939394 0.06060606060606061 0.0 0.937007874015748 0.06299212598425197 0.0 0.7952755905511811 1073.6641475049448 20.248958905300423 132
0.9256756756756757 0.07432432432432433 0.0 0.9230769230769231 0.07692307692307693 0.0 0.7412587412587412 1086.4729102220508 19.948698970689836 148
0.9743589743589743 0.02564102564102564 0.0 0.9732142857142857 0.026785714285714284 0.0 0.8392857142857143 1007.3991691335646 20.651523677832436 117
0.9 0.1 0.0 0.8947368421052632 0.10526315789473684 0.0 0.9789473684210527 1052.743610399236 21.765503470838425 100
0.7154471544715447 0.2682926829268293 0.016260162601626018 0.7033898305084746 0.2796610169491525 0.01694915254237288 1.0 1058.6985363671579 22.28858389662758 123
0.8114754098360656 0.1885245901639344 0.0 0.811965811965812 0.18803418803418803 0.0 0.7094017094017094 1087.4700236419515 20.790259815898732 122
0.8333333333333334 0.16666666666666666 0.0 0.8252427184466019 0.17475728155339806 0.0 0.883495145631068 1004.8438509530773 20.823653486042502 108
0.8974358974358975 0.10256410256410256 0.0 0.8928571428571429 0.10714285714285714 0.0 0.9464285714285714 974.5846940443528 21.70892577658258 117
0.8898305084745762 0.11016949152542373 0.0 0.8938053097345132 0.10619469026548672 0.0 0.7256637168141593 1058.8170084537774 21.069328497533196 118
0.8074074074074075 0.1925925925925926 0.0 0.8 0.2 0.0 0.6846153846153846 1051.6582535598886 19.562734904968796 135
0.8125 0.1875 0.0 0.8048780487804879 0.1951219512195122 0.0 0.967479674796748 1078.7046660115348 23.210723141190293 128
0.8411214953271028 0.12149532710280374 0.037383177570093455 0.8333333333333334 0.12745098039215685 0.0392156862745098 0.8529411764705882 1026.0295167246848 22.79229339296534 107
0.8397435897435898 0.16025641025641027 0.0 0.8344370860927153 0.16556291390728478 0.0 0.7748344370860927 1086.4627378369867 19.33688257802127 156
0.8571428571428571 0.14285714285714285 0.0 0.8592592592592593 0.14074074074074075 0.0 0.8814814814814815 1061.9951028406388 20.028731569602297 140
0.8356164383561644 0.1643835616438356 0.0 0.8297872340425532 0.1702127659574468 0.0 0.5673758865248227 1064.301961611926 19.669631534987186 146
0.8620689655172413 0.13793103448275862 0.0 0.863905325443787 0.13609467455621302 0.0 0.8047337278106509 1070.8547619613212 19.577647145901523 174
0.7904761904761904 0.20952380952380953 0.0 0.78 0.22 0.0 0.81 1074.2984732366879 22.56301773501533 105
0.8832116788321168 0.11678832116788321 0.0 0.8787878787878788 0.12121212121212122 0.0 0.8484848484848485 1087.382871002034 20.602238919455452 137
0.9421965317919075 0.057803468208092484 0.0 0.9464285714285714 0.05357142857142857 0.0 0.8214285714285714 1080.275551415609 18.89917112231364 173
0.7746478873239436 0.22535211267605634 0.0 0.7664233576642335 0.23357664233576642 0.0 0.7737226277372263 1051.9980434523966 21.250952562255783 142
0.8110236220472441 0.18110236220472442 0.007874015748031496 0.8032786885245902 0.1885245901639344 0.00819672131147541 0.8442622950819673 1077.3404903957103 20.82549033646098 127
0.9044117647058824 0.09558823529411764 0.0 0.9007633587786259 0.09923664122137404 0.0 0.9083969465648855 1059.662387898001 20.5329503853804 136
0.8468468468468469 0.15315315315315314 0.0 0.839622641509434 0.16037735849056603 0.0 0.7358490566037735 1087.4375607021193 20.859019448758882 111
0.8823529411764706 0.11764705882352941 0.0 0.8778625954198473 0.12213740458015267 0.0 0.7633587786259542 1087.3707853740707 20.46330159045613 136
0.9083969465648855 0.0916030534351145 0.0 0.9047619047619048 0.09523809523809523 0.0 0.873015873015873 1087.1043533176305 20.493774617373926 131
0.8613138686131386 0.13138686131386862 0.0072992700729927005 0.8560606060606061 0.13636363636363635 0.007575757575757576 0.8257575757575758 1079.3533278658197 19.906527622800926 137
0.822429906542056 0.1588785046728972 0.018691588785046728 0.8137254901960784 0.16666666666666666 0.0196078431372549 0.9509803921568627 1080.295976051864 22.58605112938949 107
0.84251968503937 0.15748031496062992 0.0 0.8360655737704918 0.16393442622950818 0.0 0.8770491803278688 1021.9732130111103 21.49140449769023 127
0.8701298701298701 0.12987012987012986 0.0 0.8657718120805369 0.1342281879194631 0.0 0.8187919463087249 1043.7901259605806 19.281016475865453 154
0.7904761904761904 0.20952380952380953 0.0 0.78 0.22 0.0 0.73 1061.475782189161 20.88968570185743 105
0.8012820512820513 0.19230769230769232 0.00641025641025641 0.7947019867549668 0.1986754966887417 0.006622516556291391 0.8410596026490066 1086.8429965476034 21.19411442278074 156
0.9025974025974026 0.09740259740259741 0.0 0.8993288590604027 0.10067114093959731 0.0 0.8053691275167785 1051.5729926843096 20.86191175242859 154
0.9103448275862069 0.0896551724137931 0.0 0.9071428571428571 0.09285714285714286 0.0 0.6857142857142857 1078.0221148027365 20.562219477907544 145
0.8652482269503546 0.1347517730496454 0.0 0.8602941176470589 0.13970588235294118 0.0 0.8382352941176471 1061.309451441333 19.89710497281497 141
0.8709677419354839 0.12903225806451613 0.0 0.865546218487395 0.13445378151260504 0.0 0.9327731092436975 1072.0013471244788 22.663933804956773 124
0.7663551401869159 0.2336448598130841 0.0 0.7549019607843137 0.24509803921568626 0.0 0.7450980392156863 1079.8273855921468 23.165522694976996 107
0.8279569892473119 0.17204301075268819 0.0 0.8181818181818182 0.18181818181818182 0.0 0.9659090909090909 997.5923525063465 22.86326331408699 93
0.6285714285714286 0.3142857142857143 0.05714285714285714 0.6148148148148148 0.32592592592592595 0.05925925925925926 0.8666666666666667 1042.022432598202 19.231471823406412 140
0.875 0.125 0.0 0.8695652173913043 0.13043478260869565 0.0 0.7478260869565218 1060.2358614744537 21.162835229596883 120
0.8 0.2 0.0 0.7888888888888889 0.2111111111111111 0.0 0.7 1065.5325938597316 23.23658542098391 95
0.8345864661654135 0.16541353383458646 0.0 0.828125 0.171875 0.0 0.796875 1085.3368256029908 20.099622559123024 133
0.6870229007633588 0.26717557251908397 0.04580152671755725 0.6746031746031746 0.2777777777777778 0.047619047619047616 0.6746031746031746 1081.497145685697 21.25031820161573 131
0.8256880733944955 0.14678899082568808 0.027522935779816515 0.8269230769230769 0.15384615384615385 0.019230769230769232 0.7019230769230769 1051.0014195418569 23.07176434563296 109
0.852112676056338 0.14788732394366197 0.0 0.8540145985401459 0.145985401459854 0.0 0.7518248175182481 1087.142476734886 20.814034607988667 142
0.8738738738738738 0.12612612612612611 0.0 0.8679245283018868 0.1320754716981132 0.0 0.7547169811320755 1059.7988665393366 21.278486356647395 111
0.8290598290598291 0.17094017094017094 0.0 0.8214285714285714 0.17857142857142858 0.0 0.8482142857142857 1064.7222538439469 20.509579328368247 117
0.8583333333333333 0.14166666666666666 0.0 0.8608695652173913 0.1391304347826087 0.0 0.8695652173913043 1053.64813382197 20.815991926781344 120
0.9533333333333334 0.04666666666666667 0.0 0.9517241379310345 0.04827586206896552 0.0 0.8137931034482758 1078.1537378804312 20.14896189578836 150
0.8703703703703703 0.12962962962962962 0.0 0.8640776699029126 0.13592233009708737 0.0 0.7281553398058253 1085.6397835970172 20.196940241835538 108
0.8053097345132744 0.19469026548672566 0.0 0.7962962962962963 0.2037037037037037 0.0 0.8148148148148148 1056.9623201405936 22.91435378094956 113
0.8974358974358975 0.10256410256410256 0.0 0.8928571428571429 0.10714285714285714 0.0 0.8035714285714286 1075.5053084146377 21.463238741625066 117
0.7964601769911505 0.20353982300884957 0.0 0.7962962962962963 0.2037037037037037 0.0 0.9166666666666666 1041.3360975236417 21.145659124628608 113
0.8 0.18787878787878787 0.012121212121212121 0.8 0.1875 0.0125 0.0 991.5945463174008 18.455047886310346 165
0.8814814814814815 0.11851851851851852 0.0 0.8769230769230769 0.12307692307692308 0.0 0.9307692307692308 1070.3074675349599 20.64437458959381 135
0.95 0.05 0.0 0.9478260869565217 0.05217391304347826 0.0 0.8521739130434782 987.9815881880778 19.46190544400068 120
0.9047619047619048 0.09523809523809523 0.0 0.9008264462809917 0.09917355371900827 0.0 0.6859504132231405 1087.3793093670702 21.136193753302244 126
0.8305084745762712 0.1694915254237288 0.0 0.831858407079646 0.168141592920354 0.0 0.831858407079646 1085.9223817051734 20.59023520978795 118
0.8976377952755905 0.10236220472440945 0.0 0.8934426229508197 0.10655737704918032 0.0 0.8032786885245902 1084.9049220083832 20.688172405774715 127
0.8080808080808081 0.18181818181818182 0.010101010101010102 0.7978723404255319 0.19148936170212766 0.010638297872340425 0.6595744680851063 989.4381725415236 21.936338578526243 99
0.8448275862068966 0.15517241379310345 0.0 0.8378378378378378 0.16216216216216217 0.0 0.6846846846846847 1062.307078847666 21.313768876064135 116
0.7592592592592593 0.24074074074074073 0.0 0.7572815533980582 0.24271844660194175 0.0 0.8640776699029126 1046.1872120397406 22.514305259676288 108
0.8888888888888888 0.1111111111111111 0.0 0.8855421686746988 0.1144578313253012 0.0 0.7108433734939759 1087.3515055574715 19.207738797535388 171
0.8230088495575221 0.17699115044247787 0.0 0.8148148148148148 0.18518518518518517 0.0 0.9629629629629629 1047.7674325909884 21.780185817663256 113
0.8692307692307693 0.13076923076923078 0.0 0.864 0.136 0.0 0.784 1085.661004280596 19.364746372768483 130
0.8818897637795275 0.11811023622047244 0.0 0.8852459016393442 0.11475409836065574 0.0 0.8114754098360656 1076.0291118789721 19.785507875034195 127
0.8478260869565217 0.15217391304347827 0.0 0.8390804597701149 0.16091954022988506 0.0 0.7931034482758621 1037.2133914162832 22.400222150955212 92
0.924812030075188 0.07518796992481203 0.0 0.921875 0.078125 0.0 0.9296875 1030.2527322013564 21.158302740289646 133
0.8727272727272727 0.12727272727272726 0.0 0.8666666666666667 0.13333333333333333 0.0 0.7523809523809524 1076.4839037169234 22.30680574988064 110
0.8983050847457628 0.1016949152542373 0.0 0.8938053097345132 0.10619469026548672 0.0 0.9469026548672567 983.3346702374009 20.864083638108443 118
0.9285714285714286 0.07142857142857142 0.0 0.9252336448598131 0.07476635514018691 0.0 0.897196261682243 1061.5715933492074 22.154519646032163 112
0.7214285714285714 0.2785714285714286 0.0 0.7111111111111111 0.28888888888888886 0.0 0.5555555555555556 1007.0414974321301 19.977997456647465 140
0.847457627118644 0.15254237288135594 0.0 0.8407079646017699 0.1592920353982301 0.0 0.9734513274336283 1057.2000133494223 21.458515929006168 118
0.8543689320388349 0.14563106796116504 0.0 0.8469387755102041 0.15306122448979592 0.0 0.9081632653061225 1065.1342491796981 23.56024867411059 103
0.8712871287128713 0.12871287128712872 0.0 0.8645833333333334 0.13541666666666666 0.0 0.8854166666666666 1048.446933528221 21.726318846155287 101
0.7966101694915254 0.2033898305084746 0.0 0.7876106194690266 0.21238938053097345 0.0 0.6991150442477876 1087.3324894859504 21.49323033205274 118
0.7983193277310925 0.20168067226890757 0.0 0.7894736842105263 0.21052631578947367 0.0 0.8333333333333334 1055.0921599763656 20.481158468357954 119
0.8787878787878788 0.12121212121212122 0.0 0.8740157480314961 0.12598425196850394 0.0 0.7244094488188977 1065.521862813888 20.63532101027562 132
0.78125 0.21875 0.0 0.7692307692307693 0.23076923076923078 0.0 0.978021978021978 1060.2284549318401 22.043907439314157 96
0.8012048192771084 0.18072289156626506 0.018072289156626505 0.7950310559006211 0.18633540372670807 0.018633540372670808 0.6273291925465838 1079.4950824055773 20.489009011465818 166
0.8059701492537313 0.19402985074626866 0.0 0.7984496124031008 0.20155038759689922 0.0 0.6821705426356589 1048.268232261485 19.961434731021065 134
0.9481481481481482 0.05185185185185185 0.0 0.9461538461538461 0.05384615384615385 0.0 0.9076923076923077 1087.1332447515313 19.668829206090074 135
0.9259259259259259 0.07407407407407407 0.0 0.9223300970873787 0.07766990291262135 0.0 0.9223300970873787 968.231214997153 20.846736925334724 108
0.8333333333333334 0.16666666666666666 0.0 0.8256880733944955 0.1743119266055046 0.0 0.7706422018348624 1037.5516481744805 21.37084171595316 114
0.8362068965517241 0.16379310344827586 0.0 0.8288288288288288 0.17117117117117117 0.0 0.7747747747747747 1082.5571941879748 22.401630133202236 116
0.9344262295081968 0.06557377049180328 0.0 0.9316239316239316 0.06837606837606838 0.0 0.8461538461538461 1034.0731865180874 20.960373422971298 122
0.9155844155844156 0.08441558441558442 0.0 0.912751677852349 0.087248322147651 0.0 0.785234899328859 1085.2531508575553 19.572741450393753 154
0.7326732673267327 0.25742574257425743 0.009900990099009901 0.7291666666666666 0.2604166666666667 0.010416666666666666 0.9895833333333334 961.5359519804196 22.992362239175645 101
0.8979591836734694 0.10204081632653061 0.0 0.8924731182795699 0.10752688172043011 0.0 0.7956989247311828 1045.980670671384 23.18645504989489 98
0.8771929824561403 0.12280701754385964 0.0 0.8715596330275229 0.12844036697247707 0.0 0.6972477064220184 1087.4041903259285 21.261396062083744 114
0.8421052631578947 0.15789473684210525 0.0 0.8348623853211009 0.1651376146788991 0.0 0.908256880733945 1050.0999260524186 22.07356722917275 114
0.8794326241134752 0.12056737588652482 0.0 0.875 0.125 0.0 0.7941176470588235 1053.6664214846717 21.27723870348192 141
0.8854166666666666 0.11458333333333333 0.0 0.8791208791208791 0.12087912087912088 0.0 1.0 995.7333308415606 22.57167722222414 96
0.8347107438016529 0.1652892561983471 0.0 0.8275862068965517 0.1724137931034483 0.0 0.9310344827586207 1076.550618409884 22.184272827055665 121
0.7744360902255639 0.22556390977443608 0.0 0.765625 0.234375 0.0 0.828125 1042.7250077277392 21.25853970353323 133
0.8375 0.1625 0.0 0.8266666666666667 0.17333333333333334 0.0 0.9866666666666667 1070.3112628236088 22.564661593037055 80
0.8440366972477065 0.1559633027522936 0.0 0.8365384615384616 0.16346153846153846 0.0 0.8173076923076923 1027.5747393791219 20.54079386710925 109
0.7443609022556391 0.2556390977443609 0.0 0.734375 0.265625 0.0 0.796875 1072.50868096772 21.83111766975238 133
0.9223300970873787 0.07766990291262135 0.0 0.9183673469387755 0.08163265306122448 0.0 0.8979591836734694 1051.1503663336116 22.44024282208965 103
0.865546218487395 0.13445378151260504 0.0 0.8596491228070176 0.14035087719298245 0.0 0.868421052631579 1052.7126667708005 22.36931453806459 119
0.8161764705882353 0.18382352941176472 0.0 0.8091603053435115 0.19083969465648856 0.0 0.8091603053435115 1086.4633698927737 20.80564615727233 136
0.8306451612903226 0.1693548387096774 0.0 0.8235294117647058 0.17647058823529413 0.0 0.7310924369747899 1081.3560169963641 22.18082258420939 124
0.8769230769230769 0.12307692307692308 0.0 0.872 0.128 0.0 0.632 1086.6612339735866 20.04005568902805 130
0.8706896551724138 0.12931034482758622 0.0 0.8648648648648649 0.13513513513513514 0.0 0.8288288288288288 1036.0175415165597 22.576988662192267 116
0.9051094890510949 0.0948905109489051 0.0 0.9015151515151515 0.09848484848484848 0.0 0.8333333333333334 1059.6148835233464 20.701041237624572 137
