0.8155339805825242 0.1650485436893204 0.019417475728155338 0.8061224489795918 0.17346938775510204 0.02040816326530612 0.8775510204081632 1073.2164142915829 23.337151324184504 103
0.8695652173913043 0.13043478260869565 0.0 0.8636363636363636 0.13636363636363635 0.0 0.8090909090909091 1045.442162843945 21.294271522455865 115
0.8842105263157894 0.11578947368421053 0.0 0.8777777777777778 0.12222222222222222 0.0 0.7444444444444445 1067.7357379156565 21.38266714715114 95
0.8846153846153846 0.1 0.015384615384615385 0.88 0.104 0.016 0.768 1057.7423877129045 20.883704043674836 130
0.788235294117647 0.21176470588235294 0.0 0.775 0.225 0.0 0.75 1079.302645598914 23.230542714412177 85
0.7886178861788617 0.21138211382113822 0.0 0.7796610169491526 0.22033898305084745 0.0 0.7627118644067796 1049.9900990346096 21.87306733728923 123
0.7692307692307693 0.23076923076923078 0.0 0.7674418604651163 0.23255813953488372 0.0 0.7325581395348837 1036.3184821037103 22.47244102911878 91
0.8699186991869918 0.13008130081300814 0.0 0.864406779661017 0.13559322033898305 0.0 0.8305084745762712 1086.8349072639387 21.56499486934567 123
0.7272727272727273 0.26136363636363635 0.011363636363636364 0.7108433734939759 0.27710843373493976 0.012048192771084338 0.9397590361445783 953.160172254309 22.164157985286852 88
0.8666666666666667 0.13333333333333333 0.0 0.8615384615384616 0.13846153846153847 0.0 0.7769230769230769 1024.1991398151263 20.365335766550643 135
0.7692307692307693 0.21794871794871795 0.01282051282051282 0.7534246575342466 0.2328767123287671 0.0136986301369863 0.958904109589041 970.1754531442605 25.66011285882536 78
0.7363636363636363 0.2545454545454545 0.00909090909090909 0.7238095238095238 0.26666666666666666 0.009523809523809525 0.9904761904761905 1055.5123619066078 23.046098158246647 110
0.7653061224489796 0.22448979591836735 0.01020408163265306 0.7526881720430108 0.23655913978494625 0.010752688172043012 0.6021505376344086 1079.2449605456527 23.81148140981724 98
0.7129629629629629 0.25 0.037037037037037035 0.6990291262135923 0.2621359223300971 0.038834951456310676 0.7475728155339806 980.4910726690875 22.227168808816128 108
0.8559322033898306 0.1440677966101695 0.0 0.8495575221238938 0.1504424778761062 0.0 0.7522123893805309 1021.0323140520694 21.885518624808437 118
0.7843137254901961 0.21568627450980393 0.0 0.7835051546391752 0.21649484536082475 0.0 0.6597938144329897 1080.9183289293162 21.7642161529083 102
0.7631578947368421 0.21052631578947367 0.02631578947368421 0.7464788732394366 0.22535211267605634 0.028169014084507043 0.9859154929577465 986.1557937464735 24.063678210809694 76
0.853448275862069 0.14655172413793102 0.0 0.8468468468468469 0.15315315315315314 0.0 0.7837837837837838 1007.6717009593056 21.847281041012447 116
0.8360655737704918 0.16393442622950818 0.0 0.8290598290598291 0.17094017094017094 0.0 0.7948717948717948 1044.7957995237812 23.452527776437666 122
0.7590361445783133 0.24096385542168675 0.0 0.7564102564102564 0.24358974358974358 0.0 0.9615384615384616 1064.2775543480714 26.053772067670785 83
0.7647058823529411 0.23529411764705882 0.0 0.75 0.25 0.0 0.775 1085.384985050926 21.431374401231956 85
0.797979797979798 0.1919191919191919 0.010101010101010102 0.7872340425531915 0.20212765957446807 0.010638297872340425 0.7553191489361702 1066.0502793141272 22.635249574070983 99
0.7971014492753623 0.2028985507246377 0.0 0.7969924812030075 0.20300751879699247 0.0 0.7142857142857143 1063.5550075604178 19.999252181094555 138
0.8018867924528302 0.18867924528301888 0.009433962264150943 0.7920792079207921 0.19801980198019803 0.009900990099009901 0.6732673267326733 1084.2905801349298 21.530959143068845 106
0.7247706422018348 0.22935779816513763 0.045871559633027525 0.7115384615384616 0.2403846153846154 0.04807692307692308 0.8365384615384616 1020.3944017181975 21.448926627586438 109
0.7184466019417476 0.27184466019417475 0.009708737864077669 0.7040816326530612 0.2857142857142857 0.01020408163265306 0.9489795918367347 990.3454274199897 23.34713341665091 103
0.797979797979798 0.20202020202020202 0.0 0.7978723404255319 0.20212765957446807 0.0 0.7978723404255319 1057.3147563594582 24.498238650423833 99
0.7864077669902912 0.21359223300970873 0.0 0.7755102040816326 0.22448979591836735 0.0 0.6938775510204082 1044.5513258230867 23.758824955294124 103
0.7238095238095238 0.26666666666666666 0.009523809523809525 0.71 0.28 0.01 0.9 1066.675308439817 22.661647807370773 105
0.8110236220472441 0.1889763779527559 0.0 0.8032786885245902 0.19672131147540983 0.0 0.9836065573770492 1076.5522882391394 21.625709933923524 127
0.7777777777777778 0.2222222222222222 0.0 0.7647058823529411 0.23529411764705882 0.0 0.9764705882352941 1067.538331729676 24.868435777160485 90
0.7211538461538461 0.27884615384615385 0.0 0.7070707070707071 0.29292929292929293 0.0 0.7373737373737373 1073.2796322253316 22.786279499398557 104
0.7894736842105263 0.20175438596491227 0.008771929824561403 0.7798165137614679 0.21100917431192662 0.009174311926605505 0.7614678899082569 1087.4126837479578 22.937129682812348 114
0.8571428571428571 0.14285714285714285 0.0 0.85 0.15 0.0 0.94 1033.2118024498468 23.529197536011537 105
0.782258064516129 0.20967741935483872 0.008064516129032258 0.773109243697479 0.2184873949579832 0.008403361344537815 0.7983193277310925 1074.4182694225328 21.41253659308334 124
0.839622641509434 0.1509433962264151 0.009433962264150943 0.8316831683168316 0.15841584158415842 0.009900990099009901 0.7029702970297029 1080.0516131188042 23.259297209171784 106
0.7377049180327869 0.26229508196721313 0.0 0.7264957264957265 0.27350427350427353 0.0 0.8461538461538461 1038.4820065627366 22.083952600618467 122
0.8103448275862069 0.1896551724137931 0.0 0.8018018018018018 0.1981981981981982 0.0 0.990990990990991 1078.4330953499261 22.906260770623263 116
0.7023809523809523 0.2619047619047619 0.03571428571428571 0.6835443037974683 0.27848101265822783 0.0379746835443038 0.759493670886076 1079.3466597199156 22.242096090919638 84
0.8172043010752689 0.17204301075268819 0.010752688172043012 0.8068181818181818 0.18181818181818182 0.011363636363636364 0.6704545454545454 1087.2904356821425 21.380592823867385 93
0.7904761904761904 0.2 0.009523809523809525 0.78 0.21 0.01 0.74 1026.359134419645 23.735210032258763 105
0.8320610687022901 0.16793893129770993 0.0 0.8253968253968254 0.1746031746031746 0.0 0.6904761904761905 1053.7475105962978 20.29389407732901 131
0.7916666666666666 0.19791666666666666 0.010416666666666666 0.7802197802197802 0.2087912087912088 0.01098901098901099 0.8351648351648352 1086.1403534906863 22.0024785685868 96
0.8383838383838383 0.16161616161616163 0.0 0.8297872340425532 0.1702127659574468 0.0 0.6276595744680851 981.5680057331431 21.940172940691372 99
0.8389830508474576 0.16101694915254236 0.0 0.8407079646017699 0.1592920353982301 0.0 0.7787610619469026 1041.78485740728 21.128565120201355 118
0.753968253968254 0.24603174603174602 0.0 0.7520661157024794 0.24793388429752067 0.0 0.8347107438016529 1086.3684118845104 21.751290090625638 126
0.8695652173913043 0.13043478260869565 0.0 0.8636363636363636 0.13636363636363635 0.0 0.5727272727272728 1087.4422821722549 21.845859921194887 115
0.8712121212121212 0.12878787878787878 0.0 0.8661417322834646 0.13385826771653545 0.0 0.7874015748031497 1086.135207142069 20.575615464383848 132
0.7647058823529411 0.22549019607843138 0.00980392156862745 0.7628865979381443 0.2268041237113402 0.010309278350515464 0.8762886597938144 1042.1262873008761 22.957005380764247 102
0.7423312883435583 0.2392638036809816 0.018404907975460124 0.7341772151898734 0.2468354430379747 0.0189873417721519 0.8291139240506329 1024.9839092067198 19.383559553370027 163
0.8731343283582089 0.11940298507462686 0.007462686567164179 0.8682170542635659 0.12403100775193798 0.007751937984496124 0.7441860465116279 1080.6124082700328 21.051562802857415 134
0.8547008547008547 0.13675213675213677 0.008547008547008548 0.8482142857142857 0.14285714285714285 0.008928571428571428 0.7857142857142857 1087.0282512748033 21.053495584877286 117
0.8108108108108109 0.1891891891891892 0.0 0.8018867924528302 0.19811320754716982 0.0 0.7264150943396226 1087.4675204165383 23.107993187777637 111
0.8198198198198198 0.18018018018018017 0.0 0.8113207547169812 0.18867924528301888 0.0 0.7169811320754716 1039.1620027227304 23.17539704003122 111
0.7191011235955056 0.2696629213483146 0.011235955056179775 0.7023809523809523 0.2857142857142857 0.011904761904761904 0.8809523809523809 1084.861160909284 24.517648717346837 89
0.7282608695652174 0.20652173913043478 0.06521739130434782 0.7126436781609196 0.21839080459770116 0.06896551724137931 0.9310344827586207 1041.136766521326 25.168972349941388 92
0.8958333333333334 0.10416666666666667 0.0 0.8901098901098901 0.10989010989010989 0.0 0.6373626373626373 1068.0227747018678 21.104117297818934 96
0.8125 0.1875 0.0 0.8064516129032258 0.1935483870967742 0.0 0.864516129032258 1084.0493615751998 20.1610036700069 160
0.8717948717948718 0.1282051282051282 0.0 0.8660714285714286 0.13392857142857142 0.0 0.7053571428571429 1087.411189787507 20.272093767946746 117
0.8448275862068966 0.15517241379310345 0.0 0.8378378378378378 0.16216216216216217 0.0 0.8018018018018018 1082.2754262397696 21.00686805529305 116
0.8023255813953488 0.19767441860465115 0.0 0.8024691358024691 0.19753086419753085 0.0 0.7777777777777778 1087.4410128894804 24.860909792110238 86
0.8415841584158416 0.15841584158415842 0.0 0.8333333333333334 0.16666666666666666 0.0 0.9270833333333334 999.3281197670373 23.55899381251415 101
0.7874015748031497 0.2047244094488189 0.007874015748031496 0.7950819672131147 0.19672131147540983 0.00819672131147541 0.7540983606557377 1037.5022756414103 20.758634943971146 127
0.8345864661654135 0.16541353383458646 0.0 0.828125 0.171875 0.0 0.8671875 1070.81115230695 21.04387499515442 133
0.8189655172413793 0.1810344827586207 0.0 0.8108108108108109 0.1891891891891892 0.0 0.6216216216216216 1087.4230914605891 19.9178866808859 116
0.6696428571428571 0.30357142857142855 0.026785714285714284 0.6542056074766355 0.3177570093457944 0.028037383177570093 0.7663551401869159 1077.9407048311052 21.50486392009225 112
0.9047619047619048 0.09523809523809523 0.0 0.9008264462809917 0.09917355371900827 0.0 0.8016528925619835 1070.7463853053298 20.887653464887862 126
0.872 0.128 0.0 0.8666666666666667 0.13333333333333333 0.0 0.7666666666666667 1085.4084094122936 21.56363677683304 125
0.6666666666666666 0.3125 0.020833333333333332 0.6593406593406593 0.31868131868131866 0.02197802197802198 0.7472527472527473 1085.872045306647 22.77445285703379 96
0.8880597014925373 0.11194029850746269 0.0 0.8837209302325582 0.11627906976744186 0.0 0.7906976744186046 1013.6488322196778 21.20478035822677 134
0.7444444444444445 0.25555555555555554 0.0 0.7294117647058823 0.27058823529411763 0.0 0.9764705882352941 1021.2400327410012 23.35320122075754 90
0.7456140350877193 0.2543859649122807 0.0 0.7431192660550459 0.25688073394495414 0.0 0.7981651376146789 1076.902405801448 22.66359025330151 114
0.8473282442748091 0.1450381679389313 0.007633587786259542 0.8412698412698413 0.15079365079365079 0.007936507936507936 0.6428571428571429 1087.4133522953555 21.530313667780256 131
0.8333333333333334 0.16666666666666666 0.0 0.8247422680412371 0.17525773195876287 0.0 0.9278350515463918 1063.5397608819428 23.591978416366615 102
0.8470588235294118 0.1411764705882353 0.011764705882352941 0.85 0.1375 0.0125 0.8625 1073.8577537569822 21.21145656718161 85
0.8130081300813008 0.17886178861788618 0.008130081300813009 0.8050847457627118 0.1864406779661017 0.00847457627118644 0.8559322033898306 1041.8782324931542 22.708748313273503 123
0.7833333333333333 0.19166666666666668 0.025 0.7739130434782608 0.2 0.02608695652173913 0.8869565217391304 1076.0099741905813 23.35115134422265 120
0.8333333333333334 0.15476190476190477 0.011904761904761904 0.8227848101265823 0.16455696202531644 0.012658227848101266 0.9493670886075949 1045.6208436439179 25.50686047231142 84
0.8571428571428571 0.14285714285714285 0.0 0.8512396694214877 0.1487603305785124 0.0 0.8099173553719008 1087.4313555330855 21.347202550463617 126
0.7884615384615384 0.21153846153846154 0.0 0.7814569536423841 0.2185430463576159 0.0 0.847682119205298 1074.036734570072 21.9487984085926 156
0.717391304347826 0.2391304347826087 0.043478260869565216 0.7011494252873564 0.25287356321839083 0.04597701149425287 0.7701149425287356 1084.868268177246 23.660197500111444 92
0.6704545454545454 0.29545454545454547 0.03409090909090909 0.6506024096385542 0.3132530120481928 0.03614457831325301 0.8554216867469879 1034.0269856961327 24.29120810759825 88
0.7032967032967034 0.26373626373626374 0.03296703296703297 0.686046511627907 0.27906976744186046 0.03488372093023256 0.9069767441860465 1020.492414404223 22.562502474034314 91
0.8297872340425532 0.1702127659574468 0.0 0.8202247191011236 0.1797752808988764 0.0 0.898876404494382 1048.3196208331522 22.9565346115305 94
0.8 0.2 0.0 0.7904761904761904 0.20952380952380953 0.0 1.0 1061.734922038919 23.91595935822558 110
0.7349397590361446 0.2289156626506024 0.03614457831325301 0.717948717948718 0.24358974358974358 0.038461538461538464 0.7948717948717948 1027.9856922719937 25.383425022927604 83
0.8349514563106796 0.1650485436893204 0.0 0.826530612244898 0.17346938775510204 0.0 0.8673469387755102 1065.1878879773838 24.783192253709437 103
0.8632478632478633 0.13675213675213677 0.0 0.8660714285714286 0.13392857142857142 0.0 0.8303571428571429 1073.089713218589 21.63875881599937 117
0.7835051546391752 0.21649484536082475 0.0 0.7717391304347826 0.22826086956521738 0.0 0.6521739130434783 1063.741571880363 22.834501239659225 97
0.7413793103448276 0.2413793103448276 0.017241379310344827 0.7387387387387387 0.24324324324324326 0.018018018018018018 0.7117117117117117 1084.4129652886036 24.308938025770313 116
0.7272727272727273 0.26262626262626265 0.010101010101010102 0.7127659574468085 0.2765957446808511 0.010638297872340425 0.7872340425531915 1056.1543133971895 22.195447724383442 99
0.7 0.2714285714285714 0.02857142857142857 0.6888888888888889 0.2814814814814815 0.02962962962962963 0.7555555555555555 1079.1643464011781 20.386589257880896 140
0.8230088495575221 0.17699115044247787 0.0 0.8148148148148148 0.18518518518518517 0.0 0.8611111111111112 1042.3405804195638 21.971151553055833 113
0.8024691358024691 0.19753086419753085 0.0 0.7961783439490446 0.20382165605095542 0.0 0.7643312101910829 1087.3596125793654 19.13318316161539 162
0.7755102040816326 0.22448979591836735 0.0 0.7634408602150538 0.23655913978494625 0.0 0.978494623655914 1016.6931756443093 23.91426157734102 98
0.8468468468468469 0.15315315315315314 0.0 0.839622641509434 0.16037735849056603 0.0 0.8679245283018868 1059.738182355382 22.625609395095573 111
0.8055555555555556 0.1736111111111111 0.020833333333333332 0.7985611510791367 0.17985611510791366 0.02158273381294964 0.7841726618705036 1085.63930623487 21.434481848293924 144
0.7637795275590551 0.2125984251968504 0.023622047244094488 0.7540983606557377 0.22131147540983606 0.02459016393442623 0.7786885245901639 1087.3820408084825 21.164030515403415 127
0.7946428571428571 0.20535714285714285 0.0 0.794392523364486 0.205607476635514 0.0 0.9813084112149533 1070.7728922677231 22.88057540696754 112
0.7872340425531915 0.20212765957446807 0.010638297872340425 0.7752808988764045 0.21348314606741572 0.011235955056179775 1.0 981.9623017553661 23.483301744601285 94
0.8079470198675497 0.19205298013245034 0.0 0.8013698630136986 0.19863013698630136 0.0 0.8013698630136986 1085.2708668679338 20.635537290150147 151
0.7752808988764045 0.2247191011235955 0.0 0.7619047619047619 0.23809523809523808 0.0 1.0 1006.6052636911525 25.49924127098559 89
0.7868852459016393 0.20491803278688525 0.00819672131147541 0.7777777777777778 0.21367521367521367 0.008547008547008548 0.9145299145299145 1035.3208736170504 21.710761072868536 122
0.9243697478991597 0.07563025210084033 0.0 0.9298245614035088 0.07017543859649122 0.0 0.7456140350877193 1029.6168465473413 19.83780295501415 119
0.8230088495575221 0.17699115044247787 0.0 0.8148148148148148 0.18518518518518517 0.0 0.9166666666666666 1000.6369773111221 23.192177076801404 113
0.7666666666666667 0.23333333333333334 0.0 0.7565217391304347 0.24347826086956523 0.0 0.6782608695652174 1060.4207697535753 22.216627928647107 120
0.8046875 0.1953125 0.0 0.7967479674796748 0.2032520325203252 0.0 0.7723577235772358 1087.4132837429108 20.503325877580643 128
0.7563025210084033 0.2184873949579832 0.025210084033613446 0.7456140350877193 0.22807017543859648 0.02631578947368421 0.7631578947368421 972.710163757271 21.732895012510284 119
0.7421875 0.203125 0.0546875 0.7317073170731707 0.21138211382113822 0.056910569105691054 0.967479674796748 1068.0316917481289 22.098679456657997 128
0.8320610687022901 0.16030534351145037 0.007633587786259542 0.8253968253968254 0.16666666666666666 0.007936507936507936 1.0 1074.9005414454696 22.413578632963635 131
0.8796992481203008 0.12030075187969924 0.0 0.8828125 0.1171875 0.0 0.65625 1085.3170473305452 20.591395337085146 133
0.853448275862069 0.14655172413793102 0.0 0.8468468468468469 0.15315315315315314 0.0 0.8378378378378378 1087.2224490062392 22.29064830520947 116
0.8125 0.1875 0.0 0.8048780487804879 0.1951219512195122 0.0 0.8861788617886179 1083.3783639187786 21.73146327272038 128
0.8110236220472441 0.18110236220472442 0.007874015748031496 0.8032786885245902 0.1885245901639344 0.00819672131147541 0.680327868852459 1087.4556190046333 21.859593461953306 127
0.8378378378378378 0.16216216216216217 0.0 0.8301886792452831 0.16981132075471697 0.0 0.7735849056603774 1069.5571384170344 23.547268065817843 111
0.8859649122807017 0.09649122807017543 0.017543859649122806 0.8807339449541285 0.10091743119266056 0.01834862385321101 0.9174311926605505 994.7598587432428 21.046414877537913 114
0.8297872340425532 0.1702127659574468 0.0 0.8202247191011236 0.1797752808988764 0.0 0.8651685393258427 1080.9618357579973 24.44228092395097 94
0.7211538461538461 0.27884615384615385 0.0 0.7070707070707071 0.29292929292929293 0.0 1.0 1083.6254604287742 25.099655625169483 104
0.7894736842105263 0.18421052631578946 0.02631578947368421 0.7798165137614679 0.1926605504587156 0.027522935779816515 0.981651376146789 984.8385629209852 23.066199036611117 114
0.8596491228070176 0.14035087719298245 0.0 0.8532110091743119 0.14678899082568808 0.0 0.7614678899082569 1075.843784125869 22.815433717883135 114
0.9112903225806451 0.08870967741935484 0.0 0.907563025210084 0.09243697478991597 0.0 0.7058823529411765 1085.006709570403 20.74909898851567 124
0.855072463768116 0.14492753623188406 0.0 0.849624060150376 0.15037593984962405 0.0 0.8045112781954887 1085.9905780476881 21.49793025491393 138
0.7862595419847328 0.21374045801526717 0.0 0.7777777777777778 0.2222222222222222 0.0 0.8492063492063492 1050.4700072507494 21.422118280598877 131
0.6097560975609756 0.3252032520325203 0.06504065040650407 0.5932203389830508 0.3389830508474576 0.06779661016949153 0.7203389830508474 1086.7327765055743 22.254074188258546 123
0.7738095238095238 0.2261904761904762 0.0 0.759493670886076 0.24050632911392406 0.0 0.8227848101265823 1055.2992681238857 24.6499922277885 84
0.7956989247311828 0.20430107526881722 0.0 0.7954545454545454 0.20454545454545456 0.0 0.6704545454545454 1085.1317386846267 22.301616625422927 93
0.851063829787234 0.14893617021276595 0.0 0.8426966292134831 0.15730337078651685 0.0 0.9213483146067416 1062.0537979162682 22.89882131725799 94
0.7857142857142857 0.21428571428571427 0.0 0.7721518987341772 0.22784810126582278 0.0 0.8860759493670886 1044.9960206887226 24.345509816947462 84
0.8360655737704918 0.1557377049180328 0.00819672131147541 0.8290598290598291 0.1623931623931624 0.008547008547008548 0.6495726495726496 1086.3252374228373 21.443692415432103 122
0.8715596330275229 0.12844036697247707 0.0 0.8653846153846154 0.1346153846153846 0.0 0.8461538461538461 1056.4447998045268 23.165020402739724 109
0.7471264367816092 0.25287356321839083 0.0 0.7317073170731707 0.2682926829268293 0.0 0.9878048780487805 1076.5662895338637 25.501971742350765 87
0.8571428571428571 0.14285714285714285 0.0 0.8472222222222222 0.1527777777777778 0.0 0.7777777777777778 1057.2362907786944 23.6418483641554 77
0.8969072164948454 0.10309278350515463 0.0 0.8913043478260869 0.10869565217391304 0.0 0.6847826086956522 1080.1377729484177 20.797382089295517 97
0.8380952380952381 0.1619047619047619 0.0 0.83 0.17 0.0 0.93 1085.4596933431876 21.71176690825116 105
0.88 0.12 0.0 0.8833333333333333 0.11666666666666667 0.0 0.8666666666666667 1087.444135945238 21.344578486553065 125
0.8691588785046729 0.1308411214953271 0.0 0.8627450980392157 0.13725490196078433 0.0 0.9607843137254902 1071.524532977603 23.409996401827424 107
0.7368421052631579 0.22105263157894736 0.042105263157894736 0.7222222222222222 0.23333333333333334 0.044444444444444446 0.9777777777777777 1034.155370433294 23.319423394973608 95
0.85 0.15 0.0 0.8444444444444444 0.15555555555555556 0.0 0.8518518518518519 1077.3418910449639 22.52934255101164 140
0.8554216867469879 0.14457831325301204 0.0 0.8461538461538461 0.15384615384615385 0.0 0.8846153846153846 1045.170767653247 25.315289798504253 83
0.8380952380952381 0.1523809523809524 0.009523809523809525 0.84 0.15 0.01 0.86 1066.5053877162495 22.4804770761124 105
0.9186991869918699 0.08130081300813008 0.0 0.9152542372881356 0.0847457627118644 0.0 0.6949152542372882 1087.2017811351916 19.352130294492095 123
0.8392857142857143 0.16071428571428573 0.0 0.8317757009345794 0.16822429906542055 0.0 0.7663551401869159 1081.6598810725902 20.21642253531258 112
0.8 0.2 0.0 0.8 0.2 0.0 0.93 1031.0564235020538 21.976057249145295 105
0.6666666666666666 0.2647058823529412 0.06862745098039216 0.6494845360824743 0.27835051546391754 0.07216494845360824 0.7731958762886598 1049.3657068371626 22.924216186747955 102
0.7777777777777778 0.2222222222222222 0.0 0.7659574468085106 0.23404255319148937 0.0 0.776595744680851 1080.7598490735297 22.638219414016152 99
0.7593984962406015 0.23308270676691728 0.007518796992481203 0.7578125 0.234375 0.0078125 0.75 1059.4000894983963 20.758899355602107 133
0.7615894039735099 0.23178807947019867 0.006622516556291391 0.7534246575342466 0.23972602739726026 0.00684931506849315 0.7534246575342466 1087.425563488881 20.413933103739513 151
0.803921568627451 0.19607843137254902 0.0 0.7938144329896907 0.20618556701030927 0.0 0.7319587628865979 1004.9204790111525 22.51366789306992 102
0.7431192660550459 0.24770642201834864 0.009174311926605505 0.7307692307692307 0.25961538461538464 0.009615384615384616 0.8269230769230769 1057.4489107361005 23.934226793905534 109
0.8095238095238095 0.17006802721088435 0.02040816326530612 0.8098591549295775 0.16901408450704225 0.02112676056338028 0.9507042253521126 1020.6339660491067 20.916262045720952 147
0.8333333333333334 0.16666666666666666 0.0 0.8247422680412371 0.17525773195876287 0.0 1.0 1010.0721337619322 23.901797292501776 102
0.7395833333333334 0.2604166666666667 0.0 0.7252747252747253 0.27472527472527475 0.0 0.7692307692307693 1059.9081910248563 24.78339442696478 96
0.6952380952380952 0.29523809523809524 0.009523809523809525 0.68 0.31 0.01 0.82 1086.2502010698427 20.953748732538102 105
0.7063492063492064 0.2777777777777778 0.015873015873015872 0.6942148760330579 0.2892561983471074 0.01652892561983471 0.6776859504132231 1079.090882266051 20.622957229274192 126
0.8524590163934426 0.14754098360655737 0.0 0.8461538461538461 0.15384615384615385 0.0 0.8632478632478633 915.6294570642038 20.279573900499912 122
0.7801418439716312 0.2198581560283688 0.0 0.7720588235294118 0.22794117647058823 0.0 0.7573529411764706 1087.428790695623 21.56796709116132 141
0.83 0.17 0.0 0.8210526315789474 0.17894736842105263 0.0 0.9368421052631579 1071.8660261612458 25.01008455591404 100
0.6339285714285714 0.2767857142857143 0.08928571428571429 0.616822429906542 0.2897196261682243 0.09345794392523364 0.8037383177570093 1068.6370389740011 21.021157333536017 112
0.6788990825688074 0.26605504587155965 0.05504587155963303 0.6826923076923077 0.25961538461538464 0.057692307692307696 0.9326923076923077 1039.9837343211416 22.831973814302145 109
0.5876288659793815 0.26804123711340205 0.14432989690721648 0.5652173913043478 0.2826086956521739 0.15217391304347827 0.9456521739130435 1048.6547972597418 24.40860184186579 97
0.8064516129032258 0.1935483870967742 0.0 0.7954545454545454 0.20454545454545456 0.0 0.9090909090909091 1082.541303082804 24.698628846751046 93
0.8582089552238806 0.1417910447761194 0.0 0.8527131782945736 0.14728682170542637 0.0 0.8527131782945736 1081.1748104681371 20.996995607783568 134
0.8076923076923077 0.19230769230769232 0.0 0.808 0.192 0.0 0.76 1087.1648286652476 20.872198825000197 130
0.7068965517241379 0.28448275862068967 0.008620689655172414 0.6936936936936937 0.2972972972972973 0.009009009009009009 0.6486486486486487 1066.2003126783175 21.951092096646263 116
0.7676767676767676 0.23232323232323232 0.0 0.7553191489361702 0.24468085106382978 0.0 0.7021276595744681 1087.4071810011587 23.09355308683244 99
0.7731958762886598 0.2268041237113402 0.0 0.7608695652173914 0.2391304347826087 0.0 0.967391304347826 1061.6600946149356 24.1548451483044 97
0.8376068376068376 0.1623931623931624 0.0 0.8303571428571429 0.16964285714285715 0.0 0.6428571428571429 1087.416156438003 20.878022261018835 117
0.8260869565217391 0.17391304347826086 0.0 0.8181818181818182 0.18181818181818182 0.0 0.7545454545454545 1083.3326216366104 22.561504425350837 115
0.8285714285714286 0.17142857142857143 0.0 0.82 0.18 0.0 0.68 1031.7935892410503 21.648027213835075 105
0.7933884297520661 0.2066115702479339 0.0 0.7931034482758621 0.20689655172413793 0.0 0.9741379310344828 1077.4751136502036 23.219619232375855 121
0.7961165048543689 0.1941747572815534 0.009708737864077669 0.7959183673469388 0.19387755102040816 0.01020408163265306 0.7040816326530612 1081.2142977675521 21.19480278429641 103
0.7758620689655172 0.21551724137931033 0.008620689655172414 0.7657657657657657 0.22522522522522523 0.009009009009009009 0.8198198198198198 1077.9604816824187 23.223553114023705 116
0.5763888888888888 0.3819444444444444 0.041666666666666664 0.5611510791366906 0.39568345323741005 0.04316546762589928 1.0 1053.9884618973385 21.459283681278848 144
0.8629032258064516 0.13709677419354838 0.0 0.8571428571428571 0.14285714285714285 0.0 0.7058823529411765 1086.890678041772 21.509669021534826 124
0.7040816326530612 0.2857142857142857 0.01020408163265306 0.6881720430107527 0.3010752688172043 0.010752688172043012 0.8064516129032258 1037.032690941237 24.20635834342084 98
0.8043478260869565 0.1956521739130435 0.0 0.7931034482758621 0.20689655172413793 0.0 0.7931034482758621 1086.4174383680474 22.53323572136027 92
0.8740740740740741 0.1259259259259259 0.0 0.8692307692307693 0.13076923076923078 0.0 0.823076923076923 1078.7254252737591 20.720528200431346 135
0.7903225806451613 0.20967741935483872 0.0 0.7719298245614035 0.22807017543859648 0.0 0.8596491228070176 1079.7279813902248 26.91717827375773 62
0.8315789473684211 0.16842105263157894 0.0 0.8222222222222222 0.17777777777777778 0.0 0.9222222222222223 1086.6065382240058 24.10767476717687 95
0.8 0.18333333333333332 0.016666666666666666 0.7913043478260869 0.19130434782608696 0.017391304347826087 0.8 1067.3065959105866 21.458340143025634 120
0.7931034482758621 0.20689655172413793 0.0 0.7857142857142857 0.21428571428571427 0.0 0.9071428571428571 1085.7997515296868 22.007797336755146 145
0.819047619047619 0.17142857142857143 0.009523809523809525 0.81 0.18 0.01 0.86 1048.557359950161 21.830736714140333 105
0.7964601769911505 0.19469026548672566 0.008849557522123894 0.7870370370370371 0.2037037037037037 0.009259259259259259 0.9259259259259259 1076.178495143493 22.906828018469383 113
0.7757009345794392 0.21495327102803738 0.009345794392523364 0.7647058823529411 0.22549019607843138 0.00980392156862745 0.7352941176470589 1056.0356555840744 21.98620067975039 107
0.8653846153846154 0.1346153846153846 0.0 0.8585858585858586 0.1414141414141414 0.0 0.7272727272727273 1086.8068847767097 21.0834746971954 104
0.7923076923076923 0.2076923076923077 0.0 0.784 0.216 0.0 0.952 1027.9388439942013 21.94448003413115 130
0.776595744680851 0.22340425531914893 0.0 0.7640449438202247 0.23595505617977527 0.0 0.8202247191011236 1066.46344185557 23.61815095605583 94
0.8306451612903226 0.16129032258064516 0.008064516129032258 0.8235294117647058 0.16806722689075632 0.008403361344537815 1.0 1017.5028657120886 22.60280237442095 124
0.7093023255813954 0.26744186046511625 0.023255813953488372 0.7037037037037037 0.2716049382716049 0.024691358024691357 0.7901234567901234 1012.4131107411407 26.4578296519493 86
0.7714285714285715 0.22857142857142856 0.0 0.76 0.24 0.0 0.86 999.0220954720866 24.05724739267326 105
0.7966101694915254 0.2033898305084746 0.0 0.7876106194690266 0.21238938053097345 0.0 0.8672566371681416 1086.2051086888132 23.024543712755207 118
0.8733333333333333 0.12666666666666668 0.0 0.8689655172413793 0.1310344827586207 0.0 0.8137931034482758 1081.8369844085664 20.689280503632343 150
0.811965811965812 0.18803418803418803 0.0 0.8035714285714286 0.19642857142857142 0.0 0.6785714285714286 1087.2991342510843 21.291623976831 117
0.8421052631578947 0.15789473684210525 0.0 0.8333333333333334 0.16666666666666666 0.0 0.7333333333333333 1079.9114951050215 22.09348276804745 95
0.8592592592592593 0.14074074074074075 0.0 0.8538461538461538 0.14615384615384616 0.0 0.823076923076923 1046.4679988465318 20.903224170083654 135
0.8333333333333334 0.16666666666666666 0.0 0.8241758241758241 0.17582417582417584 0.0 0.6923076923076923 1068.8673555850708 25.25036974680276 96
0.831081081081081 0.16891891891891891 0.0 0.8251748251748252 0.17482517482517482 0.0 0.8461538461538461 1087.4758184083528 20.42676885194779 148
0.839622641509434 0.1509433962264151 0.009433962264150943 0.8316831683168316 0.15841584158415842 0.009900990099009901 0.8118811881188119 1065.5485661965272 23.59846340837141 106
0.743801652892562 0.23140495867768596 0.024793388429752067 0.7327586206896551 0.2413793103448276 0.02586206896551724 0.7844827586206896 1077.0909273022096 21.65763902990864 121
0.847457627118644 0.15254237288135594 0.0 0.8407079646017699 0.1592920353982301 0.0 0.9292035398230089 1083.3766552522648 23.3312661679502 118
0.8103448275862069 0.1896551724137931 0.0 0.8108108108108109 0.1891891891891892 0.0 0.8198198198198198 1074.5637326384558 21.338332511590526 116
0.765625 0.234375 0.0 0.7560975609756098 0.24390243902439024 0.0 0.983739837398374 1072.1554167786726 22.917819857789766 128
0.8571428571428571 0.14285714285714285 0.0 0.85 0.15 0.0 0.83 1070.010461579678 23.798460797703758 105
0.8095238095238095 0.19047619047619047 0.0 0.8 0.2 0.0 0.75 1057.2599761720905 22.805722445689383 105
0.8289473684210527 0.17105263157894737 0.0 0.8231292517006803 0.17687074829931973 0.0 0.782312925170068 1065.8790170325021 20.71804501571893 152
0.8175182481751825 0.18248175182481752 0.0 0.8106060606060606 0.1893939393939394 0.0 0.6060606060606061 1041.2854508700912 20.30180214337892 137
0.7596899224806202 0.24031007751937986 0.0 0.7580645161290323 0.24193548387096775 0.0 0.7258064516129032 1078.8161834804175 20.52005997838967 129
0.7919463087248322 0.2080536912751678 0.0 0.7916666666666666 0.20833333333333334 0.0 0.8125 1046.23309273245 20.25901004263224 149
0.868421052631579 0.13157894736842105 0.0 0.8623853211009175 0.13761467889908258 0.0 0.7247706422018348 1073.6100834304125 22.174191513893184 114
0.8367346938775511 0.15306122448979592 0.01020408163265306 0.8279569892473119 0.16129032258064516 0.010752688172043012 0.7204301075268817 1087.228996591394 21.194752154560575 98
0.7049180327868853 0.23770491803278687 0.05737704918032787 0.6923076923076923 0.24786324786324787 0.05982905982905983 0.6581196581196581 1080.2753030627105 22.5349120747561 122
0.8466666666666667 0.15333333333333332 0.0 0.8413793103448276 0.15862068965517243 0.0 0.8482758620689655 1016.7198152025569 21.262017002738716 150
0.8151260504201681 0.17647058823529413 0.008403361344537815 0.8070175438596491 0.18421052631578946 0.008771929824561403 0.8245614035087719 1073.6887162247835 22.54889967731803 119
0.853448275862069 0.14655172413793102 0.0 0.8468468468468469 0.15315315315315314 0.0 0.8648648648648649 1055.544412325016 22.302708932337303 116
0.8135593220338984 0.1864406779661017 0.0 0.8053097345132744 0.19469026548672566 0.0 0.911504424778761 996.090729696692 21.50145761324945 118
0.9076923076923077 0.09230769230769231 0.0 0.9 0.1 0.0 0.65 1060.3571740244188 22.859864502764392 65
0.8135593220338984 0.1864406779661017 0.0 0.8053097345132744 0.19469026548672566 0.0 0.8849557522123894 1083.6157521150399 20.854940227751197 118
0.8333333333333334 0.16666666666666666 0.0 0.8256880733944955 0.1743119266055046 0.0 0.8073394495412844 1075.7925437214717 24.64033162370221 114
0.8285714285714286 0.1523809523809524 0.01904761904761905 0.82 0.16 0.02 1.0 1057.8928747380203 24.72517122690739 105
0.875968992248062 0.12403100775193798 0.0 0.8709677419354839 0.12903225806451613 0.0 0.8306451612903226 1086.0189050392353 21.509321585215908 129
0.7763975155279503 0.21739130434782608 0.006211180124223602 0.7692307692307693 0.22435897435897437 0.00641025641025641 0.7692307692307693 1085.1719402914782 20.744778947733593 161
0.6555555555555556 0.3 0.044444444444444446 0.6352941176470588 0.3176470588235294 0.047058823529411764 0.7411764705882353 1054.584291915561 22.295009279948346 90
0.84375 0.15625 0.0 0.8351648351648352 0.16483516483516483 0.0 0.7472527472527473 1086.1643666328 21.29205168715391 96
0.8 0.2 0.0 0.79 0.21 0.0 0.67 1087.4208597040085 20.894274449132805 105
0.6626506024096386 0.27710843373493976 0.060240963855421686 0.6410256410256411 0.2948717948717949 0.0641025641025641 0.9871794871794872 1045.2891792191638 27.621663473127743 83
0.803921568627451 0.19607843137254902 0.0 0.7938144329896907 0.20618556701030927 0.0 0.9072164948453608 1077.5258987952457 22.8372777844903 102
0.8189655172413793 0.1810344827586207 0.0 0.8108108108108109 0.1891891891891892 0.0 1.0 1025.0277911053058 24.044776135433874 116
0.7764705882352941 0.2235294117647059 0.0 0.7625 0.2375 0.0 0.825 1073.1957947978678 23.090517018179707 85
0.7551020408163265 0.23469387755102042 0.01020408163265306 0.7419354838709677 0.24731182795698925 0.010752688172043012 0.6881720430107527 1066.0546996102 21.849743771030358 98
0.8347826086956521 0.1565217391304348 0.008695652173913044 0.8272727272727273 0.16363636363636364 0.00909090909090909 0.8272727272727273 1083.731913888328 22.418087191244048 115
0.8 0.2 0.0 0.7909090909090909 0.20909090909090908 0.0 0.7363636363636363 1087.3680340512872 21.83801073247601 115
0.7272727272727273 0.25757575757575757 0.015151515151515152 0.7213114754098361 0.26229508196721313 0.01639344262295082 0.6885245901639344 1030.2196381811586 25.274928705221015 66
0.7209302325581395 0.2248062015503876 0.05426356589147287 0.7096774193548387 0.23387096774193547 0.056451612903225805 0.9274193548387096 1028.8035983823067 22.193212057008974 129
0.7459016393442623 0.2540983606557377 0.0 0.7350427350427351 0.26495726495726496 0.0 0.8888888888888888 1016.813953666533 21.700830452911866 122
0.8367346938775511 0.16326530612244897 0.0 0.8279569892473119 0.17204301075268819 0.0 0.6129032258064516 1056.9779426523808 21.961050635592425 98
0.8611111111111112 0.1388888888888889 0.0 0.8543689320388349 0.14563106796116504 0.0 0.6407766990291263 1024.7852003705254 23.47564089992684 108
0.8181818181818182 0.18181818181818182 0.0 0.8103448275862069 0.1896551724137931 0.0 0.9568965517241379 1083.227668292738 22.306911470494846 121
0.6 0.3130434782608696 0.08695652173913043 0.5818181818181818 0.32727272727272727 0.09090909090909091 0.8909090909090909 1051.8968830684153 22.78180628992191 115
0.7971014492753623 0.2028985507246377 0.0 0.78125 0.21875 0.0 0.9375 973.7256947358638 23.714478760347124 69
0.7593984962406015 0.24060150375939848 0.0 0.75 0.25 0.0 0.75 1087.2799493692783 21.63171923006455 133
0.7755102040816326 0.22448979591836735 0.0 0.7741935483870968 0.22580645161290322 0.0 0.7311827956989247 1072.254532784125 21.770880386431397 98
0.7634408602150538 0.23655913978494625 0.0 0.75 0.25 0.0 0.9204545454545454 1060.7809918675384 22.854346119151696 93
0.6597938144329897 0.28865979381443296 0.05154639175257732 0.6413043478260869 0.30434782608695654 0.05434782608695652 0.7065217391304348 1087.304565473181 22.2646408195933 97
0.8131868131868132 0.18681318681318682 0.0 0.8023255813953488 0.19767441860465115 0.0 0.8837209302325582 1084.8913420190565 23.889761826727987 91
0.8434782608695652 0.1565217391304348 0.0 0.8363636363636363 0.16363636363636364 0.0 0.7090909090909091 1082.793855988282 20.411706313640423 115
0.6272727272727273 0.22727272727272727 0.14545454545454545 0.6095238095238096 0.23809523809523808 0.1523809523809524 0.8857142857142857 1073.5821836313598 23.451680106925096 110
0.8571428571428571 0.13392857142857142 0.008928571428571428 0.8504672897196262 0.14018691588785046 0.009345794392523364 0.8317757009345794 1069.7030441660468 23.168577213349682 112
0.76 0.216 0.024 0.75 0.225 0.025 0.925 1018.4800560515845 22.927344097567296 125
0.8211920529801324 0.17880794701986755 0.0 0.815068493150685 0.18493150684931506 0.0 0.6712328767123288 1087.3135405728883 19.552350870127047 151
0.7575757575757576 0.24242424242424243 0.0 0.7446808510638298 0.2553191489361702 0.0 0.7127659574468085 1080.7048677465982 21.504515740183358 99
0.7857142857142857 0.21428571428571427 0.0 0.7741935483870968 0.22580645161290322 0.0 0.8709677419354839 1015.7667038244315 23.046516180349755 98
0.8333333333333334 0.16666666666666666 0.0 0.8256880733944955 0.1743119266055046 0.0 0.981651376146789 1081.2002714637892 23.18121219515798 114
0.48412698412698413 0.373015873015873 0.14285714285714285 0.4628099173553719 0.3884297520661157 0.1487603305785124 0.7933884297520661 1018.153312360605 20.9013374409965 126
0.7971014492753623 0.18115942028985507 0.021739130434782608 0.7969924812030075 0.18045112781954886 0.022556390977443608 0.849624060150376 1037.9450174316887 22.547315329801965 138
0.8165137614678899 0.1834862385321101 0.0 0.8076923076923077 0.19230769230769232 0.0 0.6442307692307693 1087.1940729075316 21.322403053570884 109
0.7789473684210526 0.2 0.021052631578947368 0.7666666666666667 0.2111111111111111 0.022222222222222223 0.8555555555555555 1039.3630446468383 23.42007584437168 95
0.7560975609756098 0.23170731707317074 0.012195121951219513 0.7402597402597403 0.24675324675324675 0.012987012987012988 0.7792207792207793 1008.9795127265548 22.849307204759278 82
0.8245614035087719 0.17543859649122806 0.0 0.8165137614678899 0.1834862385321101 0.0 0.6972477064220184 1087.3481510871168 20.530142963706503 114
0.7941176470588235 0.20588235294117646 0.0 0.7835051546391752 0.21649484536082475 0.0 0.979381443298969 1046.1195047726249 23.273379634857815 102
0.7653061224489796 0.22448979591836735 0.01020408163265306 0.7526881720430108 0.23655913978494625 0.010752688172043012 0.9032258064516129 1059.6527478966239 23.703929949549877 98
0.8272727272727273 0.17272727272727273 0.0 0.819047619047619 0.18095238095238095 0.0 0.7714285714285715 1077.3739350682897 22.13681019332015 110
0.8440366972477065 0.1559633027522936 0.0 0.8557692307692307 0.14423076923076922 0.0 0.7596153846153846 1059.9588809026818 21.781834804170582 109
0.7547169811320755 0.2169811320754717 0.02830188679245283 0.7425742574257426 0.22772277227722773 0.0297029702970297 1.0 1069.108541766516 22.72585371963979 106
0.8153846153846154 0.17692307692307693 0.007692307692307693 0.808 0.184 0.008 0.888 1077.2988077626337 21.746331679161976 130
0.7682926829268293 0.23170731707317074 0.0 0.7532467532467533 0.24675324675324675 0.0 0.8961038961038961 1028.6606104978143 24.77865965251839 82
0.8170731707317073 0.18292682926829268 0.0 0.8051948051948052 0.19480519480519481 0.0 0.8831168831168831 1082.2426175804399 23.4810502852909 82
0.7746478873239436 0.22535211267605634 0.0 0.7664233576642335 0.23357664233576642 0.0 0.7445255474452555 1078.5006815079998 22.528918904609316 142
0.7714285714285715 0.2 0.02857142857142857 0.76 0.21 0.03 0.77 1073.560571529649 22.98412494011544 105
0.8666666666666667 0.13333333333333333 0.0 0.8588235294117647 0.1411764705882353 0.0 1.0 967.9710511519233 24.134241708198033 90
0.8272727272727273 0.17272727272727273 0.0 0.8285714285714286 0.17142857142857143 0.0 0.780952380952381 1049.4216388065963 23.189727204572776 110
0.7872340425531915 0.2127659574468085 0.0 0.7752808988764045 0.2247191011235955 0.0 0.7752808988764045 1074.7480208870559 22.66208038455353 94
0.9069767441860465 0.09302325581395349 0.0 0.9032258064516129 0.0967741935483871 0.0 0.6451612903225806 1087.3916540887035 21.171070811110187 129
0.8571428571428571 0.14285714285714285 0.0 0.8494623655913979 0.15053763440860216 0.0 0.7311827956989247 991.701026239499 22.61816161805292 98
0.83 0.16 0.01 0.8210526315789474 0.16842105263157894 0.010526315789473684 0.7894736842105263 1050.0136764768708 23.754059700461085 100
0.7474747474747475 0.25252525252525254 0.0 0.7446808510638298 0.2553191489361702 0.0 0.8723404255319149 1064.78174439392 24.64112387921902 99
0.7108433734939759 0.2289156626506024 0.060240963855421686 0.6923076923076923 0.24358974358974358 0.0641025641025641 1.0 1027.720882741881 26.007773546080927 83
0.648936170212766 0.32978723404255317 0.02127659574468085 0.6292134831460674 0.34831460674157305 0.02247191011235955 0.9775280898876404 928.5328022305583 22.553413921729085 94
0.8110236220472441 0.1889763779527559 0.0 0.8032786885245902 0.19672131147540983 0.0 0.7377049180327869 1087.3372268398991 21.73879321127779 127
0.7575757575757576 0.24242424242424243 0.0 0.7553191489361702 0.24468085106382978 0.0 0.8085106382978723 1065.291668426396 23.324938814890377 99
0.8166666666666667 0.18333333333333332 0.0 0.808695652173913 0.19130434782608696 0.0 0.7130434782608696 1072.6016257601805 22.53544556144118 120
0.8366013071895425 0.1568627450980392 0.006535947712418301 0.831081081081081 0.16216216216216217 0.006756756756756757 0.7567567567567568 1079.9870889877393 21.989522908349247 153
0.7758620689655172 0.22413793103448276 0.0 0.7747747747747747 0.22522522522522523 0.0 0.7837837837837838 1087.1584971758346 23.670003384939157 116
0.8211920529801324 0.17880794701986755 0.0 0.821917808219178 0.1780821917808219 0.0 0.7876712328767124 1036.3664234625237 20.20554062113716 151
0.81 0.19 0.0 0.8 0.2 0.0 0.8 1015.6611623023196 21.287351152442707 100
0.8712871287128713 0.12871287128712872 0.0 0.8645833333333334 0.13541666666666666 0.0 0.90625 1029.9281381193448 23.313251837657155 101
0.8229166666666666 0.16666666666666666 0.010416666666666666 0.8131868131868132 0.17582417582417584 0.01098901098901099 0.9010989010989011 1068.1767518843096 21.38250481216605 96
0.7345132743362832 0.26548672566371684 0.0 0.7222222222222222 0.2777777777777778 0.0 0.8055555555555556 1087.03736339505 22.657698519100574 113
0.8596491228070176 0.14035087719298245 0.0 0.8532110091743119 0.14678899082568808 0.0 0.7614678899082569 1081.9352035200645 19.883640216838316 114
0.8045112781954887 0.19548872180451127 0.0 0.796875 0.203125 0.0 0.7578125 1061.5691040746801 21.549667113260153 133
0.7551020408163265 0.23469387755102042 0.01020408163265306 0.7419354838709677 0.24731182795698925 0.010752688172043012 0.7204301075268817 1057.9314960228212 24.56030609963755 98
0.722972972972973 0.25 0.02702702702702703 0.7202797202797203 0.2517482517482518 0.027972027972027972 0.7622377622377622 1059.9271650163696 20.706990218400048 148
0.8115942028985508 0.18840579710144928 0.0 0.796875 0.203125 0.0 0.984375 1024.8236391922337 25.36900365078931 69
0.7452830188679245 0.25471698113207547 0.0 0.7326732673267327 0.26732673267326734 0.0 0.7128712871287128 1086.3894085346974 22.010505576493863 106
0.8688524590163934 0.13114754098360656 0.0 0.8632478632478633 0.13675213675213677 0.0 0.7521367521367521 1045.89373297766 21.347711420790638 122
0.853448275862069 0.14655172413793102 0.0 0.8468468468468469 0.15315315315315314 0.0 0.7837837837837838 1073.552578111335 20.748630986750147 116
0.7904761904761904 0.20952380952380953 0.0 0.78 0.22 0.0 0.84 1085.0781736892334 24.03769985915503 105
0.8414634146341463 0.15853658536585366 0.0 0.8441558441558441 0.15584415584415584 0.0 0.6623376623376623 1083.754038860587 24.346960436800526 82
0.75 0.25 0.0 0.7483443708609272 0.25165562913907286 0.0 0.6754966887417219 1087.1195850831375 21.360143664801683 156
0.7450980392156863 0.21568627450980393 0.0392156862745098 0.7319587628865979 0.2268041237113402 0.041237113402061855 0.9072164948453608 974.3065077105737 23.071200488554584 102
0.7289719626168224 0.2616822429906542 0.009345794392523364 0.7156862745098039 0.27450980392156865 0.00980392156862745 0.9705882352941176 1070.1203590005327 24.683578939424603 107
0.7745098039215687 0.22549019607843138 0.0 0.7628865979381443 0.23711340206185566 0.0 0.7938144329896907 989.1094099719387 23.18122596196038 102
0.8558558558558559 0.14414414414414414 0.0 0.8490566037735849 0.1509433962264151 0.0 0.7735849056603774 1086.959851717878 20.71771210242474 111
0.7933333333333333 0.20666666666666667 0.0 0.7862068965517242 0.21379310344827587 0.0 0.8 1063.218651408282 20.34391163430274 150
0.7303370786516854 0.25842696629213485 0.011235955056179775 0.7142857142857143 0.27380952380952384 0.011904761904761904 0.7261904761904762 1038.7819973793428 23.47469446991103 89
0.8476190476190476 0.1523809523809524 0.0 0.84 0.16 0.0 0.84 1047.1672508858064 21.062265610080786 105
0.8541666666666666 0.13541666666666666 0.010416666666666666 0.8461538461538461 0.14285714285714285 0.01098901098901099 0.7032967032967034 1079.262687366206 21.278755772250026 96
0.9361702127659575 0.06382978723404255 0.0 0.9338235294117647 0.0661764705882353 0.0 0.8602941176470589 1072.840866882725 21.21971610011849 141
0.797979797979798 0.20202020202020202 0.0 0.7872340425531915 0.2127659574468085 0.0 0.9680851063829787 1059.0052495606194 22.493239337943983 99
0.7698412698412699 0.2222222222222222 0.007936507936507936 0.7603305785123967 0.23140495867768596 0.008264462809917356 0.7520661157024794 1046.0806272082589 22.68526328249113 126
0.8090909090909091 0.19090909090909092 0.0 0.8 0.2 0.0 0.8095238095238095 1067.4140928618333 23.463343463067538 110
0.8608695652173913 0.1391304347826087 0.0 0.8545454545454545 0.14545454545454545 0.0 0.8545454545454545 1043.7841891906778 21.178768012790655 115
0.8666666666666667 0.13333333333333333 0.0 0.86 0.14 0.0 0.9 1065.7119481935779 22.274923130185407 105
0.8073394495412844 0.1743119266055046 0.01834862385321101 0.7980769230769231 0.18269230769230768 0.019230769230769232 0.8365384615384616 1039.5335051479665 23.52208959567975 109
0.7473684210526316 0.25263157894736843 0.0 0.7333333333333333 0.26666666666666666 0.0 0.9222222222222223 1063.9935886108633 22.17901072229649 95
0.7884615384615384 0.21153846153846154 0.0 0.7777777777777778 0.2222222222222222 0.0 0.7878787878787878 992.8431934745818 23.05935720905205 104
0.7009345794392523 0.2897196261682243 0.009345794392523364 0.6862745098039216 0.30392156862745096 0.00980392156862745 0.9215686274509803 999.338668233199 21.28851824018704 107
0.8095238095238095 0.19047619047619047 0.0 0.8 0.2 0.0 0.96 1059.1677135549278 22.850644495854365 105
0.8125 0.1875 0.0 0.8037383177570093 0.19626168224299065 0.0 0.7570093457943925 1070.383529722867 19.987846600406474 112
0.821917808219178 0.1780821917808219 0.0 0.8088235294117647 0.19117647058823528 0.0 0.7794117647058824 1079.1913456096984 25.227939233442836 73
0.7614678899082569 0.23853211009174313 0.0 0.75 0.25 0.0 0.75 1043.99333440167 23.205873941350024 109
0.8943089430894309 0.10569105691056911 0.0 0.8898305084745762 0.11016949152542373 0.0 0.6949152542372882 1087.251260045501 20.335911242249438 123
0.8217821782178217 0.1782178217821782 0.0 0.8125 0.1875 0.0 0.78125 1067.5340966486926 22.326318332488007 101
0.7972027972027972 0.20279720279720279 0.0 0.7971014492753623 0.2028985507246377 0.0 0.8478260869565217 1056.4010495099421 19.86194170909828 143
0.875 0.125 0.0 0.8666666666666667 0.13333333333333333 0.0 0.7866666666666666 1062.795963591715 22.890975593249898 80
0.7817258883248731 0.18781725888324874 0.030456852791878174 0.7760416666666666 0.19270833333333334 0.03125 0.7239583333333334 1049.1030772746258 19.529070183857 197
0.8504672897196262 0.14953271028037382 0.0 0.8431372549019608 0.1568627450980392 0.0 0.8627450980392157 1071.5247593306613 21.964722143964423 107
0.890625 0.109375 0.0 0.8861788617886179 0.11382113821138211 0.0 0.8211382113821138 1018.5681963131403 21.763320896118397 128
0.7669902912621359 0.22330097087378642 0.009708737864077669 0.7551020408163265 0.23469387755102042 0.01020408163265306 0.9489795918367347 1045.4324090923153 23.17211552989662 103
0.8842105263157894 0.10526315789473684 0.010526315789473684 0.8777777777777778 0.1111111111111111 0.011111111111111112 0.8 1077.644509938097 23.330709129038777 95
0.7857142857142857 0.21428571428571427 0.0 0.7850467289719626 0.21495327102803738 0.0 0.8878504672897196 1046.3452748193504 21.689847782270665 112
0.8503937007874016 0.14960629921259844 0.0 0.8442622950819673 0.1557377049180328 0.0 0.8524590163934426 1067.8858635451386 21.904397746020567 127
0.8043478260869565 0.1956521739130435 0.0 0.7931034482758621 0.20689655172413793 0.0 0.8850574712643678 1009.3139427460244 23.11522387555875 92
0.863013698630137 0.136986301369863 0.0 0.8581560283687943 0.14184397163120568 0.0 0.7588652482269503 1054.2871375464888 20.811330430004837 146
0.8737864077669902 0.1262135922330097 0.0 0.8673469387755102 0.1326530612244898 0.0 0.7346938775510204 1051.8797436125917 21.173641620679994 103
0.832 0.168 0.0 0.825 0.175 0.0 0.7916666666666666 1086.1856466569886 22.45585646115007 125
0.839622641509434 0.16037735849056603 0.0 0.8316831683168316 0.16831683168316833 0.0 0.9603960396039604 1076.1471166921358 22.83162372075218 106
0.7971014492753623 0.2028985507246377 0.0 0.7894736842105263 0.21052631578947367 0.0 0.7443609022556391 1076.5353784865695 21.8720009382015 138
0.7837837837837838 0.20270270270270271 0.013513513513513514 0.7681159420289855 0.21739130434782608 0.014492753623188406 0.9710144927536232 972.9222369759015 26.141130804589682 74
0.773972602739726 0.22602739726027396 0.0 0.7659574468085106 0.23404255319148937 0.0 0.6737588652482269 1087.362036055408 19.53087024262628 146
0.8409090909090909 0.13636363636363635 0.022727272727272728 0.8313253012048193 0.14457831325301204 0.024096385542168676 0.963855421686747 972.6782310843697 23.63662518773549 88
0.8013698630136986 0.1917808219178082 0.00684931506849315 0.7943262411347518 0.19858156028368795 0.0070921985815602835 0.7943262411347518 1073.5015164877827 20.520989669961878 146
0.8360655737704918 0.16393442622950818 0.0 0.8290598290598291 0.17094017094017094 0.0 0.8547008547008547 1022.6944079509117 21.812384501883326 122
0.813953488372093 0.1744186046511628 0.011627906976744186 0.8024691358024691 0.18518518518518517 0.012345679012345678 0.9382716049382716 1046.8401551625361 24.32299144721754 86
0.75 0.2403846153846154 0.009615384615384616 0.7474747474747475 0.24242424242424243 0.010101010101010102 0.696969696969697 1084.6374909993121 24.22139090256152 104
0.8305084745762712 0.1694915254237288 0.0 0.8230088495575221 0.17699115044247787 0.0 0.8938053097345132 1085.8783451413483 21.78110696511493 118
0.8442622950819673 0.1557377049180328 0.0 0.8376068376068376 0.1623931623931624 0.0 0.9487179487179487 1079.8848862600478 21.63488135830599 122
0.7850467289719626 0.205607476635514 0.009345794392523364 0.7745098039215687 0.21568627450980393 0.00980392156862745 0.6764705882352942 1086.8772143789793 22.29828330213239 107
0.7264957264957265 0.21367521367521367 0.05982905982905983 0.7142857142857143 0.22321428571428573 0.0625 0.7857142857142857 1053.1994183208549 23.13836477540394 117
0.9215686274509803 0.0784313725490196 0.0 0.9175257731958762 0.08247422680412371 0.0 0.6494845360824743 1024.6378582387501 21.480770620190054 102
0.7692307692307693 0.2230769230769231 0.007692307692307693 0.76 0.232 0.008 0.728 1086.0219023987415 21.612903800956158 130
0.8314606741573034 0.16853932584269662 0.0 0.8214285714285714 0.17857142857142858 0.0 0.7738095238095238 1083.7752743707886 22.15442989179231 89
0.8230088495575221 0.17699115044247787 0.0 0.8148148148148148 0.18518518518518517 0.0 0.7314814814814815 1066.4442829041611 23.162433501019894 113
0.7478260869565218 0.20869565217391303 0.043478260869565216 0.7545454545454545 0.21818181818181817 0.02727272727272727 1.0 1055.8588907547 22.844279929173762 115
0.6990291262135923 0.24271844660194175 0.05825242718446602 0.6836734693877551 0.25510204081632654 0.061224489795918366 0.9591836734693877 1087.0192888734384 23.16851090132799 103
0.7884615384615384 0.21153846153846154 0.0 0.7878787878787878 0.21212121212121213 0.0 0.7777777777777778 1087.1425075319496 23.741008125961464 104
0.6637168141592921 0.2831858407079646 0.05309734513274336 0.6481481481481481 0.2962962962962963 0.05555555555555555 1.0 1068.566176467542 21.632870904537015 113
0.7928571428571428 0.20714285714285716 0.0 0.7925925925925926 0.2074074074074074 0.0 0.7185185185185186 1087.4912381168572 21.503862441869202 140
0.8152173913043478 0.17391304347826086 0.010869565217391304 0.8045977011494253 0.1839080459770115 0.011494252873563218 0.896551724137931 1078.340283571397 24.96183221017386 92
0.8110236220472441 0.18110236220472442 0.007874015748031496 0.8032786885245902 0.1885245901639344 0.00819672131147541 0.860655737704918 1060.8052654913142 22.007918367251612 127
0.8292682926829268 0.16260162601626016 0.008130081300813009 0.8305084745762712 0.16101694915254236 0.00847457627118644 0.9745762711864406 1047.7496689529335 22.619219474299637 123
0.8157894736842105 0.16666666666666666 0.017543859649122806 0.8073394495412844 0.1743119266055046 0.01834862385321101 0.8073394495412844 1086.1054586845326 20.159334465210343 114
0.7927927927927928 0.2072072072072072 0.0 0.7924528301886793 0.20754716981132076 0.0 0.7641509433962265 1087.361674368076 22.664414357724734 111
0.8823529411764706 0.11764705882352941 0.0 0.8762886597938144 0.12371134020618557 0.0 0.7010309278350515 1086.8566413882734 22.16558701525263 102
0.8833333333333333 0.10833333333333334 0.008333333333333333 0.8782608695652174 0.11304347826086956 0.008695652173913044 0.7217391304347827 1043.2697372507757 21.028138244054098 120
0.7610062893081762 0.2389937106918239 0.0 0.7597402597402597 0.24025974025974026 0.0 0.7077922077922078 1087.1279097980862 19.927426323643434 159
0.865979381443299 0.13402061855670103 0.0 0.8586956521739131 0.14130434782608695 0.0 0.8804347826086957 1064.1380991532944 25.053312785342577 97
0.831858407079646 0.168141592920354 0.0 0.8240740740740741 0.17592592592592593 0.0 0.7592592592592593 1068.0430301849876 21.586701680297935 113
0.8095238095238095 0.19047619047619047 0.0 0.8 0.2 0.0 1.0 1065.5790369563624 23.578143260997102 105
0.8015267175572519 0.1984732824427481 0.0 0.8015873015873016 0.1984126984126984 0.0 0.7857142857142857 1025.5881178858576 20.221407610616254 131
0.704 0.272 0.024 0.6916666666666667 0.2833333333333333 0.025 0.875 1037.4987491730383 21.3500294566335 125
0.7844827586206896 0.21551724137931033 0.0 0.7747747747747747 0.22522522522522523 0.0 0.8468468468468469 1041.528027130629 22.102571047324002 116
0.8888888888888888 0.1111111111111111 0.0 0.8829787234042553 0.11702127659574468 0.0 0.723404255319149 1079.9209684499808 21.136507806750426 99
0.8082191780821918 0.1917808219178082 0.0 0.7941176470588235 0.20588235294117646 0.0 0.8970588235294118 1035.2056279521437 25.12012808310855 73
0.8045112781954887 0.18796992481203006 0.007518796992481203 0.796875 0.1953125 0.0078125 0.609375 1080.5092184628322 21.352872679759145 133
0.8365384615384616 0.16346153846153846 0.0 0.8282828282828283 0.1717171717171717 0.0 0.797979797979798 1029.8173722786062 23.37088375734787 104
0.8582089552238806 0.1417910447761194 0.0 0.8527131782945736 0.14728682170542637 0.0 0.7209302325581395 1073.571790245335 21.59376442211681 134
0.759493670886076 0.24050632911392406 0.0 0.7432432432432432 0.25675675675675674 0.0 0.7972972972972973 1019.5269989467597 25.322025417084365 79
0.7795275590551181 0.2047244094488189 0.015748031496062992 0.7704918032786885 0.21311475409836064 0.01639344262295082 0.8114754098360656 1083.4077764944434 22.934136221758376 127
0.6153846153846154 0.3333333333333333 0.05128205128205128 0.5982142857142857 0.3482142857142857 0.05357142857142857 0.8035714285714286 1031.6579001691068 22.88478401543422 117
0.6176470588235294 0.27450980392156865 0.10784313725490197 0.5979381443298969 0.28865979381443296 0.1134020618556701 0.865979381443299 1010.3015159673736 22.18979458906335 102
0.8099173553719008 0.19008264462809918 0.0 0.8017241379310345 0.19827586206896552 0.0 0.6982758620689655 1087.3991209087972 21.92380554908924 121
0.8448275862068966 0.15517241379310345 0.0 0.8378378378378378 0.16216216216216217 0.0 0.7567567567567568 1048.4154015360216 20.57199254310806 116
0.8482142857142857 0.15178571428571427 0.0 0.8504672897196262 0.14953271028037382 0.0 0.7757009345794392 1064.542773028188 20.61218451338292 112
0.8604651162790697 0.13953488372093023 0.0 0.8518518518518519 0.14814814814814814 0.0 0.9012345679012346 948.0759563987888 22.753061041465724 86
0.74375 0.2375 0.01875 0.7354838709677419 0.24516129032258063 0.01935483870967742 0.7354838709677419 1087.3647363394896 20.059440429628868 160
0.8648648648648649 0.13513513513513514 0.0 0.8584905660377359 0.14150943396226415 0.0 0.7075471698113207 1028.9775555174188 22.50254122983912 111
0.6753246753246753 0.3246753246753247 0.0 0.6527777777777778 0.3472222222222222 0.0 0.8611111111111112 1041.6181644415656 22.045184283128815 77
0.75 0.25 0.0 0.7469879518072289 0.25301204819277107 0.0 0.8192771084337349 1042.1581124635943 22.1230417558836 88
0.8333333333333334 0.16666666666666666 0.0 0.8260869565217391 0.17391304347826086 0.0 0.7478260869565218 1070.9186162105034 22.471570407381698 120
0.8482758620689655 0.15172413793103448 0.0 0.85 0.15 0.0 0.7214285714285714 1087.2126241739302 20.799238155925465 145
0.8785046728971962 0.11214953271028037 0.009345794392523364 0.8725490196078431 0.11764705882352941 0.00980392156862745 0.803921568627451 1031.691794456066 22.426711651574813 107
0.7807017543859649 0.21929824561403508 0.0 0.7706422018348624 0.22935779816513763 0.0 0.7889908256880734 1074.2229505115786 22.866293619946653 114
0.8244274809160306 0.17557251908396945 0.0 0.8253968253968254 0.1746031746031746 0.0 0.7936507936507936 1087.4075124814874 20.807271363602684 131
0.822429906542056 0.16822429906542055 0.009345794392523364 0.8137254901960784 0.17647058823529413 0.00980392156862745 0.9607843137254902 1086.0413984709166 22.98500892634848 107
0.8152173913043478 0.18478260869565216 0.0 0.8045977011494253 0.19540229885057472 0.0 0.8275862068965517 1078.5247055761074 21.348666419874792 92
0.7981651376146789 0.2018348623853211 0.0 0.7884615384615384 0.21153846153846154 0.0 1.0 1059.6134903570864 22.183284711519402 109
0.7647058823529411 0.226890756302521 0.008403361344537815 0.7543859649122807 0.23684210526315788 0.008771929824561403 0.7543859649122807 1087.2234574191768 22.29690948897498 119
0.7037037037037037 0.2962962962962963 0.0 0.6893203883495146 0.3106796116504854 0.0 0.8058252427184466 1065.3854020464512 23.65156472271913 108
0.8333333333333334 0.16666666666666666 0.0 0.8264462809917356 0.17355371900826447 0.0 0.6528925619834711 1085.1610236664408 20.791894216762763 126
0.7321428571428571 0.26785714285714285 0.0 0.719626168224299 0.2803738317757009 0.0 0.9252336448598131 1057.1144069074064 23.469506150275897 112
0.7653061224489796 0.23469387755102042 0.0 0.7526881720430108 0.24731182795698925 0.0 0.6559139784946236 1087.4204310751963 21.180606666757356 98
0.8348623853211009 0.1651376146788991 0.0 0.8269230769230769 0.17307692307692307 0.0 0.6730769230769231 1085.2761607062703 21.22899182746579 109
0.8165137614678899 0.1834862385321101 0.0 0.8076923076923077 0.19230769230769232 0.0 0.8269230769230769 1058.6870544611752 23.287191886314876 109
0.8791208791208791 0.12087912087912088 0.0 0.872093023255814 0.12790697674418605 0.0 0.6976744186046512 1081.709712766758 21.320127346077825 91
0.75 0.24 0.01 0.7368421052631579 0.25263157894736843 0.010526315789473684 0.7894736842105263 1045.0423436158978 23.447869116540293 100
0.8045112781954887 0.18796992481203006 0.007518796992481203 0.796875 0.1953125 0.0078125 0.75 1033.5875680397494 20.814875811964782 133
0.7777777777777778 0.2222222222222222 0.0 0.7659574468085106 0.23404255319148937 0.0 0.7978723404255319 1040.5985695570741 23.801111891795074 99
0.8571428571428571 0.12781954887218044 0.015037593984962405 0.8515625 0.1328125 0.015625 0.96875 1077.4414358988631 21.20153154935053 133
0.7878787878787878 0.21212121212121213 0.0 0.7872340425531915 0.2127659574468085 0.0 0.723404255319149 1087.3833516042266 21.431368851364645 99
0.7906976744186046 0.20930232558139536 0.0 0.782258064516129 0.21774193548387097 0.0 0.6854838709677419 1087.4660686056993 18.914097476499045 129
0.47761194029850745 0.3656716417910448 0.15671641791044777 0.46511627906976744 0.37209302325581395 0.16279069767441862 0.937984496124031 1050.7486976177754 20.60649188160633 134
0.7614678899082569 0.23853211009174313 0.0 0.75 0.25 0.0 0.8365384615384616 1061.7611106534846 23.289413491668324 109
0.7978723404255319 0.19148936170212766 0.010638297872340425 0.7865168539325843 0.20224719101123595 0.011235955056179775 0.7528089887640449 1072.0755395989042 24.826763894805428 94
0.7983870967741935 0.20161290322580644 0.0 0.7983193277310925 0.20168067226890757 0.0 0.773109243697479 1073.366029237924 21.299893061971016 124
0.8983050847457628 0.1016949152542373 0.0 0.8938053097345132 0.10619469026548672 0.0 0.8761061946902655 1042.919417043176 22.171984714274952 118
0.7938144329896907 0.18556701030927836 0.020618556701030927 0.7934782608695652 0.18478260869565216 0.021739130434782608 0.8043478260869565 1070.6694689156902 23.82803053060742 97
0.845360824742268 0.15463917525773196 0.0 0.8369565217391305 0.16304347826086957 0.0 0.7065217391304348 1078.610400150963 21.346588079497568 97
0.808 0.192 0.0 0.8 0.2 0.0 0.7666666666666667 1087.4025092180184 21.65281433536545 125
0.6666666666666666 0.2962962962962963 0.037037037037037035 0.6504854368932039 0.3106796116504854 0.038834951456310676 0.970873786407767 1007.9850990884677 22.620546565063222 108
0.8253968253968254 0.1746031746031746 0.0 0.8181818181818182 0.18181818181818182 0.0 0.6859504132231405 1082.5305255536089 21.01871860454308 126
0.84375 0.15625 0.0 0.8351648351648352 0.16483516483516483 0.0 0.7692307692307693 1077.2348800303419 24.243571569016225 96
0.8584905660377359 0.14150943396226415 0.0 0.8514851485148515 0.1485148514851485 0.0 0.9603960396039604 1041.5991140232536 22.459478077786837 106
0.8383838383838383 0.16161616161616163 0.0 0.8297872340425532 0.1702127659574468 0.0 0.7446808510638298 1067.7991008223478 22.121935793732007 99
0.85 0.15 0.0 0.8421052631578947 0.15789473684210525 0.0 0.8105263157894737 1047.0528818702064 22.57131004282943 100
0.8035714285714286 0.19642857142857142 0.0 0.794392523364486 0.205607476635514 0.0 0.8317757009345794 1017.1657986326635 22.300591384307257 112
0.6222222222222222 0.24444444444444444 0.13333333333333333 0.6 0.25882352941176473 0.1411764705882353 1.0 945.2011721354864 24.066940305493553 90
0.8661971830985915 0.13380281690140844 0.0 0.8613138686131386 0.1386861313868613 0.0 0.8832116788321168 1064.4268585499851 20.74865523250139 142
0.831858407079646 0.168141592920354 0.0 0.8240740740740741 0.17592592592592593 0.0 0.8611111111111112 1059.8123024774845 23.642384243182725 113
0.8037383177570093 0.1588785046728972 0.037383177570093455 0.7941176470588235 0.16666666666666666 0.0392156862745098 0.8431372549019608 1087.341992332517 22.80309486570735 107
0.8176470588235294 0.17647058823529413 0.0058823529411764705 0.8121212121212121 0.18181818181818182 0.006060606060606061 0.8121212121212121 1087.3983192497062 19.9370652983263 170
0.7578947368421053 0.23157894736842105 0.010526315789473684 0.7444444444444445 0.24444444444444444 0.011111111111111112 0.6777777777777778 1051.818906063176 22.531939062348666 95
0.7567567567567568 0.22972972972972974 0.013513513513513514 0.7482517482517482 0.23776223776223776 0.013986013986013986 0.8111888111888111 1082.2251435005492 20.90595242730393 148
0.8068181818181818 0.19318181818181818 0.0 0.8072289156626506 0.1927710843373494 0.0 0.7108433734939759 1024.7009029237488 21.765490480397844 88
0.7662337662337663 0.22077922077922077 0.012987012987012988 0.75 0.2361111111111111 0.013888888888888888 0.9444444444444444 1081.84554841898 24.73181760339567 77
0.8041237113402062 0.1958762886597938 0.0 0.8043478260869565 0.1956521739130435 0.0 0.8478260869565217 1001.4803579536891 21.581460113477327 97
0.81 0.19 0.0 0.8 0.2 0.0 0.7894736842105263 1045.0701107238037 22.976907598198306 100
0.8389261744966443 0.1610738255033557 0.0 0.8333333333333334 0.16666666666666666 0.0 0.7569444444444444 1086.0178358658472 19.80730037804144 149
0.8505747126436781 0.14942528735632185 0.0 0.8414634146341463 0.15853658536585366 0.0 1.0 1070.284052752201 23.812351893576075 87
0.8907563025210085 0.1092436974789916 0.0 0.8859649122807017 0.11403508771929824 0.0 0.9385964912280702 1078.3743390446116 21.789591023040742 119
0.8666666666666667 0.125 0.008333333333333333 0.8608695652173913 0.13043478260869565 0.008695652173913044 0.8782608695652174 1029.648540946359 22.615696715926553 120
0.7906976744186046 0.20930232558139536 0.0 0.7631578947368421 0.23684210526315788 0.0 0.9473684210526315 1041.5938750237708 30.38751769448803 43
0.7735849056603774 0.22641509433962265 0.0 0.7821782178217822 0.21782178217821782 0.0 0.7524752475247525 1085.074684319153 22.649377160196853 106
0.6288659793814433 0.3402061855670103 0.030927835051546393 0.6086956521739131 0.358695652173913 0.03260869565217391 1.0 1020.2989237387565 23.927365448863018 97
0.646551724137931 0.3275862068965517 0.02586206896551724 0.6306306306306306 0.34234234234234234 0.02702702702702703 0.7207207207207207 1046.8440736044693 23.905446883399506 116
0.7903225806451613 0.20967741935483872 0.0 0.7815126050420168 0.2184873949579832 0.0 0.8823529411764706 1005.6825589103431 21.26363775501179 124
0.847457627118644 0.15254237288135594 0.0 0.8407079646017699 0.1592920353982301 0.0 0.9292035398230089 1086.7009339856927 22.254170881165813 118
0.8348623853211009 0.1651376146788991 0.0 0.8269230769230769 0.17307692307692307 0.0 0.9134615384615384 1052.4303741786287 21.438885192673947 109
0.5957446808510638 0.2978723404255319 0.10638297872340426 0.5730337078651685 0.3146067415730337 0.11235955056179775 0.9887640449438202 1045.4831027608884 24.29786104290896 94
0.7912087912087912 0.1978021978021978 0.01098901098901099 0.7790697674418605 0.20930232558139536 0.011627906976744186 0.8488372093023255 1052.691533989791 23.77463602515975 91
0.8080808080808081 0.1717171717171717 0.020202020202020204 0.7978723404255319 0.18085106382978725 0.02127659574468085 0.8191489361702128 1060.6764486845132 22.753252047513342 99
0.7142857142857143 0.23809523809523808 0.047619047619047616 0.7024793388429752 0.24793388429752067 0.049586776859504134 0.9008264462809917 1018.4621357387989 21.371537631834165 126
0.8111111111111111 0.18888888888888888 0.0 0.8 0.2 0.0 0.8 1042.5466849357751 22.60379209442656 90
0.8080808080808081 0.1919191919191919 0.0 0.7978723404255319 0.20212765957446807 0.0 0.9893617021276596 1051.1085270599704 24.215992047397865 99
0.8189655172413793 0.1810344827586207 0.0 0.8108108108108109 0.1891891891891892 0.0 0.7387387387387387 1087.41144590346 21.37129682178301 116
0.735632183908046 0.21839080459770116 0.04597701149425287 0.7195121951219512 0.23170731707317074 0.04878048780487805 0.6585365853658537 917.3357931789162 22.282472469090376 87
0.8 0.16363636363636364 0.03636363636363636 0.7904761904761904 0.17142857142857143 0.0380952380952381 0.8857142857142857 1073.604681698031 22.665236782031876 110
0.8018018018018018 0.1891891891891892 0.009009009009009009 0.7924528301886793 0.19811320754716982 0.009433962264150943 0.9150943396226415 978.7612709894731 23.422613552609782 111
0.8144329896907216 0.18556701030927836 0.0 0.8043478260869565 0.1956521739130435 0.0 0.9130434782608695 1024.0761234866252 22.354535282019686 97
0.8073394495412844 0.1926605504587156 0.0 0.8076923076923077 0.19230769230769232 0.0 0.7980769230769231 1038.7637287997463 21.167888742876155 109
0.7816091954022989 0.21839080459770116 0.0 0.7682926829268293 0.23170731707317074 0.0 0.9146341463414634 1017.6136250947193 25.100371659613238 87
0.8392857142857143 0.16071428571428573 0.0 0.8317757009345794 0.16822429906542055 0.0 0.7476635514018691 1085.7557092255852 20.915149237006684 112
0.7037037037037037 0.25 0.046296296296296294 0.6893203883495146 0.2621359223300971 0.04854368932038835 0.8252427184466019 1066.108980197737 21.766041129651576 108
0.6355140186915887 0.2803738317757009 0.08411214953271028 0.6176470588235294 0.29411764705882354 0.08823529411764706 0.9313725490196079 1077.1637322025085 23.647992745760114 107
0.674074074074074 0.2962962962962963 0.02962962962962963 0.6615384615384615 0.3076923076923077 0.03076923076923077 0.8307692307692308 1057.2443774200797 21.993901472728254 135
0.7795275590551181 0.1889763779527559 0.031496062992125984 0.7704918032786885 0.19672131147540983 0.03278688524590164 0.8524590163934426 1083.3510045440696 22.66076551151597 127
0.7734375 0.21875 0.0078125 0.7723577235772358 0.21951219512195122 0.008130081300813009 0.8455284552845529 1071.1850615194257 22.304319536058316 128
0.7651515151515151 0.23484848484848486 0.0 0.7559055118110236 0.2440944881889764 0.0 0.7637795275590551 1086.3586050978672 21.145801638475746 132
0.831858407079646 0.168141592920354 0.0 0.8240740740740741 0.17592592592592593 0.0 1.0 1060.1632617247492 24.2143044860567 113
0.875 0.125 0.0 0.8702290076335878 0.1297709923664122 0.0 0.8244274809160306 1082.5297614449842 22.24685198211057 136
0.8527131782945736 0.13953488372093023 0.007751937984496124 0.8467741935483871 0.14516129032258066 0.008064516129032258 0.9838709677419355 1068.556673073618 22.52131246548255 129
0.7 0.25555555555555554 0.044444444444444446 0.6823529411764706 0.27058823529411763 0.047058823529411764 0.6823529411764706 1057.6739932034598 22.899426168544434 90
0.8113207547169812 0.1792452830188679 0.009433962264150943 0.801980198019802 0.18811881188118812 0.009900990099009901 0.7524752475247525 1021.0894214598312 22.58616204772242 106
0.8333333333333334 0.16666666666666666 0.0 0.8247422680412371 0.17525773195876287 0.0 0.6907216494845361 1055.7233780749843 20.962793283569415 102
0.7777777777777778 0.2222222222222222 0.0 0.768595041322314 0.23140495867768596 0.0 0.7355371900826446 1087.428098023967 20.56220273240967 126
0.8205128205128205 0.1794871794871795 0.0 0.8125 0.1875 0.0 0.75 1086.3405336903502 21.45038445337285 117
0.775 0.225 0.0 0.7652173913043478 0.23478260869565218 0.0 0.7652173913043478 1087.4605603863013 22.24469153547453 120
0.6481481481481481 0.3055555555555556 0.046296296296296294 0.6310679611650486 0.32038834951456313 0.04854368932038835 0.9223300970873787 1082.7236252270163 23.555438927405007 108
0.8181818181818182 0.18181818181818182 0.0 0.8191489361702128 0.18085106382978725 0.0 0.776595744680851 1085.1323298910986 23.50165711965201 99
0.92 0.08 0.0 0.9172413793103448 0.08275862068965517 0.0 0.8620689655172413 1011.5268902740329 20.032324395609283 150
0.8347826086956521 0.16521739130434782 0.0 0.8363636363636363 0.16363636363636364 0.0 0.9818181818181818 1069.1071459166224 23.876176372439904 115
0.8467741935483871 0.1532258064516129 0.0 0.8403361344537815 0.15966386554621848 0.0 0.9495798319327731 1040.7759851931276 22.143423543157695 124
0.7674418604651163 0.23255813953488372 0.0 0.7580645161290323 0.24193548387096775 0.0 0.8225806451612904 1062.4418451011857 23.056718587111952 129
0.7829457364341085 0.1937984496124031 0.023255813953488372 0.7741935483870968 0.20161290322580644 0.024193548387096774 0.8145161290322581 1085.027465095964 22.119837958466398 129
0.872 0.128 0.0 0.875 0.125 0.0 0.8333333333333334 1087.040843981974 21.671055394306833 125
0.6764705882352942 0.28431372549019607 0.0392156862745098 0.6597938144329897 0.29896907216494845 0.041237113402061855 0.9896907216494846 1005.9117037612001 23.221047111525092 102
0.8782608695652174 0.12173913043478261 0.0 0.8818181818181818 0.11818181818181818 0.0 0.8363636363636363 1027.4405200769204 20.85804328627294 115
0.904 0.096 0.0 0.9 0.1 0.0 0.9916666666666667 1034.7849580276097 22.499656562592207 125
0.7978723404255319 0.20212765957446807 0.0 0.7865168539325843 0.21348314606741572 0.0 0.7528089887640449 1083.1559240234456 22.517917404985557 94
0.8067226890756303 0.18487394957983194 0.008403361344537815 0.7982456140350878 0.19298245614035087 0.008771929824561403 0.9035087719298246 1058.7932874927317 22.31588746650826 119
0.85 0.15 0.0 0.8526315789473684 0.14736842105263157 0.0 0.6736842105263158 1040.9242885442018 21.507849175022034 100
0.831858407079646 0.168141592920354 0.0 0.8240740740740741 0.17592592592592593 0.0 0.7222222222222222 1086.8553613189845 21.288630445030083 113
0.7575757575757576 0.24242424242424243 0.0 0.7446808510638298 0.2553191489361702 0.0 0.6382978723404256 1084.3612620929946 21.187324852145505 99
0.8285714285714286 0.17142857142857143 0.0 0.8153846153846154 0.18461538461538463 0.0 0.6923076923076923 1005.5325504809446 24.37742941144075 70
0.8174603174603174 0.18253968253968253 0.0 0.8099173553719008 0.19008264462809918 0.0 0.9338842975206612 1081.7353439717633 22.477479538232952 126
0.8631578947368421 0.12631578947368421 0.010526315789473684 0.8555555555555555 0.13333333333333333 0.011111111111111112 0.7555555555555555 1047.409131706486 22.91135168753398 95
0.8014705882352942 0.19852941176470587 0.0 0.7938931297709924 0.20610687022900764 0.0 0.6870229007633588 1087.4322261381133 20.035431682713213 136
0.875 0.125 0.0 0.8787878787878788 0.12121212121212122 0.0 0.797979797979798 1066.8331901595095 22.447920070063123 104
0.8415841584158416 0.15841584158415842 0.0 0.8333333333333334 0.16666666666666666 0.0 0.875 1058.4946956288595 22.28263569151785 101
0.8269230769230769 0.17307692307692307 0.0 0.8181818181818182 0.18181818181818182 0.0 0.7575757575757576 1086.788118403334 21.17397551309835 104
0.7758620689655172 0.1724137931034483 0.05172413793103448 0.7657657657657657 0.18018018018018017 0.05405405405405406 0.8828828828828829 1083.092392644332 22.589175049519987 116
