0.9318181818181818 0.06818181818181818 0.0 0.9298245614035088 0.07017543859649122 0.0 0.7777777777777778 1060.283826102501 18.53095567535883 176
0.9096774193548387 0.09032258064516129 0.0 0.9066666666666666 0.09333333333333334 0.0 0.6066666666666667 1086.3783469034042 19.86759384119177 155
0.9105691056910569 0.08943089430894309 0.0 0.9067796610169492 0.09322033898305085 0.0 0.8220338983050848 979.7731853181841 19.960005868596717 123
0.8878504672897196 0.11214953271028037 0.0 0.8823529411764706 0.11764705882352941 0.0 0.8431372549019608 954.4893046948779 20.279674318552566 107
0.9722222222222222 0.027777777777777776 0.0 0.9712230215827338 0.02877697841726619 0.0 0.9136690647482014 1037.29691197899 19.13520859715952 144
0.9567901234567902 0.043209876543209874 0.0 0.9554140127388535 0.044585987261146494 0.0 0.6878980891719745 1047.6680620437394 19.350743302431557 162
0.900709219858156 0.09929078014184398 0.0 0.8970588235294118 0.10294117647058823 0.0 0.7647058823529411 1086.4431471372586 20.503666432261387 141
0.9772727272727273 0.022727272727272728 0.0 0.9763779527559056 0.023622047244094488 0.0 0.9212598425196851 1053.5680504918603 20.37174169504042 132
0.8596491228070176 0.14035087719298245 0.0 0.8532110091743119 0.14678899082568808 0.0 0.6055045871559633 986.153166312214 20.30209196147172 114
0.9253731343283582 0.07462686567164178 0.0 0.9224806201550387 0.07751937984496124 0.0 0.6744186046511628 1032.6452763617854 21.067040423315735 134
0.7301587301587301 0.23809523809523808 0.031746031746031744 0.7272727272727273 0.24793388429752067 0.024793388429752067 0.7024793388429752 1079.7355192495734 20.619975633637093 126
0.9252336448598131 0.07476635514018691 0.0 0.9215686274509803 0.0784313725490196 0.0 0.7941176470588235 1049.8717268743956 20.472143972397415 107
0.8947368421052632 0.10526315789473684 0.0 0.891156462585034 0.10884353741496598 0.0 0.5238095238095238 1083.1939046880177 19.4580107380096 152
0.9090909090909091 0.09090909090909091 0.0 0.9042553191489362 0.09574468085106383 0.0 1.0 1051.6188081525468 21.719405205167188 99
0.8653846153846154 0.1346153846153846 0.0 0.8585858585858586 0.1414141414141414 0.0 0.8585858585858586 1017.8659167050577 21.770026403689503 104
0.8796992481203008 0.12030075187969924 0.0 0.875 0.125 0.0 0.859375 1063.7273037059272 21.320905721756912 133
0.8956521739130435 0.10434782608695652 0.0 0.8909090909090909 0.10909090909090909 0.0 0.7181818181818181 1082.0409822656693 20.526786184498235 115
0.8947368421052632 0.10526315789473684 0.0 0.8899082568807339 0.11009174311926606 0.0 0.963302752293578 1062.8143362766275 22.583566930562334 114
0.9224806201550387 0.07751937984496124 0.0 0.9193548387096774 0.08064516129032258 0.0 0.5725806451612904 1000.9216692312732 18.972516578452396 129
0.860655737704918 0.13934426229508196 0.0 0.8547008547008547 0.1452991452991453 0.0 0.8632478632478633 986.8562695867547 21.00996845762268 122
0.7956204379562044 0.20437956204379562 0.0 0.7878787878787878 0.21212121212121213 0.0 0.9242424242424242 1059.8617772986163 19.169080870062515 137
0.8846153846153846 0.11538461538461539 0.0 0.88 0.12 0.0 0.672 1085.5789786136702 20.893095690425344 130
0.900709219858156 0.09929078014184398 0.0 0.8970588235294118 0.10294117647058823 0.0 0.7573529411764706 1052.4814844338725 20.10993213321135 141
0.9130434782608695 0.08695652173913043 0.0 0.9090909090909091 0.09090909090909091 0.0 0.8181818181818182 1087.146659951237 20.12472243877031 115
0.8869565217391304 0.11304347826086956 0.0 0.8818181818181818 0.11818181818181818 0.0 0.9636363636363636 1079.901464135511 20.693828059581737 115
0.9659863945578231 0.034013605442176874 0.0 0.9647887323943662 0.035211267605633804 0.0 0.8169014084507042 1058.3109801892747 18.519499028526717 147
0.9941176470588236 0.0058823529411764705 0.0 0.9939393939393939 0.006060606060606061 0.0 0.0 924.975893723614 17.58844680911957 170
0.6785714285714286 0.29464285714285715 0.026785714285714284 0.6635514018691588 0.308411214953271 0.028037383177570093 0.6074766355140186 1085.6210432514397 22.357200921582038 112
0.8901098901098901 0.10989010989010989 0.0 0.8837209302325582 0.11627906976744186 0.0 0.8488372093023255 1019.0400776466271 22.611485591650343 91
0.9290322580645162 0.07096774193548387 0.0 0.9266666666666666 0.07333333333333333 0.0 0.34 975.5407776366164 18.370623766469485 155
0.8514851485148515 0.1485148514851485 0.0 0.84375 0.15625 0.0 1.0 952.7571434994612 22.079482635432456 101
0.8888888888888888 0.1111111111111111 0.0 0.8851351351351351 0.11486486486486487 0.0 0.7297297297297297 1064.5466411841912 18.831394686312713 153
0.9481481481481482 0.05185185185185185 0.0 0.9461538461538461 0.05384615384615385 0.0 0.8461538461538461 1046.0710759108006 19.60385162107786 135
0.819672131147541 0.18032786885245902 0.0 0.811965811965812 0.18803418803418803 0.0 0.7521367521367521 1067.9159998838663 21.014394261780563 122
0.903448275862069 0.09655172413793103 0.0 0.9071428571428571 0.09285714285714286 0.0 0.8 1084.4025893096782 19.587260419199435 145
0.9378238341968912 0.06217616580310881 0.0 0.9361702127659575 0.06382978723404255 0.0 0.6648936170212766 1077.2207922598 18.466374228421135 193
0.9276315789473685 0.07236842105263158 0.0 0.9251700680272109 0.07482993197278912 0.0 0.7755102040816326 1048.8131321031121 18.732469832131727 152
0.8495575221238938 0.1504424778761062 0.0 0.8425925925925926 0.1574074074074074 0.0 0.42592592592592593 1060.0740100499318 19.713840437717202 113
0.8740157480314961 0.12598425196850394 0.0 0.8688524590163934 0.13114754098360656 0.0 0.819672131147541 1087.1132583535805 20.119193106110917 127
0.8518518518518519 0.14814814814814814 0.0 0.8446601941747572 0.1553398058252427 0.0 0.7572815533980582 1069.9991408178837 21.334412082798654 108
0.7757009345794392 0.22429906542056074 0.0 0.7745098039215687 0.22549019607843138 0.0 0.9705882352941176 1078.6776672163794 22.408951568732263 107
0.9019607843137255 0.09803921568627451 0.0 0.8969072164948454 0.10309278350515463 0.0 0.8865979381443299 1061.0998904360351 21.5078624386464 102
0.9008264462809917 0.09917355371900827 0.0 0.896551724137931 0.10344827586206896 0.0 0.896551724137931 1040.6370781705307 20.29772379461824 121
0.9513888888888888 0.04861111111111111 0.0 0.9496402877697842 0.050359712230215826 0.0 0.5539568345323741 1029.1485600313827 18.888561997803393 144
0.9290780141843972 0.07092198581560284 0.0 0.9264705882352942 0.07352941176470588 0.0 0.9191176470588235 1028.0457671663466 19.020618749718963 141
0.8571428571428571 0.14285714285714285 0.0 0.8488372093023255 0.1511627906976744 0.0 0.8255813953488372 1072.158918848086 22.658605267112886 91
0.8872180451127819 0.11278195488721804 0.0 0.8828125 0.1171875 0.0 0.8359375 1061.6076980235005 20.55838460166308 133
0.8916666666666667 0.10833333333333334 0.0 0.8869565217391304 0.11304347826086956 0.0 0.8 1054.2465633845059 20.501416687934576 120
0.948905109489051 0.051094890510948905 0.0 0.946969696969697 0.05303030303030303 0.0 0.4090909090909091 1036.0329095800387 18.617702221958783 137
0.9857142857142858 0.014285714285714285 0.0 0.9851851851851852 0.014814814814814815 0.0 0.0 1033.3325678176468 18.162774528009106 140
0.9363636363636364 0.06363636363636363 0.0 0.9428571428571428 0.05714285714285714 0.0 0.8761904761904762 1011.9933735097889 20.22662792964054 110
0.8778625954198473 0.12213740458015267 0.0 0.873015873015873 0.12698412698412698 0.0 0.8968253968253969 1083.2765754786578 20.203436730357087 131
0.9313725490196079 0.06862745098039216 0.0 0.9278350515463918 0.07216494845360824 0.0 0.8865979381443299 1015.6694432020145 21.72603144934109 102
0.8333333333333334 0.16666666666666666 0.0 0.8264462809917356 0.17355371900826447 0.0 0.743801652892562 1068.7182404468388 20.36191982372516 126
0.94375 0.05625 0.0 0.9419354838709677 0.05806451612903226 0.0 0.7870967741935484 1064.215640326826 18.271896294538916 160
0.9397590361445783 0.060240963855421686 0.0 0.937888198757764 0.062111801242236024 0.0 0.7267080745341615 1079.8973070447103 18.099979729043064 166
0.883495145631068 0.11650485436893204 0.0 0.8775510204081632 0.12244897959183673 0.0 0.8775510204081632 1079.539924445689 21.12545065452899 103
0.8761904761904762 0.12380952380952381 0.0 0.87 0.13 0.0 0.98 1048.7272813199083 22.279331016160793 105
0.9152542372881356 0.0847457627118644 0.0 0.911504424778761 0.08849557522123894 0.0 0.9823008849557522 1043.2850274614766 20.870366415499497 118
0.84 0.16 0.0 0.8285714285714286 0.17142857142857143 0.0 0.9285714285714286 1046.8238096074363 22.72105283811209 75
0.8571428571428571 0.14285714285714285 0.0 0.8461538461538461 0.15384615384615385 0.0 0.9384615384615385 1077.6456283214504 24.247411536916534 70
0.9271523178807947 0.0728476821192053 0.0 0.9315068493150684 0.0684931506849315 0.0 0.8082191780821918 1051.6504574581772 19.620836398277103 151
0.9425287356321839 0.05747126436781609 0.0 0.9467455621301775 0.05325443786982249 0.0 0.5680473372781065 1020.6191836826521 18.25961885399709 174
0.7478991596638656 0.25210084033613445 0.0 0.7456140350877193 0.2543859649122807 0.0 0.6666666666666666 1052.8193591413035 20.992568762015917 119
0.9210526315789473 0.07894736842105263 0.0 0.9174311926605505 0.08256880733944955 0.0 0.7522935779816514 1063.911382951388 22.046547739678306 114
0.9583333333333334 0.041666666666666664 0.0 0.9568345323741008 0.04316546762589928 0.0 0.8345323741007195 1076.7735300426255 19.713973305977802 144
0.948905109489051 0.051094890510948905 0.0 0.946969696969697 0.05303030303030303 0.0 0.803030303030303 1043.7421383848227 20.69605822844841 137
0.7731958762886598 0.2268041237113402 0.0 0.7608695652173914 0.2391304347826087 0.0 0.8043478260869565 1079.9418729132706 23.081458822524336 97
0.845360824742268 0.15463917525773196 0.0 0.8369565217391305 0.16304347826086957 0.0 0.7065217391304348 1029.8840142842905 20.131760137173398 97
0.9032258064516129 0.0967741935483871 0.0 0.8991596638655462 0.10084033613445378 0.0 0.7226890756302521 1074.244727356135 20.187845895169087 124
0.8823529411764706 0.11764705882352941 0.0 0.8762886597938144 0.12371134020618557 0.0 0.7938144329896907 1008.3579552803152 19.62871570263877 102
0.9421965317919075 0.057803468208092484 0.0 0.9404761904761905 0.05952380952380952 0.0 0.5773809523809523 1081.6837850261659 18.18691156074988 173
0.9615384615384616 0.038461538461538464 0.0 0.9602649006622517 0.039735099337748346 0.0 0.8145695364238411 1068.4583355336645 18.994461251105374 156
0.8947368421052632 0.10526315789473684 0.0 0.8975903614457831 0.10240963855421686 0.0 0.8012048192771084 1082.8476134200016 18.836773675510535 171
0.92 0.08 0.0 0.9166666666666666 0.08333333333333333 0.0 0.9166666666666666 1076.1507722221959 19.68189800495151 125
0.8571428571428571 0.14285714285714285 0.0 0.8504672897196262 0.14953271028037382 0.0 0.719626168224299 1027.0603068175299 22.083004981208497 112
0.918918918918919 0.08108108108108109 0.0 0.916083916083916 0.08391608391608392 0.0 0.9020979020979021 1044.5019261356185 18.43117426827305 148
0.9375 0.0625 0.0 0.935251798561151 0.06474820143884892 0.0 0.8129496402877698 1032.7941608186718 19.862336936295186 144
0.8640776699029126 0.13592233009708737 0.0 0.8571428571428571 0.14285714285714285 0.0 0.7653061224489796 1064.7478512208486 21.555664419031327 103
0.851063829787234 0.14893617021276595 0.0 0.8455882352941176 0.15441176470588236 0.0 0.875 1087.3346335861374 19.647880303389776 141
0.9096385542168675 0.09036144578313253 0.0 0.906832298136646 0.09316770186335403 0.0 0.7267080745341615 1087.4412506091376 19.091394675036273 166
0.875968992248062 0.12403100775193798 0.0 0.8709677419354839 0.12903225806451613 0.0 0.8387096774193549 979.7535745039619 19.662529335859197 129
0.8735632183908046 0.12643678160919541 0.0 0.8658536585365854 0.13414634146341464 0.0 0.9878048780487805 1078.0353641150768 23.113382759053984 87
0.9782608695652174 0.021739130434782608 0.0 0.9774436090225563 0.022556390977443608 0.0 0.3383458646616541 971.4865473092018 19.01794616718246 138
0.9041095890410958 0.0958904109589041 0.0 0.900709219858156 0.09929078014184398 0.0 0.6808510638297872 1062.0003686826435 19.521344995776136 146
0.987012987012987 0.012987012987012988 0.0 0.9865771812080537 0.013422818791946308 0.0 0.5906040268456376 1034.7575933005244 18.295439458765912 154
0.8620689655172413 0.13793103448275862 0.0 0.8558558558558559 0.14414414414414414 0.0 0.7837837837837838 978.9422282863587 21.616522342674248 116
0.8783783783783784 0.12162162162162163 0.0 0.8811188811188811 0.11888111888111888 0.0 0.8741258741258742 1086.3095301213186 19.335318891622858 148
0.8819444444444444 0.11805555555555555 0.0 0.8776978417266187 0.1223021582733813 0.0 0.7482014388489209 1087.2633104987665 19.890776216550858 144
0.9101796407185628 0.08982035928143713 0.0 0.9074074074074074 0.09259259259259259 0.0 0.7962962962962963 1068.524837309317 18.380384701992643 167
0.9775280898876404 0.02247191011235955 0.0 0.976878612716763 0.023121387283236993 0.0 0.7745664739884393 1060.3633038586577 18.012311631146485 178
0.9196428571428571 0.08035714285714286 0.0 0.9158878504672897 0.08411214953271028 0.0 0.8411214953271028 1028.645161334787 20.782441165175403 112
0.9513888888888888 0.04861111111111111 0.0 0.9496402877697842 0.050359712230215826 0.0 0.7553956834532374 1078.357464247115 19.92730262612979 144
0.9612903225806452 0.03870967741935484 0.0 0.96 0.04 0.0 0.8866666666666667 1063.7695927971881 18.908184545804044 155
0.8907563025210085 0.1092436974789916 0.0 0.8859649122807017 0.11403508771929824 0.0 0.7368421052631579 1048.8898947141224 19.276036368119634 119
0.9622641509433962 0.03773584905660377 0.0 0.961038961038961 0.03896103896103896 0.0 0.7987012987012987 1080.1610032381031 19.454080449297987 159
0.9794520547945206 0.02054794520547945 0.0 0.9787234042553191 0.02127659574468085 0.0 0.7588652482269503 1037.3830141462615 19.538119358691915 146
0.9545454545454546 0.045454545454545456 0.0 0.9530201342281879 0.04697986577181208 0.0 0.8053691275167785 1065.624771141535 18.787347951461385 154
0.9206349206349206 0.07936507936507936 0.0 0.9173553719008265 0.08264462809917356 0.0 1.0 999.9694849243679 20.784620831379108 126
0.8811188811188811 0.11888111888111888 0.0 0.8768115942028986 0.12318840579710146 0.0 0.5434782608695652 1069.4098267656045 19.10218173070827 143
0.9612403100775194 0.03875968992248062 0.0 0.9596774193548387 0.04032258064516129 0.0 0.4838709677419355 1004.7036968868094 19.026050353790527 129
0.872 0.128 0.0 0.8666666666666667 0.13333333333333333 0.0 0.8416666666666667 1064.776895716963 19.44715030452786 125
0.8796296296296297 0.12037037037037036 0.0 0.8737864077669902 0.1262135922330097 0.0 0.8155339805825242 1061.9287020228521 21.357777769738746 108
0.9365079365079365 0.06349206349206349 0.0 0.9347826086956522 0.06521739130434782 0.0 0.0 1057.3998453540096 17.319565890547963 189
0.9692307692307692 0.03076923076923077 0.0 0.968 0.032 0.0 0.568 1047.0909691809625 20.056599514843814 130
0.8939393939393939 0.10606060606060606 0.0 0.889763779527559 0.11023622047244094 0.0 0.8110236220472441 1069.0132715008522 20.968641201945857 132
0.9834710743801653 0.01652892561983471 0.0 0.9827586206896551 0.017241379310344827 0.0 0.8103448275862069 1035.9846227181795 20.041866556308555 121
0.8425925925925926 0.1574074074074074 0.0 0.8349514563106796 0.1650485436893204 0.0 0.7961165048543689 1074.54918337734 20.72332859363632 108
0.8636363636363636 0.13636363636363635 0.0 0.8657718120805369 0.1342281879194631 0.0 0.6442953020134228 1040.696396293185 17.855045716326803 154
0.9395973154362416 0.06040268456375839 0.0 0.9375 0.0625 0.0 0.8263888888888888 1078.8038697268316 18.180075484048704 149
0.9245283018867925 0.07547169811320754 0.0 0.9306930693069307 0.06930693069306931 0.0 0.7920792079207921 1062.076999049447 19.934813720046748 106
0.8540145985401459 0.145985401459854 0.0 0.8484848484848485 0.15151515151515152 0.0 0.8333333333333334 1040.397967984449 20.237783472512675 137
0.8791946308724832 0.12080536912751678 0.0 0.875 0.125 0.0 0.7291666666666666 1083.3277048791454 19.628032889362757 149
0.8943089430894309 0.10569105691056911 0.0 0.8898305084745762 0.11016949152542373 0.0 0.576271186440678 1078.5382960813592 19.411004571277434 123
0.9243697478991597 0.07563025210084033 0.0 0.9210526315789473 0.07894736842105263 0.0 0.8157894736842105 1054.5047579966995 20.437476837425773 119
0.875 0.125 0.0 0.8785046728971962 0.12149532710280374 0.0 0.6728971962616822 1087.075278331844 20.69645949609734 112
0.8504672897196262 0.14953271028037382 0.0 0.8431372549019608 0.1568627450980392 0.0 0.7549019607843137 1019.1946688898422 20.78710885561535 107
0.8163265306122449 0.1836734693877551 0.0 0.8064516129032258 0.1935483870967742 0.0 0.946236559139785 1083.9794346153376 22.150989907572026 98
0.9495798319327731 0.05042016806722689 0.0 0.9473684210526315 0.05263157894736842 0.0 0.4824561403508772 1065.0830527814646 19.74179750315478 119
0.9937106918238994 0.006289308176100629 0.0 0.9935064935064936 0.006493506493506494 0.0 0.7792207792207793 1029.809238727809 18.931303886342757 159
0.8015267175572519 0.1984732824427481 0.0 0.7936507936507936 0.20634920634920634 0.0 0.6825396825396826 1034.9665293838182 20.96731599204863 131
0.8571428571428571 0.14285714285714285 0.0 0.86 0.14 0.0 0.75 1054.6367557120727 20.749537079899017 105
0.9021739130434783 0.09782608695652174 0.0 0.896551724137931 0.10344827586206896 0.0 0.9540229885057471 1039.4479316404334 22.252490252916374 92
0.9104477611940298 0.08955223880597014 0.0 0.9069767441860465 0.09302325581395349 0.0 0.7441860465116279 1061.5299272437608 19.95170051678856 134
0.9661016949152542 0.03389830508474576 0.0 0.9651162790697675 0.03488372093023256 0.0 1.0 1068.8679839987926 18.260686938869963 177
0.9464285714285714 0.05357142857142857 0.0 0.9447852760736196 0.05521472392638037 0.0 0.7914110429447853 1066.3110752544324 18.885955500511848 168
0.8484848484848485 0.15151515151515152 0.0 0.8503937007874016 0.14960629921259844 0.0 0.6929133858267716 1052.880734066398 19.032769206786252 132
0.8759124087591241 0.12408759124087591 0.0 0.8712121212121212 0.12878787878787878 0.0 0.8181818181818182 1031.1406954948545 20.527622939385832 137
0.957983193277311 0.04201680672268908 0.0 0.956140350877193 0.043859649122807015 0.0 0.9649122807017544 1070.1091289941112 20.120089517654264 119
0.8925619834710744 0.10743801652892562 0.0 0.896551724137931 0.10344827586206896 0.0 0.8362068965517241 1064.248447458915 20.089039012111886 121
0.803030303030303 0.19696969696969696 0.0 0.7952755905511811 0.2047244094488189 0.0 0.8346456692913385 1043.585651790832 20.34459625390756 132
0.9026548672566371 0.09734513274336283 0.0 0.8981481481481481 0.10185185185185185 0.0 0.8333333333333334 1073.5147455538756 21.146420479587206 113
0.8728813559322034 0.1271186440677966 0.0 0.8672566371681416 0.13274336283185842 0.0 0.6902654867256637 1039.2608889275775 19.923805101351874 118
0.9032258064516129 0.0967741935483871 0.0 0.907563025210084 0.09243697478991597 0.0 0.8235294117647058 1056.8305532971183 21.119978130255816 124
0.9090909090909091 0.09090909090909091 0.0 0.9047619047619048 0.09523809523809523 0.0 1.0 1035.9257879167337 22.48158162450531 110
0.9186991869918699 0.08130081300813008 0.0 0.923728813559322 0.07627118644067797 0.0 0.9661016949152542 1008.0136966973766 19.918886156705497 123
0.8771929824561403 0.12280701754385964 0.0 0.8715596330275229 0.12844036697247707 0.0 0.7614678899082569 1064.5881527516322 21.69889380951148 114
0.883495145631068 0.11650485436893204 0.0 0.8775510204081632 0.12244897959183673 0.0 0.8571428571428571 1082.9187250260456 20.57881723479463 103
0.926829268292683 0.07317073170731707 0.0 0.923728813559322 0.07627118644067797 0.0 0.8898305084745762 1074.5211154989174 21.031170028940533 123
0.8793103448275862 0.1206896551724138 0.0 0.8738738738738738 0.12612612612612611 0.0 0.7747747747747747 1049.6123765683406 21.863318555779507 116
0.8156028368794326 0.18439716312056736 0.0 0.8088235294117647 0.19117647058823528 0.0 0.7867647058823529 1075.7600964021774 22.16385836567766 141
0.9791666666666666 0.020833333333333332 0.0 0.9784172661870504 0.02158273381294964 0.0 0.5611510791366906 1081.9542011713713 18.48032234619349 144
1.0 0.0 0.0 1.0 0.0 0.0 0.7528735632183908 1065.7762915005142 18.273319812217856 179
0.9935897435897436 0.00641025641025641 0.0 0.9933774834437086 0.006622516556291391 0.0 0.7880794701986755 946.8232402340025 18.067852890459783 156
0.9726775956284153 0.0273224043715847 0.0 0.9719101123595506 0.028089887640449437 0.0 0.0 1067.6709106447543 17.430377028745582 183
0.7362637362637363 0.26373626373626374 0.0 0.7209302325581395 0.27906976744186046 0.0 0.7325581395348837 1077.542650247712 23.218141525987715 91
0.9104477611940298 0.08955223880597014 0.0 0.9069767441860465 0.09302325581395349 0.0 0.7596899224806202 1080.9598175155345 19.180385040921525 134
0.9097222222222222 0.09027777777777778 0.0 0.9064748201438849 0.09352517985611511 0.0 0.9928057553956835 1071.418968826055 19.793061107625032 144
0.958904109589041 0.0410958904109589 0.0 0.9574468085106383 0.0425531914893617 0.0 0.8297872340425532 1034.7831620127847 20.202307405866197 146
0.8817204301075269 0.11827956989247312 0.0 0.875 0.125 0.0 0.6363636363636364 1010.194022953002 19.744557378097426 93
0.9279279279279279 0.07207207207207207 0.0 0.9245283018867925 0.07547169811320754 0.0 0.8773584905660378 1034.5831497352756 20.219961328179696 111
0.8761061946902655 0.12389380530973451 0.0 0.8703703703703703 0.12962962962962962 0.0 0.9537037037037037 1078.1609784127982 21.100608086336045 113
0.8805970149253731 0.11940298507462686 0.0 0.875968992248062 0.12403100775193798 0.0 0.6976744186046512 1058.9380911758774 20.336118982079036 134
0.9171974522292994 0.08280254777070063 0.0 0.9144736842105263 0.08552631578947369 0.0 0.8223684210526315 1087.3865364862286 18.601935511491437 157
0.9051724137931034 0.09482758620689655 0.0 0.9009009009009009 0.0990990990990991 0.0 0.9279279279279279 1047.0867821675374 21.26683454270187 116
0.9457364341085271 0.05426356589147287 0.0 0.9435483870967742 0.056451612903225805 0.0 0.6854838709677419 1040.8038152581419 19.314763349741398 129
0.8269230769230769 0.17307692307692307 0.0 0.8181818181818182 0.18181818181818182 0.0 1.0 1071.6532750483425 22.93721622609974 104
0.8706896551724138 0.12931034482758622 0.0 0.8648648648648649 0.13513513513513514 0.0 0.6756756756756757 1075.364969467376 22.348361664731655 116
0.8440366972477065 0.1559633027522936 0.0 0.8365384615384616 0.16346153846153846 0.0 0.8942307692307693 1067.6361122024105 20.871475324435604 109
0.9166666666666666 0.08333333333333333 0.0 0.9130434782608695 0.08695652173913043 0.0 0.7652173913043478 1076.9444682321107 20.952021348522653 120
0.7816901408450704 0.2112676056338028 0.007042253521126761 0.7737226277372263 0.21897810218978103 0.0072992700729927005 0.7591240875912408 1001.7051739475085 19.598581702385758 142
0.9017857142857143 0.09821428571428571 0.0 0.897196261682243 0.102803738317757 0.0 0.7757009345794392 1066.3079396831124 20.753661868161174 112
0.8352941176470589 0.16470588235294117 0.0 0.825 0.175 0.0 0.7625 1007.6071081804811 21.29605435802181 85
0.9485294117647058 0.051470588235294115 0.0 0.9465648854961832 0.05343511450381679 0.0 0.9618320610687023 1079.2593694144227 19.149744105911115 136
0.8653846153846154 0.1346153846153846 0.0 0.8585858585858586 0.1414141414141414 0.0 0.7272727272727273 1087.4384772024564 19.404880048076123 104
0.8524590163934426 0.14754098360655737 0.0 0.8461538461538461 0.15384615384615385 0.0 0.7606837606837606 1060.175361848178 20.563624815087326 122
0.9659863945578231 0.034013605442176874 0.0 0.9647887323943662 0.035211267605633804 0.0 0.7887323943661971 1033.9231626799067 18.42440430264932 147
0.7777777777777778 0.2222222222222222 0.0 0.7767857142857143 0.22321428571428573 0.0 0.7857142857142857 1080.1878937391286 21.806253459690684 117
0.8389830508474576 0.16101694915254236 0.0 0.831858407079646 0.168141592920354 0.0 0.9911504424778761 1038.7918818776955 21.858108223251804 118
0.9318181818181818 0.06818181818181818 0.0 0.9291338582677166 0.07086614173228346 0.0 0.6614173228346457 1071.731925388741 20.83043690782493 132
0.9883720930232558 0.011627906976744186 0.0 0.9880239520958084 0.011976047904191617 0.0 0.8143712574850299 1072.0845380783755 17.45812119415158 172
0.8303571428571429 0.16964285714285715 0.0 0.822429906542056 0.17757009345794392 0.0 0.8691588785046729 999.4372309128422 20.147853599715553 112
0.9612903225806452 0.03870967741935484 0.0 0.96 0.04 0.0 0.9866666666666667 964.0541214643814 17.77454041649829 155
0.8181818181818182 0.18181818181818182 0.0 0.8032786885245902 0.19672131147540983 0.0 1.0 1072.6507809418788 26.796278038072533 66
0.916083916083916 0.08391608391608392 0.0 0.9130434782608695 0.08695652173913043 0.0 0.9855072463768116 1084.0104786835948 18.983886171700284 143
0.8787878787878788 0.12121212121212122 0.0 0.8740157480314961 0.12598425196850394 0.0 0.6692913385826772 1079.4085813576203 19.02216018223192 132
0.9577464788732394 0.04225352112676056 0.0 0.9562043795620438 0.043795620437956206 0.0 0.6788321167883211 1001.416201704704 19.20762132379854 142
0.9304347826086956 0.06956521739130435 0.0 0.9272727272727272 0.07272727272727272 0.0 0.8272727272727273 1036.7880016440492 21.060025280812177 115
0.9363057324840764 0.06369426751592357 0.0 0.9342105263157895 0.06578947368421052 0.0 0.8947368421052632 1036.5656750494102 19.229086428807594 157
0.9844961240310077 0.015503875968992248 0.0 0.9838709677419355 0.016129032258064516 0.0 0.9193548387096774 1007.9520772598371 19.60273973617746 129
0.8672566371681416 0.13274336283185842 0.0 0.8611111111111112 0.1388888888888889 0.0 0.7407407407407407 1079.233193466122 22.50793709615839 113
0.948905109489051 0.051094890510948905 0.0 0.946969696969697 0.05303030303030303 0.0 0.5227272727272727 1033.5838345819343 19.20125727587237 137
0.8640776699029126 0.13592233009708737 0.0 0.8571428571428571 0.14285714285714285 0.0 0.7755102040816326 1062.7782795541702 21.61855103896438 103
0.8650793650793651 0.1349206349206349 0.0 0.859504132231405 0.14049586776859505 0.0 0.859504132231405 910.8472692912769 19.365483077456364 126
0.9276315789473685 0.07236842105263158 0.0 0.9319727891156463 0.06802721088435375 0.0 0.8095238095238095 1050.754822464058 19.343835148627225 152
0.9080459770114943 0.09195402298850575 0.0 0.9024390243902439 0.0975609756097561 0.0 0.8292682926829268 1049.6893026546434 20.995843506446327 87
0.875 0.125 0.0 0.8705035971223022 0.12949640287769784 0.0 0.5035971223021583 1063.853451543138 18.795879593027845 144
0.9568345323741008 0.04316546762589928 0.0 0.9552238805970149 0.04477611940298507 0.0 0.664179104477612 1048.2194229016857 18.963550101416057 139
0.9776119402985075 0.022388059701492536 0.0 0.9767441860465116 0.023255813953488372 0.0 0.8062015503875969 1076.807537908795 18.598609703065545 134
0.8591549295774648 0.14084507042253522 0.0 0.8484848484848485 0.15151515151515152 0.0 0.9393939393939394 1039.3645869581123 23.080985787000923 71
0.89937106918239 0.10062893081761007 0.0 0.8961038961038961 0.1038961038961039 0.0 0.6558441558441559 1072.9118010333063 19.4573093543502 159
0.8794326241134752 0.12056737588652482 0.0 0.875 0.125 0.0 0.7279411764705882 1086.960447757329 20.180352941460512 141
0.8461538461538461 0.15384615384615385 0.0 0.8383838383838383 0.16161616161616163 0.0 1.0 1047.0683543385271 23.951141018179577 104
0.9122807017543859 0.08771929824561403 0.0 0.9096385542168675 0.09036144578313253 0.0 0.6204819277108434 1086.1396313442403 18.68817742723554 171
0.9253731343283582 0.07462686567164178 0.0 0.9224806201550387 0.07751937984496124 0.0 0.8062015503875969 988.5729814227572 18.428110906257306 134
0.8768115942028986 0.12318840579710146 0.0 0.8721804511278195 0.12781954887218044 0.0 1.0 1044.0440918104584 20.637248018043593 138
0.9939024390243902 0.006097560975609756 0.0 0.9937106918238994 0.006289308176100629 0.0 0.031446540880503145 997.9912975454383 17.9615903303056 164
0.8503937007874016 0.14960629921259844 0.0 0.8442622950819673 0.1557377049180328 0.0 0.5737704918032787 1087.4775421192373 20.127934329962553 127
0.900990099009901 0.09900990099009901 0.0 0.8958333333333334 0.10416666666666667 0.0 0.46875 1066.01658881739 21.38988377100734 101
0.7978723404255319 0.20212765957446807 0.0 0.7865168539325843 0.21348314606741572 0.0 0.9550561797752809 1058.3939691519831 22.940447096253965 94
0.9349593495934959 0.06504065040650407 0.0 0.9322033898305084 0.06779661016949153 0.0 0.8559322033898306 1070.490364614407 21.178971424011177 123
0.927710843373494 0.07228915662650602 0.0 0.9254658385093167 0.07453416149068323 0.0 0.8322981366459627 1083.4579216596353 19.514431676585872 166
0.8313253012048193 0.1686746987951807 0.0 0.8205128205128205 0.1794871794871795 0.0 0.9358974358974359 1069.832103448511 24.298600775001795 83
0.9090909090909091 0.09090909090909091 0.0 0.9057971014492754 0.09420289855072464 0.0 0.7536231884057971 1086.4694798340345 19.64578699570729 143
0.851063829787234 0.14893617021276595 0.0 0.8426966292134831 0.15730337078651685 0.0 0.9101123595505618 1071.840871418778 22.689867130183668 94
0.8848484848484849 0.11515151515151516 0.0 0.88125 0.11875 0.0 0.75625 1085.1314942305776 19.417209771379273 165
0.8539325842696629 0.14606741573033707 0.0 0.8452380952380952 0.15476190476190477 0.0 0.9761904761904762 1031.7862582126088 23.748626071417462 89
0.9894736842105263 0.010526315789473684 0.0 0.9891891891891892 0.010810810810810811 0.0 0.8054054054054054 1030.3195571935412 17.52839633131566 190
0.8636363636363636 0.13636363636363635 0.0 0.8571428571428571 0.14285714285714285 0.0 0.6761904761904762 1058.7851444497703 22.41224387360188 110
0.8287671232876712 0.17123287671232876 0.0 0.8368794326241135 0.16312056737588654 0.0 0.9219858156028369 1069.844069841679 19.753366361648116 146
0.9671052631578947 0.03289473684210526 0.0 0.9659863945578231 0.034013605442176874 0.0 0.7755102040816326 1029.1006365187911 19.43028939560261 152
0.9375 0.0625 0.0 0.9439252336448598 0.056074766355140186 0.0 0.40186915887850466 1071.119394468496 19.999547515510894 112
0.8896103896103896 0.11038961038961038 0.0 0.8859060402684564 0.11409395973154363 0.0 0.7315436241610739 1083.465555951706 19.049170186605675 154
0.8529411764705882 0.14705882352941177 0.0 0.845360824742268 0.15463917525773196 0.0 0.5979381443298969 1044.9301156203005 21.62396302376134 102
0.9533333333333334 0.04666666666666667 0.0 0.9517241379310345 0.04827586206896552 0.0 0.5793103448275863 1082.509273568666 18.18743335537131 150
0.8571428571428571 0.14285714285714285 0.0 0.8508771929824561 0.14912280701754385 0.0 0.9736842105263158 1064.803122400368 21.61300789627566 119
0.8921568627450981 0.10784313725490197 0.0 0.8969072164948454 0.10309278350515463 0.0 0.845360824742268 1004.7985102232107 20.623488337800403 102
0.9361702127659575 0.06382978723404255 0.0 0.9338235294117647 0.0661764705882353 0.0 0.7352941176470589 1073.087969266565 19.912162490266887 141
0.907563025210084 0.09243697478991597 0.0 0.9035087719298246 0.09649122807017543 0.0 0.8421052631578947 1085.859536128059 21.921669614695872 119
0.9333333333333333 0.06666666666666667 0.0 0.9304347826086956 0.06956521739130435 0.0 0.5391304347826087 1057.7498065517489 21.020417503862287 120
0.9426229508196722 0.05737704918032787 0.0 0.9401709401709402 0.05982905982905983 0.0 0.8205128205128205 954.5157149996335 20.218948863737012 122
0.8852459016393442 0.11475409836065574 0.0 0.8803418803418803 0.11965811965811966 0.0 0.8547008547008547 1081.4651049656109 20.637942496148586 122
0.8993288590604027 0.10067114093959731 0.0 0.8958333333333334 0.10416666666666667 0.0 0.5694444444444444 1054.0787355311527 19.72410059914555 149
0.972972972972973 0.02702702702702703 0.0 0.972027972027972 0.027972027972027972 0.0 0.8601398601398601 954.7419132854359 18.4186316674369 148
0.8225806451612904 0.1774193548387097 0.0 0.8151260504201681 0.18487394957983194 0.0 0.8403361344537815 1085.8497886346108 21.61803440198063 124
0.8943661971830986 0.1056338028169014 0.0 0.9051094890510949 0.0948905109489051 0.0 0.8394160583941606 944.8474383054389 18.913457320801182 142
0.9243697478991597 0.07563025210084033 0.0 0.9210526315789473 0.07894736842105263 0.0 0.8333333333333334 1030.5224278600235 20.096614860284518 119
0.8623853211009175 0.13761467889908258 0.0 0.8557692307692307 0.14423076923076922 0.0 0.625 1067.169644005093 21.571018676404684 109
0.9037037037037037 0.0962962962962963 0.0 0.9 0.1 0.0 0.823076923076923 1075.639123459545 20.532778061709852 135
0.8615384615384616 0.13846153846153847 0.0 0.856 0.144 0.0 0.808 1085.802374059598 20.9435024246785 130
0.9264705882352942 0.07352941176470588 0.0 0.9236641221374046 0.07633587786259542 0.0 0.8320610687022901 1038.1973768518342 20.360399134510747 136
0.826530612244898 0.14285714285714285 0.030612244897959183 0.8279569892473119 0.13978494623655913 0.03225806451612903 0.8387096774193549 1068.2349575600374 23.66127004449172 98
0.8571428571428571 0.14285714285714285 0.0 0.8494623655913979 0.15053763440860216 0.0 0.7526881720430108 1048.278364522647 21.306398720967987 98
0.8860759493670886 0.11392405063291139 0.0 0.8783783783783784 0.12162162162162163 0.0 0.9864864864864865 1061.674623640774 23.96434862054885 79
0.8833333333333333 0.11666666666666667 0.0 0.8869565217391304 0.11304347826086956 0.0 0.7130434782608696 1035.365790529548 19.38568051500027 120
0.8446601941747572 0.1553398058252427 0.0 0.8367346938775511 0.16326530612244897 0.0 0.7142857142857143 1012.6575119716522 19.945455162903087 103
0.8761061946902655 0.12389380530973451 0.0 0.8703703703703703 0.12962962962962962 0.0 0.75 1016.353809138841 21.10335381958219 113
0.9878787878787879 0.012121212121212121 0.0 0.9875 0.0125 0.0 0.00625 974.7535225888198 18.618972051284235 165
0.9015151515151515 0.09848484848484848 0.0 0.8976377952755905 0.10236220472440945 0.0 0.8740157480314961 1068.7303851789234 21.647622715007145 132
0.8888888888888888 0.1111111111111111 0.0 0.8846153846153846 0.11538461538461539 0.0 0.6538461538461539 1087.396684675309 19.571226861659106 135
0.8717948717948718 0.1282051282051282 0.0 0.8660714285714286 0.13392857142857142 0.0 0.9553571428571429 1033.6775642019513 21.415012227035472 117
0.8666666666666667 0.13333333333333333 0.0 0.8608695652173913 0.1391304347826087 0.0 0.9739130434782609 1054.9614132545325 22.499118877168865 120
0.9142857142857143 0.08571428571428572 0.0 0.9185185185185185 0.08148148148148149 0.0 0.9407407407407408 1065.2585054155843 20.940318903498877 140
0.9573170731707317 0.042682926829268296 0.0 0.9559748427672956 0.0440251572327044 0.0 0.610062893081761 1081.597799333469 18.570029399431693 164
0.9695431472081218 0.030456852791878174 0.0 0.96875 0.03125 0.0 0.75 1004.2935959201535 17.82207017103808 197
0.87248322147651 0.12751677852348994 0.0 0.8680555555555556 0.13194444444444445 0.0 0.6875 1076.0875368724705 19.914852776893603 149
0.9459459459459459 0.05405405405405406 0.0 0.9433962264150944 0.05660377358490566 0.0 0.9339622641509434 1022.4063755808439 21.633412480014 111
0.963855421686747 0.03614457831325301 0.0 0.9627329192546584 0.037267080745341616 0.0 0.5341614906832298 1054.8351443111328 18.194157462064457 166
0.937007874015748 0.06299212598425197 0.0 0.9344262295081968 0.06557377049180328 0.0 0.7459016393442623 1053.9311855091391 20.043236011108547 127
0.961038961038961 0.03896103896103896 0.0 0.959731543624161 0.040268456375838924 0.0 0.7114093959731543 1087.4433487440633 19.919394217963134 154
0.7763157894736842 0.2236842105263158 0.0 0.7687074829931972 0.23129251700680273 0.0 0.6938775510204082 1060.3983935957888 19.278912030466994 152
0.9017857142857143 0.09821428571428571 0.0 0.897196261682243 0.102803738317757 0.0 0.9065420560747663 998.8611959291101 21.725169454291994 112
0.8896551724137931 0.1103448275862069 0.0 0.8857142857142857 0.11428571428571428 0.0 0.6642857142857143 1066.8666214848247 18.817386964759017 145
0.8571428571428571 0.14285714285714285 0.0 0.8481012658227848 0.1518987341772152 0.0 0.8481012658227848 1065.3622960885946 22.72466973779746 84
0.8582089552238806 0.1417910447761194 0.0 0.8527131782945736 0.14728682170542637 0.0 0.9534883720930233 1038.1637338819746 20.342132785883113 134
0.8252427184466019 0.17475728155339806 0.0 0.8163265306122449 0.1836734693877551 0.0 0.7959183673469388 1077.692789181254 21.94063674750429 103
0.994475138121547 0.0055248618784530384 0.0 0.9943181818181818 0.005681818181818182 0.0 0.0 1087.2737318787993 18.24850682985592 181
0.8849557522123894 0.11504424778761062 0.0 0.8796296296296297 0.12037037037037036 0.0 0.8425925925925926 1043.043169647908 20.63399691359793 113
0.9259259259259259 0.07407407407407407 0.0 0.9235668789808917 0.07643312101910828 0.0 0.6114649681528662 1087.2498261005574 20.145603604800463 162
0.8130841121495327 0.18691588785046728 0.0 0.803921568627451 0.19607843137254902 0.0 0.7352941176470589 1031.557973613209 21.44544986264477 107
0.8283582089552238 0.17164179104477612 0.0 0.8217054263565892 0.17829457364341086 0.0 0.9922480620155039 1031.6808490695748 18.970567038553312 134
0.9319727891156463 0.06802721088435375 0.0 0.9295774647887324 0.07042253521126761 0.0 0.7605633802816901 1022.0477444646456 19.61758184744787 147
0.8962962962962963 0.1037037037037037 0.0 0.8923076923076924 0.1076923076923077 0.0 0.6461538461538462 1045.8085843081622 20.072103158259477 135
0.9826589595375722 0.017341040462427744 0.0 0.9821428571428571 0.017857142857142856 0.0 0.7678571428571429 1032.273375103281 18.40600666792595 173
0.9333333333333333 0.06666666666666667 0.0 0.9368421052631579 0.06315789473684211 0.0 0.6684210526315789 1033.3736646903249 17.096175984816455 195
0.8880597014925373 0.11194029850746269 0.0 0.8837209302325582 0.11627906976744186 0.0 0.5736434108527132 1087.3977737101884 19.465251865491116 134
0.7973856209150327 0.20261437908496732 0.0 0.7905405405405406 0.20945945945945946 0.0 0.6756756756756757 1086.619766622441 19.051051186198542 153
0.8677685950413223 0.1322314049586777 0.0 0.8706896551724138 0.12931034482758622 0.0 0.7844827586206896 1079.4285776404054 20.689449348900546 121
0.8672566371681416 0.13274336283185842 0.0 0.8611111111111112 0.1388888888888889 0.0 0.7777777777777778 1087.215816562964 21.015077108002888 113
0.8525641025641025 0.14743589743589744 0.0 0.847682119205298 0.152317880794702 0.0 0.7880794701986755 1076.6408455710757 19.950429472608942 156
0.9354838709677419 0.06451612903225806 0.0 0.9333333333333333 0.06666666666666667 0.0 0.8133333333333334 1087.415013511226 18.688493780755792 155
0.8252427184466019 0.17475728155339806 0.0 0.8163265306122449 0.1836734693877551 0.0 0.7551020408163265 1079.2678815887223 20.259484154621894 103
0.9452054794520548 0.0547945205479452 0.0 0.950354609929078 0.04964539007092199 0.0 0.8581560283687943 1074.6272195658942 19.616792375755228 146
0.8492063492063492 0.15079365079365079 0.0 0.8429752066115702 0.15702479338842976 0.0 0.7520661157024794 1057.3090669474536 21.087986855498908 126
0.9 0.1 0.0 0.8956521739130435 0.10434782608695652 0.0 0.8 1071.5779681410236 21.849341538498354 120
0.9929577464788732 0.007042253521126761 0.0 0.9927007299270073 0.0072992700729927005 0.0 0.0 1051.5177238813326 17.99633177545032 142
0.8673469387755102 0.1326530612244898 0.0 0.8602150537634409 0.13978494623655913 0.0 0.8494623655913979 1044.639845459295 21.08504600709221 98
0.8731343283582089 0.12686567164179105 0.0 0.8682170542635659 0.13178294573643412 0.0 0.9147286821705426 1081.7066757251423 19.431307157894526 134
0.9605263157894737 0.039473684210526314 0.0 0.9591836734693877 0.04081632653061224 0.0 0.8435374149659864 1042.4781933896447 19.045289405171705 152
0.8378378378378378 0.16216216216216217 0.0 0.8301886792452831 0.16981132075471697 0.0 0.9528301886792453 1080.5135634006463 22.595356443923063 111
0.8907563025210085 0.1092436974789916 0.0 0.8859649122807017 0.11403508771929824 0.0 0.6842105263157895 1066.0706390211558 21.34616604541669 119
0.9083969465648855 0.0916030534351145 0.0 0.9047619047619048 0.09523809523809523 0.0 0.873015873015873 1050.8685396422272 21.31854308008723 131
0.8827586206896552 0.11724137931034483 0.0 0.8785714285714286 0.12142857142857143 0.0 0.6214285714285714 1039.600297393431 18.924593173021993 145
0.8898305084745762 0.11016949152542373 0.0 0.8849557522123894 0.11504424778761062 0.0 0.5309734513274337 1087.4877700202928 20.399501393021833 118
0.9217391304347826 0.0782608695652174 0.0 0.9181818181818182 0.08181818181818182 0.0 0.7363636363636363 1062.3948841034683 20.873952926717045 115
0.8257575757575758 0.17424242424242425 0.0 0.8188976377952756 0.18110236220472442 0.0 0.7874015748031497 1073.3465221184604 19.1464710883805 132
0.9290780141843972 0.07092198581560284 0.0 0.9264705882352942 0.07352941176470588 0.0 0.6691176470588235 1041.0971190899184 19.997719687694357 141
0.9338235294117647 0.0661764705882353 0.0 0.9389312977099237 0.061068702290076333 0.0 0.6183206106870229 1033.4440797961474 20.143270467720075 136
0.9875 0.0125 0.0 0.9870967741935484 0.012903225806451613 0.0 0.0 1040.7627930802375 18.372146853608758 160
0.875 0.125 0.0 0.8699186991869918 0.13008130081300814 0.0 0.8211382113821138 1086.8559320275542 19.941471860281695 128
0.8888888888888888 0.1111111111111111 0.0 0.8846153846153846 0.11538461538461539 0.0 0.7923076923076923 1012.6468122603943 20.039864187402813 135
0.9 0.1 0.0 0.8947368421052632 0.10526315789473684 0.0 0.7473684210526316 1069.9186764817985 21.53994075272064 100
0.8468468468468469 0.15315315315315314 0.0 0.839622641509434 0.16037735849056603 0.0 0.7075471698113207 1086.5472335941192 20.62781354533155 111
0.8776978417266187 0.1223021582733813 0.0 0.8731343283582089 0.12686567164179105 0.0 0.6194029850746269 1083.8322255588228 20.37254831970915 139
0.9069767441860465 0.09302325581395349 0.0 0.9032258064516129 0.0967741935483871 0.0 0.717741935483871 1064.026707715212 19.65181754898493 129
0.8545454545454545 0.14545454545454545 0.0 0.8476190476190476 0.1523809523809524 0.0 0.7238095238095238 1039.6628179913048 19.552953618488697 110
0.8951612903225806 0.10483870967741936 0.0 0.8907563025210085 0.1092436974789916 0.0 0.865546218487395 1059.51373672283 20.361889214103215 124
0.9225352112676056 0.07746478873239436 0.0 0.9197080291970803 0.08029197080291971 0.0 0.6788321167883211 1083.7551866094814 19.21008599140434 142
0.8584070796460177 0.1415929203539823 0.0 0.8518518518518519 0.14814814814814814 0.0 0.7592592592592593 1076.8521338577102 19.92073205058701 113
0.923728813559322 0.07627118644067797 0.0 0.9292035398230089 0.07079646017699115 0.0 0.6460176991150443 1087.325504602209 21.244375675568467 118
0.8512396694214877 0.1487603305785124 0.0 0.8448275862068966 0.15517241379310345 0.0 0.9051724137931034 1085.664540762059 20.65511631881634 121
0.9615384615384616 0.038461538461538464 0.0 0.96 0.04 0.0 0.6 1062.7865751404433 18.940955460987215 130
0.8823529411764706 0.11764705882352941 0.0 0.8783783783783784 0.12162162162162163 0.0 0.581081081081081 1087.0476100056524 19.38112972744846 153
0.8614457831325302 0.12048192771084337 0.018072289156626505 0.8571428571428571 0.12422360248447205 0.018633540372670808 0.7142857142857143 1021.5372649558285 18.575962376462055 166
0.9357142857142857 0.06428571428571428 0.0 0.9333333333333333 0.06666666666666667 0.0 0.837037037037037 909.0434667417344 18.577929490337468 140
0.9354838709677419 0.06451612903225806 0.0 0.9327731092436975 0.06722689075630252 0.0 0.6722689075630253 1065.7109820237529 19.529530144851147 124
0.9534883720930233 0.046511627906976744 0.0 0.9520958083832335 0.04790419161676647 0.0 0.8982035928143712 1038.9673912035046 18.334126495441602 172
0.89 0.11 0.0 0.8842105263157894 0.11578947368421053 0.0 1.0 1055.975779381354 23.669427239986998 100
0.9084507042253521 0.09154929577464789 0.0 0.9051094890510949 0.0948905109489051 0.0 0.7445255474452555 1087.0219480703731 19.264737136818916 142
0.954954954954955 0.04504504504504504 0.0 0.9528301886792453 0.04716981132075472 0.0 0.7358490566037735 1052.4615233190655 19.931643955103123 111
0.952755905511811 0.047244094488188976 0.0 0.9508196721311475 0.04918032786885246 0.0 0.9098360655737705 1069.3309728340168 19.64502839764557 127
0.9695121951219512 0.03048780487804878 0.0 0.9685534591194969 0.031446540880503145 0.0 0.8364779874213837 1048.5262490704188 17.661643174074666 164
0.9193548387096774 0.08064516129032258 0.0 0.9159663865546218 0.08403361344537816 0.0 0.7983193277310925 1045.4864202613962 20.6659089935215 124
0.8896103896103896 0.11038961038961038 0.0 0.8859060402684564 0.11409395973154363 0.0 0.6510067114093959 1087.4513776109882 19.835774435820557 154
0.8869565217391304 0.11304347826086956 0.0 0.8818181818181818 0.11818181818181818 0.0 1.0 1028.9727561030702 21.08704159906049 115
0.9602649006622517 0.039735099337748346 0.0 0.958904109589041 0.0410958904109589 0.0 0.863013698630137 1082.0041336568793 19.678238707134458 151
0.8629032258064516 0.13709677419354838 0.0 0.8571428571428571 0.14285714285714285 0.0 0.7310924369747899 1069.5818887803673 19.796973182501826 124
0.863013698630137 0.136986301369863 0.0 0.8652482269503546 0.1347517730496454 0.0 0.7304964539007093 1082.088482525872 19.347423849933456 146
0.9180327868852459 0.08196721311475409 0.0 0.9145299145299145 0.08547008547008547 0.0 0.9487179487179487 1000.1307755819158 19.232824721506258 122
0.9140625 0.0859375 0.0 0.9105691056910569 0.08943089430894309 0.0 0.8130081300813008 1084.5991775548084 19.55337904923326 128
0.9316239316239316 0.06837606837606838 0.0 0.9285714285714286 0.07142857142857142 0.0 0.8928571428571429 1051.8960273795344 21.986136565723726 117
0.8769230769230769 0.12307692307692308 0.0 0.88 0.12 0.0 0.848 1075.3339707767454 20.502512750662493 130
0.9105691056910569 0.08943089430894309 0.0 0.9067796610169492 0.09322033898305085 0.0 0.6271186440677966 1032.5544262074916 19.922852983328323 123
0.9389312977099237 0.061068702290076333 0.0 0.9365079365079365 0.06349206349206349 0.0 0.8174603174603174 1075.610347458086 18.985310810619918 131
0.958041958041958 0.04195804195804196 0.0 0.9565217391304348 0.043478260869565216 0.0 0.9347826086956522 1075.5375950384398 18.905298739662488 143
0.9024390243902439 0.0975609756097561 0.0 0.8983050847457628 0.1016949152542373 0.0 0.5169491525423728 1081.4782293652597 20.026295316745472 123
0.8434782608695652 0.1565217391304348 0.0 0.8363636363636363 0.16363636363636364 0.0 0.8181818181818182 1079.3232172855483 21.78544008560723 115
0.9290780141843972 0.07092198581560284 0.0 0.9264705882352942 0.07352941176470588 0.0 0.6617647058823529 1071.4787914339695 19.513945555806938 141
0.9262295081967213 0.07377049180327869 0.0 0.9230769230769231 0.07692307692307693 0.0 0.9914529914529915 1046.9966085111123 19.690711483952835 122
0.819672131147541 0.18032786885245902 0.0 0.8205128205128205 0.1794871794871795 0.0 0.7264957264957265 1087.31144143758 20.121649690517316 122
0.9285714285714286 0.07142857142857142 0.0 0.9259259259259259 0.07407407407407407 0.0 1.0 1065.9468572641815 21.08122358622431 140
0.9539473684210527 0.046052631578947366 0.0 0.9523809523809523 0.047619047619047616 0.0 0.006802721088435374 1038.9419071249938 17.54587230416113 152
0.9051094890510949 0.0948905109489051 0.0 0.9015151515151515 0.09848484848484848 0.0 0.7424242424242424 1029.82352025935 19.399385559121846 137
0.9316239316239316 0.06837606837606838 0.0 0.9285714285714286 0.07142857142857142 0.0 0.6517857142857143 1071.6238927091858 19.26917862154325 117
0.9121621621621622 0.08783783783783784 0.0 0.916083916083916 0.08391608391608392 0.0 0.8811188811188811 967.2616378355123 18.85599240150087 148
0.9545454545454546 0.045454545454545456 0.0 0.952755905511811 0.047244094488188976 0.0 0.6220472440944882 1084.3404910474362 19.6340801932094 132
0.8461538461538461 0.15384615384615385 0.0 0.8383838383838383 0.16161616161616163 0.0 0.7070707070707071 1020.5458842356247 21.664630933180693 104
0.9130434782608695 0.08695652173913043 0.0 0.9090909090909091 0.09090909090909091 0.0 0.9636363636363636 1058.813162658769 21.596517736301895 115
0.9763779527559056 0.023622047244094488 0.0 0.9754098360655737 0.02459016393442623 0.0 0.5983606557377049 1008.4135600651666 18.85107568799517 127
0.9219858156028369 0.07801418439716312 0.0 0.9191176470588235 0.08088235294117647 0.0 0.7426470588235294 1064.3115971526263 20.198051327101226 141
0.8260869565217391 0.17391304347826086 0.0 0.8160919540229885 0.1839080459770115 0.0 0.9885057471264368 955.848740489419 22.092093184499923 92
0.8932038834951457 0.10679611650485436 0.0 0.8877551020408163 0.11224489795918367 0.0 0.826530612244898 1069.7160734323134 21.875991849911898 103
0.9 0.1 0.0 0.8952380952380953 0.10476190476190476 0.0 0.9619047619047619 1057.5657648428667 22.34107525503975 110
0.905511811023622 0.09448818897637795 0.0 0.9016393442622951 0.09836065573770492 0.0 0.8770491803278688 1032.8466041671186 19.621143699477805 127
0.9057971014492754 0.09420289855072464 0.0 0.9022556390977443 0.09774436090225563 0.0 0.8646616541353384 1071.3676656140594 20.794463646630742 138
0.8976377952755905 0.10236220472440945 0.0 0.8934426229508197 0.10655737704918032 0.0 0.6557377049180327 1085.9921146992674 20.292398777608092 127
0.8105263157894737 0.18947368421052632 0.0 0.8 0.2 0.0 0.7333333333333333 1057.6155343936239 20.841145816906216 95
0.849624060150376 0.15037593984962405 0.0 0.84375 0.15625 0.0 0.8046875 1048.1701369597452 20.782944014290454 133
0.9202898550724637 0.07971014492753623 0.0 0.9172932330827067 0.08270676691729323 0.0 0.5263157894736842 1058.916728001244 18.416333090107173 138
0.9044117647058824 0.09558823529411764 0.0 0.9083969465648855 0.0916030534351145 0.0 0.5114503816793893 1081.0116021635672 19.217452014503323 136
0.90625 0.09375 0.0 0.9024390243902439 0.0975609756097561 0.0 0.8292682926829268 1055.9880866372657 20.981555372040514 128
0.9069767441860465 0.09302325581395349 0.0 0.9032258064516129 0.0967741935483871 0.0 0.8548387096774194 1051.8161233012786 20.750516810971863 129
0.87 0.13 0.0 0.8631578947368421 0.1368421052631579 0.0 0.8210526315789474 1056.3512844162672 21.744895467530753 100
0.9626865671641791 0.03731343283582089 0.0 0.9612403100775194 0.03875968992248062 0.0 0.6666666666666666 1048.9104497353487 18.958619684479604 134
0.8403361344537815 0.15966386554621848 0.0 0.8333333333333334 0.16666666666666666 0.0 0.7807017543859649 1064.4458127337673 20.573909226905577 119
0.8 0.2 0.0 0.7888888888888889 0.2111111111111111 0.0 0.8 999.8190181818119 20.339750360309306 95
0.9481481481481482 0.05185185185185185 0.0 0.9461538461538461 0.05384615384615385 0.0 0.6461538461538462 1051.0337845461568 19.448964303133522 135
0.9210526315789473 0.07894736842105263 0.0 0.9174311926605505 0.08256880733944955 0.0 0.8532110091743119 1086.260141664861 20.35651609222742 114
0.8543689320388349 0.14563106796116504 0.0 0.8571428571428571 0.14285714285714285 0.0 0.9081632653061225 1074.54420574302 22.02729760947055 103
0.8571428571428571 0.14285714285714285 0.0 0.8481012658227848 0.1518987341772152 0.0 0.9493670886075949 1080.9854406075126 22.65779683315397 84
0.8907563025210085 0.1092436974789916 0.0 0.8859649122807017 0.11403508771929824 0.0 0.7105263157894737 1066.9942665466112 20.0484632820684 119
0.9649122807017544 0.03508771929824561 0.0 0.963855421686747 0.03614457831325301 0.0 0.8493975903614458 1085.4829470885634 17.972844290015786 171
0.8878504672897196 0.11214953271028037 0.0 0.8921568627450981 0.10784313725490197 0.0 0.8235294117647058 1066.1612880258092 22.408477145502275 107
0.9125 0.0875 0.0 0.9096774193548387 0.09032258064516129 0.0 0.7548387096774194 1085.8352118438236 19.73354446650104 160
0.8926174496644296 0.10738255033557047 0.0 0.8888888888888888 0.1111111111111111 0.0 0.6666666666666666 1060.9956943023492 20.20252637990808 149
0.8842975206611571 0.11570247933884298 0.0 0.8793103448275862 0.1206896551724138 0.0 0.6982758620689655 1031.5113350161564 20.074999863334664 121
0.9365079365079365 0.06349206349206349 0.0 0.9338842975206612 0.06611570247933884 0.0 0.9504132231404959 1011.6035721063517 19.846756462352285 126
0.883495145631068 0.11650485436893204 0.0 0.8775510204081632 0.12244897959183673 0.0 0.826530612244898 1086.1011361652443 21.943612659515587 103
0.9081632653061225 0.09183673469387756 0.0 0.9032258064516129 0.0967741935483871 0.0 0.989247311827957 1052.754388469689 22.843476470230087 98
0.9105691056910569 0.08943089430894309 0.0 0.9067796610169492 0.09322033898305085 0.0 0.8728813559322034 1071.6647564874659 20.32785085699134 123
0.8736842105263158 0.12631578947368421 0.0 0.8666666666666667 0.13333333333333333 0.0 0.9555555555555556 1058.2061003981044 23.275201809243576 95
0.8869565217391304 0.11304347826086956 0.0 0.8909090909090909 0.10909090909090909 0.0 1.0 1082.9468081093942 21.313673706966267 115
0.8247422680412371 0.17525773195876287 0.0 0.8152173913043478 0.18478260869565216 0.0 0.7282608695652174 1041.2294080514393 22.33839716808452 97
0.9 0.1 0.0 0.896 0.104 0.0 0.64 1067.2669898866634 20.25985342026642 130
0.9243697478991597 0.07563025210084033 0.0 0.9210526315789473 0.07894736842105263 0.0 0.7719298245614035 1069.7545416851774 21.067403516783735 119
0.9130434782608695 0.08695652173913043 0.0 0.9097744360902256 0.09022556390977443 0.0 0.7969924812030075 1073.7636372631111 19.347120532087814 138
0.8661417322834646 0.13385826771653545 0.0 0.8688524590163934 0.13114754098360656 0.0 0.860655737704918 1087.1560615043513 19.81853129510556 127
0.9056603773584906 0.09433962264150944 0.0 0.9025974025974026 0.09740259740259741 0.0 0.7402597402597403 1085.1481118950494 19.156633055193627 159
0.9583333333333334 0.041666666666666664 0.0 0.9568345323741008 0.04316546762589928 0.0 0.8345323741007195 1039.6046007781244 20.18633025945934 144
0.808 0.192 0.0 0.8083333333333333 0.19166666666666668 0.0 0.9083333333333333 1059.6224990077458 18.34952157138964 125
0.9292035398230089 0.07079646017699115 0.0 0.9259259259259259 0.07407407407407407 0.0 0.9722222222222222 1021.604661248091 20.086877072652527 113
0.8283582089552238 0.17164179104477612 0.0 0.8217054263565892 0.17829457364341086 0.0 0.689922480620155 1087.4792916989509 19.267835011168224 134
0.9217391304347826 0.0782608695652174 0.0 0.9181818181818182 0.08181818181818182 0.0 0.8818181818181818 1045.0141717429406 21.31517472390006 115
0.83 0.17 0.0 0.8210526315789474 0.17894736842105263 0.0 0.7789473684210526 1047.6765970360455 21.98296027248831 100
0.8938053097345132 0.10619469026548672 0.0 0.8888888888888888 0.1111111111111111 0.0 1.0 1049.3010512290293 21.818312440859884 113
0.8652482269503546 0.1276595744680851 0.0070921985815602835 0.8602941176470589 0.1323529411764706 0.007352941176470588 0.7573529411764706 1023.7822652001304 17.656825856122648 141
0.87248322147651 0.12751677852348994 0.0 0.8680555555555556 0.13194444444444445 0.0 0.75 1081.161251236019 18.972332353351888 149
1.0 0.0 0.0 1.0 0.0 0.0 0.0 1030.869404200315 18.306031525106537 171
0.9751552795031055 0.024844720496894408 0.0 0.9743589743589743 0.02564102564102564 0.0 0.8974358974358975 989.5958324543193 18.72914259678286 161
0.8492063492063492 0.15079365079365079 0.0 0.8429752066115702 0.15702479338842976 0.0 0.7272727272727273 1040.5110082841668 20.49715836500493 126
0.9029126213592233 0.0970873786407767 0.0 0.8979591836734694 0.10204081632653061 0.0 0.7857142857142857 1022.3577946865563 21.872523124518096 103
0.8712871287128713 0.12871287128712872 0.0 0.8645833333333334 0.13541666666666666 0.0 0.8020833333333334 964.6100807084963 22.366784331533264 101
0.8549618320610687 0.13740458015267176 0.007633587786259542 0.8492063492063492 0.14285714285714285 0.007936507936507936 0.6984126984126984 1087.3555217497483 19.256850512214022 131
0.9345238095238095 0.06547619047619048 0.0 0.9325153374233128 0.06748466257668712 0.0 0.5644171779141104 1029.789050358827 18.763639112438195 168
0.9253731343283582 0.07462686567164178 0.0 0.9224806201550387 0.07751937984496124 0.0 0.8062015503875969 1074.2663487653367 20.92456974255903 134
0.95625 0.04375 0.0 0.9548387096774194 0.04516129032258064 0.0 0.567741935483871 1071.3566801156326 18.781604196727844 160
0.8958333333333334 0.10416666666666667 0.0 0.8920863309352518 0.1079136690647482 0.0 0.5899280575539568 1061.5429171057283 18.15615397044509 144
0.8157894736842105 0.18421052631578946 0.0 0.8028169014084507 0.19718309859154928 0.0 0.8732394366197183 1044.0691386092817 23.313534460893 76
0.875 0.125 0.0 0.8695652173913043 0.13043478260869565 0.0 0.991304347826087 1076.0470608428218 21.640083829024427 120
0.8357142857142857 0.16428571428571428 0.0 0.8296296296296296 0.17037037037037037 0.0 1.0 1068.044433852987 20.199814963891 140
0.9503105590062112 0.049689440993788817 0.0 0.9487179487179487 0.05128205128205128 0.0 0.4423076923076923 1028.5656809219242 18.53871022501468 161
0.9236641221374046 0.07633587786259542 0.0 0.9206349206349206 0.07936507936507936 0.0 0.6984126984126984 1039.8185715733127 21.159229017747034 131
0.9707602339181286 0.029239766081871343 0.0 0.9698795180722891 0.030120481927710843 0.0 0.7469879518072289 1012.4403598810366 18.569257166374708 171
0.8666666666666667 0.13333333333333333 0.0 0.8615384615384616 0.13846153846153847 0.0 0.5 1069.3097182996853 21.18750258532147 135
0.949685534591195 0.050314465408805034 0.0 0.9545454545454546 0.045454545454545456 0.0 0.9285714285714286 1000.4536489127718 17.121918675508844 159
0.9735099337748344 0.026490066225165563 0.0 0.9726027397260274 0.0273972602739726 0.0 0.0 988.9517285647865 17.315169172866963 151
0.9310344827586207 0.06896551724137931 0.0 0.9279279279279279 0.07207207207207207 0.0 0.8558558558558559 1027.5983444359458 20.410273666883715 116
0.8227848101265823 0.17721518987341772 0.0 0.8108108108108109 0.1891891891891892 0.0 1.0 1030.4787583992847 22.942325964417698 79
0.8736842105263158 0.12631578947368421 0.0 0.8666666666666667 0.13333333333333333 0.0 0.8666666666666667 1038.44164949834 23.4713453338926 95
0.8951612903225806 0.10483870967741936 0.0 0.8907563025210085 0.1092436974789916 0.0 1.0 1035.4890062261964 20.626004714313357 124
0.9296875 0.0703125 0.0 0.926829268292683 0.07317073170731707 0.0 0.8699186991869918 1045.6607977181309 21.459301868691856 128
0.8571428571428571 0.14285714285714285 0.0 0.85 0.15 0.0 0.9 1051.2544522845487 20.952955173820122 105
0.8297872340425532 0.1702127659574468 0.0 0.8235294117647058 0.17647058823529413 0.0 0.9485294117647058 1086.084358186677 19.798288175033317 141
0.9830508474576272 0.01694915254237288 0.0 0.9823008849557522 0.017699115044247787 0.0 0.9823008849557522 1045.559074832562 20.177045569786067 118
0.8545454545454545 0.14545454545454545 0.0 0.8476190476190476 0.1523809523809524 0.0 0.8571428571428571 1022.5501041187422 21.469799688028782 110
0.9440559440559441 0.055944055944055944 0.0 0.9420289855072463 0.057971014492753624 0.0 0.6014492753623188 1007.9909158177978 19.140748594044357 143
0.875 0.125 0.0 0.8707482993197279 0.1292517006802721 0.0 0.9863945578231292 1082.871530186851 19.310392902367102 152
0.8897058823529411 0.11029411764705882 0.0 0.8854961832061069 0.11450381679389313 0.0 0.7938931297709924 1082.4566074388724 20.44358612335572 136
0.8783783783783784 0.12162162162162163 0.0 0.8741258741258742 0.1258741258741259 0.0 0.8741258741258742 1084.0692411042537 19.33805764426301 148
0.993421052631579 0.006578947368421052 0.0 0.9931972789115646 0.006802721088435374 0.0 0.6462585034013606 1033.8444199773057 16.480492781504093 152
0.9942857142857143 0.005714285714285714 0.0 0.9941176470588236 0.0058823529411764705 0.0 0.0 1047.3863847857415 18.441131607812203 175
0.8559322033898306 0.1440677966101695 0.0 0.8584070796460177 0.1415929203539823 0.0 0.6991150442477876 1073.53522617603 20.189072926435124 118
1.0 0.0 0.0 1.0 0.0 0.0 0.0 1054.4183212566636 17.444641397577204 180
0.8524590163934426 0.14754098360655737 0.0 0.8461538461538461 0.15384615384615385 0.0 0.811965811965812 1070.4958080534004 21.234324360374487 122
0.8369565217391305 0.16304347826086957 0.0 0.8275862068965517 0.1724137931034483 0.0 1.0 1067.2529640809528 22.76198038726006 92
0.9760479041916168 0.023952095808383235 0.0 0.9753086419753086 0.024691358024691357 0.0 0.006172839506172839 1000.0413826071957 17.631284686237294 167
0.7850467289719626 0.21495327102803738 0.0 0.7745098039215687 0.22549019607843138 0.0 0.9901960784313726 1052.899395388348 21.201882980156277 107
1.0 0.0 0.0 1.0 0.0 0.0 0.8633093525179856 1082.0166492198136 19.049955990124985 144
0.9236111111111112 0.06944444444444445 0.006944444444444444 0.9280575539568345 0.07194244604316546 0.0 0.0 1080.2938325345267 18.866078250494123 144
0.7431192660550459 0.23853211009174313 0.01834862385321101 0.7307692307692307 0.25 0.019230769230769232 0.5673076923076923 1079.3076409757962 22.469284336909638 109
0.9057971014492754 0.09420289855072464 0.0 0.9022556390977443 0.09774436090225563 0.0 0.7669172932330827 1087.0928182739833 20.83757699025245 138
0.7901234567901234 0.20987654320987653 0.0 0.7763157894736842 0.2236842105263158 0.0 0.8157894736842105 1048.1595096801195 23.7225783163883 81
0.9492753623188406 0.050724637681159424 0.0 0.9473684210526315 0.05263157894736842 0.0 0.6541353383458647 1052.420772690208 19.31926502827107 138
0.9425287356321839 0.05747126436781609 0.0 0.9390243902439024 0.06097560975609756 0.0 0.9146341463414634 1032.7350134074495 21.699845001215706 87
0.8632478632478633 0.13675213675213677 0.0 0.8571428571428571 0.14285714285714285 0.0 0.6428571428571429 1086.280487630923 20.739095805622792 117
0.905511811023622 0.09448818897637795 0.0 0.9016393442622951 0.09836065573770492 0.0 0.6311475409836066 1076.7527132347427 20.186124458435394 127
0.9393939393939394 0.06060606060606061 0.0 0.937007874015748 0.06299212598425197 0.0 0.6456692913385826 1085.3571235778995 20.637024183048453 132
0.8559322033898306 0.13559322033898305 0.00847457627118644 0.8584070796460177 0.13274336283185842 0.008849557522123894 0.7079646017699115 1063.6033187922035 20.605739847499425 118
0.9365079365079365 0.06349206349206349 0.0 0.9338842975206612 0.06611570247933884 0.0 0.859504132231405 1032.2013266438798 21.015632323909955 126
0.8796296296296297 0.12037037037037036 0.0 0.8737864077669902 0.1262135922330097 0.0 0.7572815533980582 1009.1170952089603 21.532279522106755 108
0.9324324324324325 0.06756756756756757 0.0 0.9300699300699301 0.06993006993006994 0.0 0.8111888111888111 1028.438548191408 20.11856067580039 148
0.9333333333333333 0.06666666666666667 0.0 0.9391304347826087 0.06086956521739131 0.0 0.991304347826087 1076.8246247971817 21.30138393282781 120
0.888235294117647 0.11176470588235295 0.0 0.8848484848484849 0.11515151515151516 0.0 0.7818181818181819 1079.9587842426713 19.42699154470284 170
0.8859649122807017 0.11403508771929824 0.0 0.8807339449541285 0.11926605504587157 0.0 0.7431192660550459 1041.7236247117128 21.238947272633474 114
0.8809523809523809 0.11904761904761904 0.0 0.8734177215189873 0.12658227848101267 0.0 0.9493670886075949 1061.103552077572 23.011672291174467 84
0.8773584905660378 0.12264150943396226 0.0 0.8712871287128713 0.12871287128712872 0.0 0.9801980198019802 1015.50474710657 20.609749740382753 106
0.8596491228070176 0.14035087719298245 0.0 0.8532110091743119 0.14678899082568808 0.0 0.8256880733944955 1031.8232115994886 21.822750375448475 114
0.9017857142857143 0.09821428571428571 0.0 0.897196261682243 0.102803738317757 0.0 0.7383177570093458 1080.8799341547883 21.573921707088097 112
0.8721804511278195 0.12781954887218044 0.0 0.8671875 0.1328125 0.0 0.8828125 1030.4189040023978 19.52937027096039 133
0.9386503067484663 0.06134969325153374 0.0 0.9430379746835443 0.056962025316455694 0.0 0.8607594936708861 992.4600717165681 17.27653207422871 163
0.7865168539325843 0.21348314606741572 0.0 0.7738095238095238 0.2261904761904762 0.0 0.9642857142857143 1037.398643016458 24.42771928388745 89
0.9810126582278481 0.0189873417721519 0.0 0.9803921568627451 0.0196078431372549 0.0 0.803921568627451 1070.2450685908223 19.080023326589714 158
0.9007633587786259 0.09923664122137404 0.0 0.8968253968253969 0.10317460317460317 0.0 0.7222222222222222 1000.5791226925271 18.519206138312004 131
0.8990825688073395 0.10091743119266056 0.0 0.8942307692307693 0.10576923076923077 0.0 0.7980769230769231 982.2123543591745 19.549731145575155 109
0.9051724137931034 0.09482758620689655 0.0 0.9009009009009009 0.0990990990990991 0.0 0.7387387387387387 1077.3531363287848 21.137939674411268 116
0.839622641509434 0.16037735849056603 0.0 0.8316831683168316 0.16831683168316833 0.0 0.9801980198019802 1078.7646388940368 22.524165595843264 106
0.7319587628865979 0.26804123711340205 0.0 0.7282608695652174 0.2717391304347826 0.0 0.6630434782608695 1060.7992754417694 21.856786491987897 97
0.9 0.1 0.0 0.896551724137931 0.10344827586206896 0.0 0.9103448275862069 1027.720856028205 19.576712076618097 150
0.9694656488549618 0.030534351145038167 0.0 0.9682539682539683 0.031746031746031744 0.0 0.6825396825396826 1041.5313717504969 19.992933861331963 131
0.8854961832061069 0.11450381679389313 0.0 0.8809523809523809 0.11904761904761904 0.0 0.9920634920634921 1071.714406220968 21.683431089658875 131
0.875 0.125 0.0 0.8695652173913043 0.13043478260869565 0.0 0.8521739130434782 1037.8642786667779 22.36623778184814 120
0.8538461538461538 0.14615384615384616 0.0 0.848 0.152 0.0 0.896 1005.1539626389521 19.14319607437179 130
0.8992805755395683 0.10071942446043165 0.0 0.8955223880597015 0.1044776119402985 0.0 0.7611940298507462 1070.0807458224378 19.95408334930997 139
1.0 0.0 0.0 1.0 0.0 0.0 0.0 1085.6672055850333 18.121570501830945 147
0.9506172839506173 0.04938271604938271 0.0 0.9554140127388535 0.044585987261146494 0.0 0.5796178343949044 1060.8402783265994 18.815015709455825 162
0.9024390243902439 0.0975609756097561 0.0 0.8983050847457628 0.1016949152542373 0.0 0.6610169491525424 1043.5338506734438 20.541253856361294 123
0.9367088607594937 0.06329113924050633 0.0 0.934640522875817 0.06535947712418301 0.0 0.7647058823529411 1085.7973019168285 18.348826054976033 158
0.8161764705882353 0.18382352941176472 0.0 0.816793893129771 0.183206106870229 0.0 0.8091603053435115 1086.9421478553716 21.456897619968725 136
0.9090909090909091 0.09090909090909091 0.0 0.9047619047619048 0.09523809523809523 0.0 0.6476190476190476 950.8519123014495 19.73516013126956 110
0.8205128205128205 0.1794871794871795 0.0 0.8125 0.1875 0.0 0.8839285714285714 1024.2720632431299 21.031693988036555 117
0.7708333333333334 0.22916666666666666 0.0 0.7692307692307693 0.23076923076923078 0.0 0.7692307692307693 1078.6212052569858 20.41236532625585 96
0.85 0.15 0.0 0.8444444444444444 0.15555555555555556 0.0 0.7851851851851852 993.1291079310147 19.34178916202116 140
0.864406779661017 0.13559322033898305 0.0 0.8584070796460177 0.1415929203539823 0.0 0.7345132743362832 1045.9404912907391 19.75952273763392 118
0.8934426229508197 0.10655737704918032 0.0 0.8888888888888888 0.1111111111111111 0.0 0.7264957264957265 1021.4099898394168 21.735735548523742 122
0.926605504587156 0.07339449541284404 0.0 0.9230769230769231 0.07692307692307693 0.0 0.7788461538461539 1015.2489202843152 20.791482444573287 109
0.91875 0.08125 0.0 0.9161290322580645 0.08387096774193549 0.0 0.864516129032258 1047.791337556421 18.545290638356743 160
0.975609756097561 0.024390243902439025 0.0 0.9748427672955975 0.025157232704402517 0.0 0.7672955974842768 1085.0564174712315 19.280363489548723 164
0.897196261682243 0.102803738317757 0.0 0.8921568627450981 0.10784313725490197 0.0 0.8235294117647058 1030.301871695688 20.446128930406456 107
0.8394160583941606 0.16058394160583941 0.0 0.8333333333333334 0.16666666666666666 0.0 0.946969696969697 1025.7655440366864 20.775106588378307 137
0.8582089552238806 0.1417910447761194 0.0 0.8527131782945736 0.14728682170542637 0.0 0.6046511627906976 992.2786599254804 19.54403224240786 134
0.8439716312056738 0.15602836879432624 0.0 0.8382352941176471 0.16176470588235295 0.0 0.9852941176470589 1055.3175499804668 20.481721098103165 141
0.8736842105263158 0.12631578947368421 0.0 0.8666666666666667 0.13333333333333333 0.0 0.8888888888888888 1074.8206644878562 21.844500069026058 95
0.7924528301886793 0.20754716981132076 0.0 0.7821782178217822 0.21782178217821782 0.0 0.6633663366336634 1073.2335590818325 20.949628415716298 106
0.85 0.15 0.0 0.8421052631578947 0.15789473684210525 0.0 1.0 1035.5543581143654 24.019825468147868 100
0.8671328671328671 0.13286713286713286 0.0 0.8623188405797102 0.13768115942028986 0.0 0.7753623188405797 1063.7526624807708 21.052080016917973 143
0.8 0.2 0.0 0.792 0.208 0.0 0.8 1040.8983897592254 19.1442759522321 130
0.9225352112676056 0.07746478873239436 0.0 0.9197080291970803 0.08029197080291971 0.0 0.8175182481751825 1085.0627393462198 20.077086055449108 142
0.8832116788321168 0.11678832116788321 0.0 0.8787878787878788 0.12121212121212122 0.0 0.6666666666666666 1072.221937894539 19.184083238914145 137
0.9161676646706587 0.08383233532934131 0.0 0.9135802469135802 0.08641975308641975 0.0 0.5185185185185185 1070.6679042062842 18.83378374991439 167
0.9802631578947368 0.019736842105263157 0.0 0.9795918367346939 0.02040816326530612 0.0 0.006802721088435374 1053.3232334852544 19.398597243656535 152
0.9210526315789473 0.07894736842105263 0.0 0.9174311926605505 0.08256880733944955 0.0 0.7706422018348624 1071.0493294319058 19.84497877556318 114
0.9435483870967742 0.056451612903225805 0.0 0.9411764705882353 0.058823529411764705 0.0 0.8403361344537815 1068.7601387433763 21.195697606628226 124
0.9363636363636364 0.06363636363636363 0.0 0.9428571428571428 0.05714285714285714 0.0 1.0 937.5519415809434 19.98910987975362 110
0.8131868131868132 0.18681318681318682 0.0 0.8023255813953488 0.19767441860465115 0.0 0.9534883720930233 1032.5561153308834 24.219587124625313 91
0.9627329192546584 0.037267080745341616 0.0 0.9615384615384616 0.038461538461538464 0.0 0.9551282051282052 1064.5727035873424 18.441757593078474 161
0.9603174603174603 0.03968253968253968 0.0 0.9586776859504132 0.04132231404958678 0.0 0.6446280991735537 1009.3964886833779 19.214157080543142 126
0.7945205479452054 0.2054794520547945 0.0 0.7794117647058824 0.22058823529411764 0.0 0.9411764705882353 1021.8610309698629 22.461569255453497 73
0.9285714285714286 0.07142857142857142 0.0 0.9256198347107438 0.0743801652892562 0.0 0.6363636363636364 1087.4371482174297 20.398984838809195 126
0.9182389937106918 0.08176100628930817 0.0 0.9155844155844156 0.08441558441558442 0.0 0.7662337662337663 1087.4417107973147 19.75203260490839 159
0.9844961240310077 0.015503875968992248 0.0 0.9838709677419355 0.016129032258064516 0.0 0.0 1058.8080592883305 20.027345369249062 129
