0.87 0.13 0.0 0.8631578947368421 0.1368421052631579 0.0 0.8315789473684211 1081.8151933902636 23.588716046663844 100
0.7431192660550459 0.25688073394495414 0.0 0.7307692307692307 0.2692307692307692 0.0 0.8653846153846154 1054.3513314810389 23.802010904216445 109
0.82 0.18 0.0 0.8105263157894737 0.18947368421052632 0.0 0.7789473684210526 1035.6170737271477 21.637385340019804 100
0.8842975206611571 0.11570247933884298 0.0 0.8793103448275862 0.1206896551724138 0.0 0.75 1087.199239130159 19.88032265726662 121
0.7636363636363637 0.23636363636363636 0.0 0.7523809523809524 0.24761904761904763 0.0 0.8952380952380953 1035.6105785791644 22.527349209615338 110
0.8596491228070176 0.14035087719298245 0.0 0.8532110091743119 0.14678899082568808 0.0 0.8073394495412844 1087.4113710184909 20.41659980738869 114
0.8260869565217391 0.17391304347826086 0.0 0.8195488721804511 0.18045112781954886 0.0 0.7744360902255639 1087.4337023254186 21.213996779331605 138
0.88 0.112 0.008 0.875 0.11666666666666667 0.008333333333333333 1.0 1069.933014076991 22.787155028429762 125
0.7717391304347826 0.22826086956521738 0.0 0.7586206896551724 0.2413793103448276 0.0 0.8160919540229885 1052.2417431582435 21.378149339579338 92
0.8598130841121495 0.14018691588785046 0.0 0.8529411764705882 0.14705882352941177 0.0 0.9019607843137255 1085.2914094313392 21.631041663648617 107
0.8543689320388349 0.14563106796116504 0.0 0.8469387755102041 0.15306122448979592 0.0 0.8673469387755102 1064.3963488698494 23.387932796339697 103
0.8557692307692307 0.14423076923076922 0.0 0.8484848484848485 0.15151515151515152 0.0 0.7777777777777778 1059.4310550346756 23.148687194352096 104
0.8888888888888888 0.1111111111111111 0.0 0.883495145631068 0.11650485436893204 0.0 0.8252427184466019 1086.7388340751418 21.75365862836106 108
0.9215686274509803 0.0784313725490196 0.0 0.9175257731958762 0.08247422680412371 0.0 0.7731958762886598 1058.9279303552607 20.931323001403634 102
0.8835616438356164 0.11643835616438356 0.0 0.8865248226950354 0.11347517730496454 0.0 0.7304964539007093 1051.9704546448982 19.716916445134068 146
0.8070175438596491 0.19298245614035087 0.0 0.7981651376146789 0.2018348623853211 0.0 0.6788990825688074 1087.399555122158 21.66166098950013 114
0.8475609756097561 0.12804878048780488 0.024390243902439025 0.8427672955974843 0.1320754716981132 0.025157232704402517 0.012578616352201259 1024.2067926187544 19.753315665986904 164
0.8809523809523809 0.11904761904761904 0.0 0.8760330578512396 0.12396694214876033 0.0 0.7520661157024794 1082.374015529262 20.43353095635857 126
0.8695652173913043 0.13043478260869565 0.0 0.8646616541353384 0.13533834586466165 0.0 0.8270676691729323 1067.3149239360914 20.54119870437321 138
0.864 0.136 0.0 0.8583333333333333 0.14166666666666666 0.0 0.775 1047.3783593619112 20.16567359338708 125
0.9216867469879518 0.0783132530120482 0.0 0.9192546583850931 0.08074534161490683 0.0 0.8944099378881988 1084.8548372931714 19.888218541460652 166
0.8627450980392157 0.13725490196078433 0.0 0.8556701030927835 0.14432989690721648 0.0 0.8556701030927835 1038.7188069254619 24.229698432507575 102
0.8828828828828829 0.11711711711711711 0.0 0.8773584905660378 0.12264150943396226 0.0 0.7641509433962265 1083.8041855122233 21.157679238777387 111
0.9098360655737705 0.09016393442622951 0.0 0.905982905982906 0.09401709401709402 0.0 0.6923076923076923 1087.3488204762114 19.27780904333935 122
0.8074074074074075 0.1925925925925926 0.0 0.8 0.2 0.0 0.6692307692307692 1039.2923071322027 21.21312023409415 135
0.8582677165354331 0.12598425196850394 0.015748031496062992 0.8524590163934426 0.13114754098360656 0.01639344262295082 0.9344262295081968 1056.5386573897258 21.874041265295496 127
0.801980198019802 0.19801980198019803 0.0 0.7916666666666666 0.20833333333333334 0.0 1.0 1058.698958673076 23.542844769535193 101
0.8 0.2 0.0 0.7904761904761904 0.20952380952380953 0.0 0.9142857142857143 1057.810901942761 22.58134170627762 110
0.7596153846153846 0.21153846153846154 0.028846153846153848 0.7474747474747475 0.2222222222222222 0.030303030303030304 0.8585858585858586 1018.618690980204 25.80119028742198 104
0.7890625 0.203125 0.0078125 0.7804878048780488 0.21138211382113822 0.008130081300813009 0.8536585365853658 1045.1944112694373 22.019675951536577 128
0.9098360655737705 0.09016393442622951 0.0 0.905982905982906 0.09401709401709402 0.0 0.6837606837606838 1030.999427555602 20.669474479076985 122
0.8021978021978022 0.1978021978021978 0.0 0.7906976744186046 0.20930232558139536 0.0 0.7209302325581395 1087.2617658028955 23.010959367020405 91
0.8835616438356164 0.11643835616438356 0.0 0.8794326241134752 0.12056737588652482 0.0 0.7872340425531915 1087.244810515787 20.188890673625675 146
0.8494623655913979 0.13978494623655913 0.010752688172043012 0.8409090909090909 0.14772727272727273 0.011363636363636364 0.9659090909090909 1076.0684225938578 24.4505397294286 93
0.9083969465648855 0.0916030534351145 0.0 0.9047619047619048 0.09523809523809523 0.0 0.7619047619047619 1081.0543460886422 20.89312725686935 131
0.8561151079136691 0.14388489208633093 0.0 0.8582089552238806 0.1417910447761194 0.0 0.8880597014925373 1057.0313917221883 20.688042693058975 139
0.8728813559322034 0.1271186440677966 0.0 0.8672566371681416 0.13274336283185842 0.0 0.6814159292035398 1086.6821708632485 20.479465522200645 118
0.8571428571428571 0.14285714285714285 0.0 0.8481012658227848 0.1518987341772152 0.0 0.7974683544303798 921.8876465464963 22.027198595846833 84
0.8859649122807017 0.11403508771929824 0.0 0.8807339449541285 0.11926605504587157 0.0 0.981651376146789 1013.2921456240841 22.668013902403345 114
0.8727272727272727 0.12727272727272726 0.0 0.8666666666666667 0.13333333333333333 0.0 0.7428571428571429 1087.0835461854272 21.254123769710297 110
0.8230088495575221 0.17699115044247787 0.0 0.8148148148148148 0.18518518518518517 0.0 0.9351851851851852 1075.8769867839844 22.09580074865012 113
0.9203539823008849 0.07964601769911504 0.0 0.9166666666666666 0.08333333333333333 0.0 0.9074074074074074 1026.0197357180082 21.100560244564644 113
0.8514851485148515 0.1485148514851485 0.0 0.84375 0.15625 0.0 0.9166666666666666 1087.4043017142465 21.68779462459208 101
0.7663551401869159 0.22429906542056074 0.009345794392523364 0.7549019607843137 0.23529411764705882 0.00980392156862745 0.9803921568627451 1008.7724099460174 23.483142243315488 107
0.7567567567567568 0.23648648648648649 0.006756756756756757 0.7482517482517482 0.24475524475524477 0.006993006993006993 0.7412587412587412 1087.389273937842 20.65107379584285 148
0.8348623853211009 0.1651376146788991 0.0 0.8269230769230769 0.17307692307692307 0.0 0.9711538461538461 999.9201182687922 21.313829900517582 109
0.8345323741007195 0.16546762589928057 0.0 0.8283582089552238 0.17164179104477612 0.0 0.8283582089552238 1079.7490605991147 20.975970580705592 139
0.7964601769911505 0.20353982300884957 0.0 0.7870370370370371 0.21296296296296297 0.0 1.0 1051.2525304462147 25.599126682821204 113
0.8367346938775511 0.16326530612244897 0.0 0.8279569892473119 0.17204301075268819 0.0 0.7634408602150538 1080.8792789066097 21.264741859004 98
0.8235294117647058 0.16806722689075632 0.008403361344537815 0.8157894736842105 0.17543859649122806 0.008771929824561403 0.8333333333333334 1083.6310268024179 21.49172652679791 119
0.8230088495575221 0.168141592920354 0.008849557522123894 0.8148148148148148 0.17592592592592593 0.009259259259259259 0.7685185185185185 1079.5694287566246 21.21911786477312 113
0.7735849056603774 0.22641509433962265 0.0 0.7662337662337663 0.23376623376623376 0.0 0.974025974025974 1086.1628592033273 20.571209276767437 159
0.8188405797101449 0.18115942028985507 0.0 0.8120300751879699 0.18796992481203006 0.0 0.8045112781954887 1051.438793732426 20.16637599847034 138
0.9024390243902439 0.0975609756097561 0.0 0.8983050847457628 0.1016949152542373 0.0 0.8050847457627118 1086.597292953146 20.087512287570046 123
0.8768115942028986 0.12318840579710146 0.0 0.8721804511278195 0.12781954887218044 0.0 0.7894736842105263 1082.2526636991963 21.044699255400833 138
0.8461538461538461 0.15384615384615385 0.0 0.8405797101449275 0.15942028985507245 0.0 0.8188405797101449 1080.0795344958353 20.140703668911563 143
0.8549618320610687 0.13740458015267176 0.007633587786259542 0.8492063492063492 0.14285714285714285 0.007936507936507936 0.873015873015873 1078.221498926776 21.232786930038284 131
0.8347826086956521 0.16521739130434782 0.0 0.8363636363636363 0.16363636363636364 0.0 0.8272727272727273 1081.6349764839329 22.94080521366871 115
0.9147286821705426 0.08527131782945736 0.0 0.9112903225806451 0.08870967741935484 0.0 0.717741935483871 1038.1570522651732 20.655072236123882 129
0.7678571428571429 0.23214285714285715 0.0 0.7570093457943925 0.24299065420560748 0.0 0.7383177570093458 1080.0488738599329 21.49910530897254 112
0.8396946564885496 0.16030534351145037 0.0 0.8333333333333334 0.16666666666666666 0.0 0.7380952380952381 1084.280414970634 20.035038056945172 131
0.8639455782312925 0.11564625850340136 0.02040816326530612 0.8591549295774648 0.11971830985915492 0.02112676056338028 0.6971830985915493 956.0303917102415 19.842802389640323 147
0.75 0.25 0.0 0.7394957983193278 0.2605042016806723 0.0 0.7983193277310925 1075.7511017823558 21.93570431620864 124
0.8620689655172413 0.13793103448275862 0.0 0.8558558558558559 0.14414414414414414 0.0 0.7657657657657657 1087.488010332973 19.752057085864944 116
0.8352941176470589 0.16470588235294117 0.0 0.825 0.175 0.0 0.9875 946.4120639618352 23.074802723545574 85
0.8188976377952756 0.18110236220472442 0.0 0.8114754098360656 0.1885245901639344 0.0 0.8278688524590164 1068.5073186856962 20.0278609429278 127
0.9047619047619048 0.09523809523809523 0.0 0.9 0.1 0.0 0.86 1061.7626654838052 21.552095468765465 105
0.7796610169491526 0.19491525423728814 0.025423728813559324 0.7699115044247787 0.20353982300884957 0.02654867256637168 0.8230088495575221 1079.5146886690638 22.083907520345573 118
0.8888888888888888 0.10256410256410256 0.008547008547008548 0.8839285714285714 0.10714285714285714 0.008928571428571428 0.8035714285714286 1067.6227993360628 21.718257083844943 117
0.8759124087591241 0.12408759124087591 0.0 0.8712121212121212 0.12878787878787878 0.0 0.6590909090909091 1036.0526719996033 19.77681324299434 137
0.8554216867469879 0.14457831325301204 0.0 0.8571428571428571 0.14285714285714285 0.0 0.7763975155279503 1087.4198104566972 19.40240436102427 166
0.8412698412698413 0.15873015873015872 0.0 0.8347107438016529 0.1652892561983471 0.0 0.9008264462809917 1086.4354240666107 20.850286999600733 126
0.8403361344537815 0.15966386554621848 0.0 0.8333333333333334 0.16666666666666666 0.0 0.8245614035087719 1047.0690094376318 21.96331920588157 119
0.9256198347107438 0.0743801652892562 0.0 0.9224137931034483 0.07758620689655173 0.0 0.7327586206896551 1045.1457486864285 19.78809180031862 121
0.706766917293233 0.2781954887218045 0.015037593984962405 0.6953125 0.2890625 0.015625 0.796875 1025.6394697887893 20.6985022801968 133
0.8773584905660378 0.12264150943396226 0.0 0.8712871287128713 0.12871287128712872 0.0 0.9702970297029703 1034.9033751186857 21.24409880096249 106
0.8365384615384616 0.16346153846153846 0.0 0.8282828282828283 0.1717171717171717 0.0 0.7676767676767676 1087.3895441521388 22.31081204134072 104
0.8907563025210085 0.1092436974789916 0.0 0.8859649122807017 0.11403508771929824 0.0 0.7543859649122807 1086.8211217146056 22.222216281719778 119
0.8034188034188035 0.18803418803418803 0.008547008547008548 0.7946428571428571 0.19642857142857142 0.008928571428571428 0.9375 1085.7561477098984 23.230621362971295 117
0.8613861386138614 0.13861386138613863 0.0 0.8541666666666666 0.14583333333333334 0.0 0.625 1087.141893150949 23.236208309407548 101
0.8235294117647058 0.17647058823529413 0.0 0.8043478260869565 0.1956521739130435 0.0 0.8695652173913043 1062.2662660575522 21.962958938928633 51
0.8538461538461538 0.14615384615384616 0.0 0.848 0.152 0.0 0.704 1078.1420691379444 20.842744028758236 130
0.8267716535433071 0.1732283464566929 0.0 0.819672131147541 0.18032786885245902 0.0 0.8524590163934426 1079.6776054639245 20.839759564990835 127
0.8671875 0.1328125 0.0 0.8617886178861789 0.13821138211382114 0.0 0.8861788617886179 1068.01670033639 21.897406031382644 128
0.9078947368421053 0.09210526315789473 0.0 0.9047619047619048 0.09523809523809523 0.0 0.8775510204081632 1005.0855063871977 19.932658196068598 152
0.8349514563106796 0.1650485436893204 0.0 0.826530612244898 0.17346938775510204 0.0 0.9489795918367347 1033.039638841115 24.29714281682453 103
0.8611111111111112 0.1388888888888889 0.0 0.8543689320388349 0.14563106796116504 0.0 0.8737864077669902 1037.4580205902416 21.13641371018586 108
0.8896551724137931 0.1103448275862069 0.0 0.8928571428571429 0.10714285714285714 0.0 0.7714285714285715 1032.8043649462936 20.668817907397933 145
0.8333333333333334 0.16666666666666666 0.0 0.8241758241758241 0.17582417582417584 0.0 0.7802197802197802 1087.4304726081448 21.937261201361228 96
0.8907563025210085 0.1092436974789916 0.0 0.8859649122807017 0.11403508771929824 0.0 0.8245614035087719 1063.3806293312762 20.568453301903144 119
0.826530612244898 0.17346938775510204 0.0 0.8172043010752689 0.1827956989247312 0.0 0.7956989247311828 1068.1482913376753 24.228979499483522 98
0.753968253968254 0.24603174603174602 0.0 0.743801652892562 0.256198347107438 0.0 0.9090909090909091 1048.6692815602041 21.811134365834736 126
0.8362068965517241 0.16379310344827586 0.0 0.8288288288288288 0.17117117117117117 0.0 0.7387387387387387 1080.1954737272592 22.45655200426868 116
0.839622641509434 0.1509433962264151 0.009433962264150943 0.8316831683168316 0.15841584158415842 0.009900990099009901 0.9504950495049505 992.1198011881575 22.295673902556313 106
0.8157894736842105 0.18421052631578946 0.0 0.8165137614678899 0.1834862385321101 0.0 0.7614678899082569 1023.8959645422415 21.632674572808845 114
0.8429752066115702 0.15702479338842976 0.0 0.8362068965517241 0.16379310344827586 0.0 0.7586206896551724 1049.1078650778782 21.044900581716252 121
0.9027777777777778 0.09722222222222222 0.0 0.8992805755395683 0.10071942446043165 0.0 0.7697841726618705 1059.6133087393023 21.118749329693397 144
0.8105263157894737 0.18947368421052632 0.0 0.8 0.2 0.0 0.8333333333333334 969.0269675395751 22.63792843336884 95
0.8362068965517241 0.16379310344827586 0.0 0.8288288288288288 0.17117117117117117 0.0 0.9459459459459459 1084.8482970151517 23.934796880821708 116
0.7662337662337663 0.22727272727272727 0.006493506493506494 0.7651006711409396 0.22818791946308725 0.006711409395973154 0.6308724832214765 1083.9628055825367 19.558027323212084 154
0.8217054263565892 0.17054263565891473 0.007751937984496124 0.8145161290322581 0.1774193548387097 0.008064516129032258 0.7903225806451613 1085.2782334195406 22.257360314029246 129
0.8307692307692308 0.16923076923076924 0.0 0.824 0.176 0.0 0.88 1015.3668495354074 21.822568112650988 130
0.7238805970149254 0.26119402985074625 0.014925373134328358 0.7131782945736435 0.2713178294573643 0.015503875968992248 0.6356589147286822 938.7356762394057 19.270611514740533 134
0.872 0.12 0.008 0.8666666666666667 0.125 0.008333333333333333 0.825 1075.1598442922902 22.601064348025343 125
0.8548387096774194 0.14516129032258066 0.0 0.8487394957983193 0.15126050420168066 0.0 0.7394957983193278 1085.4944613135474 21.549704379028974 124
0.8518518518518519 0.14814814814814814 0.0 0.8615384615384616 0.13846153846153847 0.0 0.7692307692307693 1087.21281755741 20.176661311856428 135
0.8695652173913043 0.11956521739130435 0.010869565217391304 0.8620689655172413 0.12643678160919541 0.011494252873563218 0.8390804597701149 1026.568694567989 22.834023015512823 92
0.8235294117647058 0.17647058823529413 0.0 0.8175675675675675 0.18243243243243243 0.0 0.7432432432432432 1051.2266023164948 19.663681455401957 153
0.8679245283018868 0.1320754716981132 0.0 0.8613861386138614 0.13861386138613863 0.0 0.7722772277227723 1059.1892262679964 22.21642759097555 106
0.8348623853211009 0.1559633027522936 0.009174311926605505 0.8269230769230769 0.16346153846153846 0.009615384615384616 1.0 989.439850037169 22.806111245333817 109
0.8111888111888111 0.1888111888111888 0.0 0.8043478260869565 0.1956521739130435 0.0 1.0 980.4435563735857 19.25508286104687 143
0.8559322033898306 0.1440677966101695 0.0 0.8495575221238938 0.1504424778761062 0.0 0.6902654867256637 1015.6646082956162 20.516084797725146 118
0.9009009009009009 0.0990990990990991 0.0 0.8962264150943396 0.10377358490566038 0.0 0.9622641509433962 1078.4797598604423 22.059562764059006 111
0.848 0.152 0.0 0.8416666666666667 0.15833333333333333 0.0 0.7416666666666667 1085.016469838293 20.605964193523906 125
0.9047619047619048 0.09523809523809523 0.0 0.8987341772151899 0.10126582278481013 0.0 0.8227848101265823 1020.9372405125545 23.209916577540227 84
0.9152542372881356 0.0847457627118644 0.0 0.911504424778761 0.08849557522123894 0.0 0.7787610619469026 998.4305726296961 20.67143356636194 118
0.8373983739837398 0.16260162601626016 0.0 0.8305084745762712 0.1694915254237288 0.0 0.9067796610169492 922.3747655774466 19.50791639730123 123
0.831858407079646 0.168141592920354 0.0 0.8240740740740741 0.17592592592592593 0.0 0.8333333333333334 990.7536949791146 22.00908230388775 113
0.8294573643410853 0.17054263565891473 0.0 0.8225806451612904 0.1774193548387097 0.0 0.75 1028.3785495535562 20.885055454381565 129
0.768595041322314 0.23140495867768596 0.0 0.7586206896551724 0.2413793103448276 0.0 0.8189655172413793 1086.094050190777 21.808599069367006 121
0.8936170212765957 0.10638297872340426 0.0 0.8897058823529411 0.11029411764705882 0.0 0.7132352941176471 1087.3995304014582 19.818618004873173 141
0.7980769230769231 0.20192307692307693 0.0 0.7878787878787878 0.21212121212121213 0.0 0.797979797979798 1080.8566720025885 21.398599861519816 104
0.8859060402684564 0.11409395973154363 0.0 0.8819444444444444 0.11805555555555555 0.0 0.7152777777777778 1087.4226570151127 19.38277935833787 149
0.7661290322580645 0.21774193548387097 0.016129032258064516 0.7563025210084033 0.226890756302521 0.01680672268907563 0.7310924369747899 1087.1209402560196 21.408213843177908 124
0.717741935483871 0.2661290322580645 0.016129032258064516 0.7058823529411765 0.2773109243697479 0.01680672268907563 0.773109243697479 1087.435866923273 20.36192682578605 124
0.7702702702702703 0.20945945945945946 0.02027027027027027 0.7622377622377622 0.21678321678321677 0.02097902097902098 0.8111888111888111 1086.3926563388582 20.438386629225512 148
0.8045112781954887 0.17293233082706766 0.022556390977443608 0.796875 0.1796875 0.0234375 0.765625 1087.454387628907 20.552551374380524 133
0.8549618320610687 0.1450381679389313 0.0 0.8492063492063492 0.15079365079365079 0.0 0.8412698412698413 1069.892690249115 21.538718082070602 131
0.8733333333333333 0.12666666666666668 0.0 0.8689655172413793 0.1310344827586207 0.0 0.8896551724137931 1082.4425617654747 19.48229917124265 150
0.8723404255319149 0.1276595744680851 0.0 0.8651685393258427 0.1348314606741573 0.0 0.898876404494382 1082.2863052178147 21.191672909049622 94
0.8907563025210085 0.1092436974789916 0.0 0.8859649122807017 0.11403508771929824 0.0 0.7543859649122807 1084.4514973493365 20.21194405513947 119
0.8623853211009175 0.13761467889908258 0.0 0.8557692307692307 0.14423076923076922 0.0 0.6730769230769231 1075.8205463784095 22.21295801804971 109
0.90625 0.09375 0.0 0.9024390243902439 0.0975609756097561 0.0 0.8861788617886179 1065.0001236543924 20.32095379830355 128
0.8376068376068376 0.1623931623931624 0.0 0.8303571428571429 0.16964285714285715 0.0 0.7678571428571429 1048.4584291697156 23.154703349359917 117
0.8951612903225806 0.10483870967741936 0.0 0.8907563025210085 0.1092436974789916 0.0 0.8739495798319328 1055.5261768801488 21.79521447981217 124
0.9085365853658537 0.09146341463414634 0.0 0.9056603773584906 0.09433962264150944 0.0 0.7547169811320755 1054.7073551542098 19.286094498005514 164
0.853448275862069 0.14655172413793102 0.0 0.8558558558558559 0.14414414414414414 0.0 0.7027027027027027 1084.701861164046 20.3227858428597 116
0.7777777777777778 0.21212121212121213 0.010101010101010102 0.7659574468085106 0.22340425531914893 0.010638297872340425 0.776595744680851 1051.4081714165134 22.470882473220428 99
0.9207920792079208 0.07920792079207921 0.0 0.9166666666666666 0.08333333333333333 0.0 0.84375 1063.8762719939489 20.68425348491421 101
0.7920792079207921 0.2079207920792079 0.0 0.78125 0.21875 0.0 0.7708333333333334 1047.830713439413 20.241307008139763 101
0.81 0.17 0.02 0.8 0.17894736842105263 0.021052631578947368 0.9789473684210527 970.5030573277478 23.28073584074639 100
0.8629032258064516 0.13709677419354838 0.0 0.8571428571428571 0.14285714285714285 0.0 0.8151260504201681 1066.6011565726828 23.32517917076465 124
0.7948717948717948 0.20512820512820512 0.0 0.7857142857142857 0.21428571428571427 0.0 0.8660714285714286 1073.284899043312 20.770815978856195 117
0.8543689320388349 0.14563106796116504 0.0 0.8469387755102041 0.15306122448979592 0.0 0.8367346938775511 1062.2705425667673 23.431231114195747 103
0.8421052631578947 0.15789473684210525 0.0 0.8309859154929577 0.16901408450704225 0.0 0.8028169014084507 1080.516351889221 24.220216982452246 76
0.8095238095238095 0.19047619047619047 0.0 0.8016528925619835 0.19834710743801653 0.0 0.7603305785123967 1084.7621632038852 21.827822238176243 126
0.7545454545454545 0.22727272727272727 0.01818181818181818 0.7523809523809524 0.22857142857142856 0.01904761904761905 0.819047619047619 1068.6718271643942 21.399311770626944 110
0.7431192660550459 0.25688073394495414 0.0 0.7307692307692307 0.2692307692307692 0.0 0.7115384615384616 1011.9162318407896 22.055612219531124 109
0.8495575221238938 0.1504424778761062 0.0 0.8425925925925926 0.1574074074074074 0.0 0.75 1087.3945370985039 21.10745678177855 113
0.8285714285714286 0.17142857142857143 0.0 0.82 0.18 0.0 0.77 1050.94184496936 20.718702252348184 105
0.9196428571428571 0.08035714285714286 0.0 0.9158878504672897 0.08411214953271028 0.0 0.7757009345794392 976.8953721624675 22.050104035861352 112
0.8775510204081632 0.12244897959183673 0.0 0.8732394366197183 0.1267605633802817 0.0 0.8450704225352113 1086.072018725901 20.582435938568345 147
0.8319327731092437 0.16806722689075632 0.0 0.8245614035087719 0.17543859649122806 0.0 0.7280701754385965 1085.0415143880518 20.796612947968192 119
0.8350515463917526 0.16494845360824742 0.0 0.8260869565217391 0.17391304347826086 0.0 0.7282608695652174 1003.5052049612584 21.159232345724423 97
0.8549618320610687 0.1450381679389313 0.0 0.8492063492063492 0.15079365079365079 0.0 0.9047619047619048 1030.7906877676962 21.386256998214396 131
0.8695652173913043 0.13043478260869565 0.0 0.8620689655172413 0.13793103448275862 0.0 0.9425287356321839 1081.019467326586 22.844199477747047 92
0.8899082568807339 0.11009174311926606 0.0 0.8846153846153846 0.11538461538461539 0.0 0.8653846153846154 1056.4900495834056 21.89270002535194 109
0.8571428571428571 0.14285714285714285 0.0 0.8596491228070176 0.14035087719298245 0.0 0.9298245614035088 1063.0893293328277 21.81189884416601 119
0.8045112781954887 0.18796992481203006 0.007518796992481203 0.8046875 0.1875 0.0078125 0.7890625 1071.330237271698 21.226971263255447 133
0.8384615384615385 0.16153846153846155 0.0 0.832 0.168 0.0 0.704 1060.656931486746 20.30035264695314 130
0.7959183673469388 0.20408163265306123 0.0 0.7849462365591398 0.21505376344086022 0.0 0.7419354838709677 1049.4612474980472 21.678993619754046 98
0.918918918918919 0.08108108108108109 0.0 0.9150943396226415 0.08490566037735849 0.0 0.8207547169811321 1078.4778252971557 21.84788951573802 111
0.7876106194690266 0.21238938053097345 0.0 0.7777777777777778 0.2222222222222222 0.0 0.5555555555555556 1058.4672598847033 21.594001055081712 113
0.8914728682170543 0.10852713178294573 0.0 0.8870967741935484 0.11290322580645161 0.0 0.8790322580645161 1061.171156679659 22.163081972435023 129
0.9130434782608695 0.08695652173913043 0.0 0.9097744360902256 0.09022556390977443 0.0 0.7293233082706767 1084.02468525548 19.893576367618994 138
0.896551724137931 0.10344827586206896 0.0 0.8928571428571429 0.10714285714285714 0.0 0.75 1087.341939453751 20.960957391088712 145
0.8 0.2 0.0 0.7904761904761904 0.20952380952380953 0.0 0.780952380952381 1026.7144089698277 21.02461163808703 110
0.9019607843137255 0.09803921568627451 0.0 0.8986486486486487 0.10135135135135136 0.0 1.0 1053.3445325884254 20.221349197507045 153
0.8793103448275862 0.1206896551724138 0.0 0.8738738738738738 0.12612612612612611 0.0 0.8738738738738738 1059.336123920644 22.225286702461606 116
0.8349514563106796 0.1650485436893204 0.0 0.826530612244898 0.17346938775510204 0.0 0.7346938775510204 1042.0005332164274 20.683398614667254 103
0.8931297709923665 0.10687022900763359 0.0 0.8888888888888888 0.1111111111111111 0.0 0.8888888888888888 1033.2753896881657 22.204490223910337 131
0.8780487804878049 0.12195121951219512 0.0 0.8728813559322034 0.1271186440677966 0.0 0.7711864406779662 1086.4866682245668 20.887059039462642 123
0.9605263157894737 0.039473684210526314 0.0 0.9591836734693877 0.04081632653061224 0.0 0.8299319727891157 1059.5289036844097 19.367420952960657 152
0.7586206896551724 0.2413793103448276 0.0 0.7560975609756098 0.24390243902439024 0.0 0.6463414634146342 1086.9602901183898 22.54820631571677 87
0.7761194029850746 0.22388059701492538 0.0 0.7674418604651163 0.23255813953488372 0.0 0.7751937984496124 1076.675844746216 20.888247655929835 134
0.823943661971831 0.176056338028169 0.0 0.8248175182481752 0.17518248175182483 0.0 0.7445255474452555 1086.4404385590794 21.515031433806435 142
0.795774647887324 0.176056338028169 0.028169014084507043 0.7883211678832117 0.18248175182481752 0.029197080291970802 0.8686131386861314 1074.6284177573577 21.72655694858642 142
0.8705035971223022 0.12949640287769784 0.0 0.8656716417910447 0.13432835820895522 0.0 0.8805970149253731 1075.9179179445528 20.886760852222096 139
0.8202247191011236 0.1797752808988764 0.0 0.8095238095238095 0.19047619047619047 0.0 0.9166666666666666 1072.9710111668244 23.09288673000385 89
0.84375 0.15625 0.0 0.8351648351648352 0.16483516483516483 0.0 0.8131868131868132 1066.9025880115819 23.345598753958313 96
0.8360655737704918 0.16393442622950818 0.0 0.8290598290598291 0.17094017094017094 0.0 0.7094017094017094 1087.3119287601146 19.583048616214317 122
0.8676470588235294 0.1323529411764706 0.0 0.8625954198473282 0.13740458015267176 0.0 0.7022900763358778 1067.2573298710622 20.16723912992859 136
0.8780487804878049 0.12195121951219512 0.0 0.8728813559322034 0.1271186440677966 0.0 0.8559322033898306 1060.5917079679987 21.804645306200584 123
0.7027027027027027 0.2972972972972973 0.0 0.6886792452830188 0.3113207547169811 0.0 0.9433962264150944 1051.2189061901108 20.925761916997228 111
0.822429906542056 0.16822429906542055 0.009345794392523364 0.8235294117647058 0.16666666666666666 0.00980392156862745 0.8333333333333334 991.4645343554163 20.69097080760873 107
0.8924731182795699 0.10752688172043011 0.0 0.8863636363636364 0.11363636363636363 0.0 0.875 995.2828430292038 22.016644101467474 93
0.9224806201550387 0.07751937984496124 0.0 0.9193548387096774 0.08064516129032258 0.0 0.8629032258064516 1079.1215403381002 21.703782893501735 129
0.9067796610169492 0.09322033898305085 0.0 0.9026548672566371 0.09734513274336283 0.0 0.7876106194690266 1086.4371464200733 21.227599549073677 118
0.8604651162790697 0.13953488372093023 0.0 0.8518518518518519 0.14814814814814814 0.0 0.6049382716049383 1074.1248400370298 23.88903893247893 86
0.9357798165137615 0.06422018348623854 0.0 0.9326923076923077 0.0673076923076923 0.0 0.9711538461538461 1055.605631043287 22.183612148141833 109
0.847457627118644 0.13559322033898305 0.01694915254237288 0.8407079646017699 0.1415929203539823 0.017699115044247787 0.8672566371681416 1073.7165386720517 21.639174669678862 118
0.8518518518518519 0.14814814814814814 0.0 0.8446601941747572 0.1553398058252427 0.0 0.8058252427184466 1086.6729652071147 20.025473428620817 108
0.8103448275862069 0.1810344827586207 0.008620689655172414 0.8018018018018018 0.1891891891891892 0.009009009009009009 0.8828828828828829 1074.256820938501 21.67894723740527 116
0.9491525423728814 0.05084745762711865 0.0 0.9469026548672567 0.05309734513274336 0.0 0.6548672566371682 1014.6538565987871 20.102821290678794 118
0.92 0.08 0.0 0.9157894736842105 0.08421052631578947 0.0 0.9789473684210527 1034.865758923455 22.27604762202391 100
0.8870967741935484 0.11290322580645161 0.0 0.8823529411764706 0.11764705882352941 0.0 0.7478991596638656 1040.5137319336204 21.357711189031548 124
0.8347826086956521 0.16521739130434782 0.0 0.8272727272727273 0.17272727272727273 0.0 0.9454545454545454 1046.8395775185577 21.598866832738175 115
0.7788461538461539 0.22115384615384615 0.0 0.7676767676767676 0.23232323232323232 0.0 0.6767676767676768 1087.074015437538 22.189413547344948 104
0.7894736842105263 0.21052631578947367 0.0 0.7777777777777778 0.2222222222222222 0.0 0.9666666666666667 1077.5607110245926 23.363576948712872 95
0.9150943396226415 0.08490566037735849 0.0 0.9108910891089109 0.0891089108910891 0.0 0.8811881188118812 1071.263461580567 21.581419943896332 106
0.8571428571428571 0.14285714285714285 0.0 0.8512396694214877 0.1487603305785124 0.0 0.8181818181818182 1087.0432315345795 21.70738147712099 126
0.9548872180451128 0.045112781954887216 0.0 0.953125 0.046875 0.0 0.8984375 1063.0199565347339 20.06771911185445 133
0.8617021276595744 0.1276595744680851 0.010638297872340425 0.8539325842696629 0.1348314606741573 0.011235955056179775 0.8202247191011236 1065.772876577911 23.39629955852893 94
0.8636363636363636 0.13636363636363635 0.0 0.8571428571428571 0.14285714285714285 0.0 0.8761904761904762 1086.572865301842 24.72706117526217 110
0.8526315789473684 0.14736842105263157 0.0 0.8555555555555555 0.14444444444444443 0.0 0.9555555555555556 1032.427014273692 23.754092668049438 95
0.8144329896907216 0.18556701030927836 0.0 0.8043478260869565 0.1956521739130435 0.0 0.8913043478260869 1066.791152353475 22.90387614772956 97
0.9408284023668639 0.05917159763313609 0.0 0.9451219512195121 0.054878048780487805 0.0 0.9390243902439024 1031.3104313152705 18.802026567307045 169
0.8035714285714286 0.19642857142857142 0.0 0.794392523364486 0.205607476635514 0.0 0.9345794392523364 948.0518416940614 20.85545867279524 112
0.8648648648648649 0.13513513513513514 0.0 0.8584905660377359 0.14150943396226415 0.0 0.9528301886792453 1068.1687710504186 22.330387169782256 111
0.8050847457627118 0.1694915254237288 0.025423728813559324 0.7964601769911505 0.17699115044247787 0.02654867256637168 0.9380530973451328 1033.3773605113977 21.670653895610563 118
0.8515625 0.1484375 0.0 0.8455284552845529 0.15447154471544716 0.0 0.6585365853658537 1076.9614362872394 20.83503925773293 128
0.8547008547008547 0.13675213675213677 0.008547008547008548 0.8482142857142857 0.14285714285714285 0.008928571428571428 0.7857142857142857 1082.0322239515285 23.551604395328308 117
0.9076923076923077 0.09230769230769231 0.0 0.904 0.096 0.0 0.712 1086.6658877047537 20.44153736403243 130
0.8467741935483871 0.14516129032258066 0.008064516129032258 0.8403361344537815 0.15126050420168066 0.008403361344537815 1.0 1066.1166396882102 22.689863325276864 124
0.8846153846153846 0.11538461538461539 0.0 0.8767123287671232 0.1232876712328767 0.0 1.0 1061.9858401891136 26.130964242600268 78
0.782258064516129 0.1935483870967742 0.024193548387096774 0.773109243697479 0.20168067226890757 0.025210084033613446 0.9915966386554622 1085.3694282953163 20.765377716283233 124
0.8991596638655462 0.10084033613445378 0.0 0.8947368421052632 0.10526315789473684 0.0 0.8333333333333334 1051.4456215847936 20.622864656601937 119
0.819672131147541 0.18032786885245902 0.0 0.811965811965812 0.18803418803418803 0.0 0.8376068376068376 1083.3571865671759 21.22641653680025 122
0.7542372881355932 0.23728813559322035 0.00847457627118644 0.7433628318584071 0.24778761061946902 0.008849557522123894 0.9734513274336283 1064.1853349426083 21.824262445962468 118
0.8297872340425532 0.1702127659574468 0.0 0.8202247191011236 0.1797752808988764 0.0 0.8089887640449438 1073.1742088176638 23.03783143248872 94
0.91875 0.08125 0.0 0.9161290322580645 0.08387096774193549 0.0 0.5548387096774193 1075.498365973201 19.372080457236592 160
0.7755102040816326 0.21428571428571427 0.01020408163265306 0.7634408602150538 0.22580645161290322 0.010752688172043012 0.967741935483871 1084.0454000961959 23.82028246822532 98
0.7647058823529411 0.2235294117647059 0.011764705882352941 0.75 0.2375 0.0125 0.85 1056.5973419071463 22.380765718865163 85
0.7524752475247525 0.19801980198019803 0.04950495049504951 0.7395833333333334 0.20833333333333334 0.052083333333333336 0.9270833333333334 997.4015842980384 24.20666714494179 101
0.8803418803418803 0.11965811965811966 0.0 0.875 0.125 0.0 0.8303571428571429 1055.1393927825177 22.484387246493107 117
0.8257575757575758 0.17424242424242425 0.0 0.8188976377952756 0.18110236220472442 0.0 0.984251968503937 1045.8487429845402 21.760172868717973 132
0.825 0.175 0.0 0.8173913043478261 0.1826086956521739 0.0 0.782608695652174 1086.7117371539068 22.149043385015187 120
0.8360655737704918 0.16393442622950818 0.0 0.8376068376068376 0.1623931623931624 0.0 0.7948717948717948 1082.8552073785613 21.380223020361697 122
0.8504672897196262 0.14953271028037382 0.0 0.8431372549019608 0.1568627450980392 0.0 0.8137254901960784 1038.7780586272418 21.927350359156627 107
0.8490566037735849 0.1509433962264151 0.0 0.8514851485148515 0.1485148514851485 0.0 0.9207920792079208 1006.512707486986 21.626906255852454 106
0.7941176470588235 0.18627450980392157 0.0196078431372549 0.7835051546391752 0.1958762886597938 0.020618556701030927 1.0 1059.0606967536417 22.84991369800503 102
0.8472222222222222 0.1527777777777778 0.0 0.835820895522388 0.16417910447761194 0.0 1.0 1079.306735647414 25.824389098467023 72
0.8043478260869565 0.1956521739130435 0.0 0.7931034482758621 0.20689655172413793 0.0 0.896551724137931 1044.8947832449317 23.06517909195746 92
0.8014184397163121 0.1773049645390071 0.02127659574468085 0.7941176470588235 0.18382352941176472 0.022058823529411766 0.6985294117647058 1085.961566004238 20.430861341564707 141
0.9 0.1 0.0 0.8952380952380953 0.10476190476190476 0.0 0.7428571428571429 1073.7814914665194 22.88757528525006 110
0.8287671232876712 0.17123287671232876 0.0 0.8297872340425532 0.1702127659574468 0.0 0.7943262411347518 1084.4770271014931 19.85240759664399 146
0.8222222222222222 0.17777777777777778 0.0 0.8117647058823529 0.18823529411764706 0.0 0.9882352941176471 1082.0476832825148 24.050211316048237 90
0.7745098039215687 0.21568627450980393 0.00980392156862745 0.7628865979381443 0.2268041237113402 0.010309278350515464 0.979381443298969 999.3320120027707 20.450083998883265 102
0.9215686274509803 0.0718954248366013 0.006535947712418301 0.918918918918919 0.07432432432432433 0.006756756756756757 1.0 1047.7471937205758 20.059825690126047 153
0.8787878787878788 0.12121212121212122 0.0 0.8688524590163934 0.13114754098360656 0.0 0.8360655737704918 1026.7893733094809 24.957489173878074 66
0.8888888888888888 0.1111111111111111 0.0 0.8855421686746988 0.1144578313253012 0.0 0.7831325301204819 1087.1482637392119 18.957360400497283 171
0.8504672897196262 0.14953271028037382 0.0 0.8431372549019608 0.1568627450980392 0.0 0.8725490196078431 1064.6843709139446 21.64652192393935 107
0.8791946308724832 0.12080536912751678 0.0 0.875 0.125 0.0 0.7013888888888888 1087.4277381664301 19.092180056935884 149
0.8698630136986302 0.13013698630136986 0.0 0.8652482269503546 0.1347517730496454 0.0 0.7588652482269503 1087.3926982712535 19.06218683148429 146
0.8714285714285714 0.12857142857142856 0.0 0.8615384615384616 0.13846153846153847 0.0 0.9538461538461539 999.3559869489208 21.474175931040023 70
0.9083333333333333 0.09166666666666666 0.0 0.9043478260869565 0.09565217391304348 0.0 0.8782608695652174 1076.6822137372956 22.05699828650108 120
0.8803418803418803 0.11965811965811966 0.0 0.875 0.125 0.0 0.017857142857142856 1036.8652664415156 20.062017309945574 117
0.8832116788321168 0.11678832116788321 0.0 0.8787878787878788 0.12121212121212122 0.0 0.7348484848484849 1079.9006113974613 20.547752532377075 137
0.7603305785123967 0.2231404958677686 0.01652892561983471 0.7586206896551724 0.22413793103448276 0.017241379310344827 0.896551724137931 1051.7639953962548 22.534496906685842 121
0.8962264150943396 0.10377358490566038 0.0 0.8910891089108911 0.10891089108910891 0.0 0.8118811881188119 1077.3064354193805 21.77267870328189 106
0.7214285714285714 0.2785714285714286 0.0 0.7111111111111111 0.28888888888888886 0.0 0.8888888888888888 1078.712774143863 20.17042417899111 140
0.8661971830985915 0.13380281690140844 0.0 0.8613138686131386 0.1386861313868613 0.0 0.7737226277372263 1055.1147140971427 19.53950955576253 142
0.8384615384615385 0.16153846153846155 0.0 0.832 0.168 0.0 0.72 1087.4265596840974 20.593099090782374 130
0.86 0.14 0.0 0.8526315789473684 0.14736842105263157 0.0 0.7157894736842105 1085.6921832047015 22.079177261540416 100
0.7203389830508474 0.2542372881355932 0.025423728813559324 0.7079646017699115 0.26548672566371684 0.02654867256637168 0.9911504424778761 1070.1476803436137 22.687326821643136 118
0.9090909090909091 0.09090909090909091 0.0 0.9057971014492754 0.09420289855072464 0.0 0.8115942028985508 1079.8697670121542 19.963268168267057 143
0.8181818181818182 0.18181818181818182 0.0 0.8095238095238095 0.19047619047619047 0.0 0.9238095238095239 1026.3624522574714 21.293430666733485 110
0.8125 0.1875 0.0 0.8037383177570093 0.19626168224299065 0.0 0.9158878504672897 1025.8282174048159 21.57031715775863 112
0.896551724137931 0.10344827586206896 0.0 0.8928571428571429 0.10714285714285714 0.0 0.8857142857142857 1052.455674800184 20.670825214772787 145
0.9420289855072463 0.057971014492753624 0.0 0.9398496240601504 0.06015037593984962 0.0 0.8195488721804511 979.8025462597055 20.243850568964362 138
0.8666666666666667 0.13333333333333333 0.0 0.8588235294117647 0.1411764705882353 0.0 0.7058823529411765 1063.533248960915 23.754130901009606 90
0.8253968253968254 0.1746031746031746 0.0 0.8181818181818182 0.18181818181818182 0.0 0.8347107438016529 1076.9048834517257 22.004155213827207 126
0.8220338983050848 0.17796610169491525 0.0 0.8141592920353983 0.18584070796460178 0.0 0.5752212389380531 1087.4300002411726 21.21612836506071 118
0.8282828282828283 0.1717171717171717 0.0 0.8191489361702128 0.18085106382978725 0.0 0.9893617021276596 1070.0924164893413 23.01216946773466 99
0.7894736842105263 0.21052631578947367 0.0 0.7798165137614679 0.22018348623853212 0.0 0.9174311926605505 1010.2858764397185 21.02318708572616 114
0.8305084745762712 0.1694915254237288 0.0 0.831858407079646 0.168141592920354 0.0 0.8584070796460177 977.7217800167181 19.90639771728234 118
0.8018018018018018 0.1981981981981982 0.0 0.7924528301886793 0.20754716981132076 0.0 0.7452830188679245 1087.2724656039647 22.263545491827912 111
0.8292682926829268 0.17073170731707318 0.0 0.8220338983050848 0.17796610169491525 0.0 0.923728813559322 1068.133611403156 22.867701966633387 123
0.8482142857142857 0.14285714285714285 0.008928571428571428 0.8411214953271028 0.14953271028037382 0.009345794392523364 0.9532710280373832 1050.5611109725198 22.853580543159875 112
0.9150326797385621 0.08496732026143791 0.0 0.9121621621621622 0.08783783783783784 0.0 0.831081081081081 1077.1357660272615 20.086406018636108 153
0.8305084745762712 0.1694915254237288 0.0 0.8230088495575221 0.17699115044247787 0.0 0.9380530973451328 1077.1111901112026 22.579415805758984 118
0.77 0.23 0.0 0.7684210526315789 0.23157894736842105 0.0 0.6210526315789474 1060.6827704888526 22.96727720949418 100
0.891156462585034 0.10884353741496598 0.0 0.8873239436619719 0.11267605633802817 0.0 0.7535211267605634 984.6479274769233 19.67414046864993 147
0.8773584905660378 0.12264150943396226 0.0 0.8712871287128713 0.12871287128712872 0.0 0.7722772277227723 1086.745029257742 20.997032790361317 106
0.7777777777777778 0.2222222222222222 0.0 0.7697841726618705 0.2302158273381295 0.0 0.8345323741007195 1078.690511855766 21.15493011165445 144
0.8240740740740741 0.17592592592592593 0.0 0.8155339805825242 0.18446601941747573 0.0 0.9805825242718447 1070.17223864552 22.006841966283133 108
0.875 0.125 0.0 0.8691588785046729 0.1308411214953271 0.0 0.8598130841121495 1024.2056552128724 22.119050256317426 112
0.7906976744186046 0.20930232558139536 0.0 0.782258064516129 0.21774193548387097 0.0 0.8951612903225806 1084.142372916572 21.203670060071854 129
0.6893203883495146 0.2524271844660194 0.05825242718446602 0.673469387755102 0.2653061224489796 0.061224489795918366 0.9285714285714286 996.8717371036109 21.870828841301666 103
0.797979797979798 0.20202020202020202 0.0 0.7978723404255319 0.20212765957446807 0.0 0.851063829787234 1073.659395689258 21.09042131361074 99
0.8632478632478633 0.1282051282051282 0.008547008547008548 0.8571428571428571 0.13392857142857142 0.008928571428571428 0.9821428571428571 1071.1865380583447 21.342801376629737 117
0.868421052631579 0.13157894736842105 0.0 0.8639455782312925 0.1360544217687075 0.0 0.7074829931972789 1087.4601078170192 20.30256399109666 152
0.5882352941176471 0.3025210084033613 0.1092436974789916 0.5701754385964912 0.3157894736842105 0.11403508771929824 0.5263157894736842 943.4569323037761 20.27078195199304 119
0.6857142857142857 0.2761904761904762 0.0380952380952381 0.67 0.29 0.04 1.0 1072.487211392318 23.42572780673908 105
0.7906976744186046 0.20930232558139536 0.0 0.782258064516129 0.21774193548387097 0.0 0.8064516129032258 1087.3490422499326 20.06405743549517 129
0.835820895522388 0.16417910447761194 0.0 0.8372093023255814 0.16279069767441862 0.0 0.8604651162790697 1087.2798841092663 20.831867954702343 134
0.8144329896907216 0.18556701030927836 0.0 0.8043478260869565 0.1956521739130435 0.0 0.9782608695652174 1052.3323943817925 23.809667079800523 97
0.9508196721311475 0.04918032786885246 0.0 0.9487179487179487 0.05128205128205128 0.0 0.8888888888888888 1028.8440034850435 20.94743695319258 122
0.8333333333333334 0.16666666666666666 0.0 0.8241758241758241 0.17582417582417584 0.0 0.8791208791208791 1082.9277989420727 23.904410127351227 96
0.9492753623188406 0.050724637681159424 0.0 0.9473684210526315 0.05263157894736842 0.0 0.0 987.3026373076744 20.04279307127614 138
0.8585858585858586 0.1414141414141414 0.0 0.8617021276595744 0.13829787234042554 0.0 0.8085106382978723 1026.269138804368 20.874005244100946 99
0.9009009009009009 0.0990990990990991 0.0 0.8962264150943396 0.10377358490566038 0.0 0.8962264150943396 1076.2261333573783 22.28555780552493 111
0.8390804597701149 0.16091954022988506 0.0 0.8292682926829268 0.17073170731707318 0.0 0.9878048780487805 994.9621448680599 22.716524326895556 87
0.7282608695652174 0.2391304347826087 0.03260869565217391 0.7126436781609196 0.25287356321839083 0.034482758620689655 0.9310344827586207 1075.1221692893148 24.184245356796914 92
0.7583333333333333 0.24166666666666667 0.0 0.7478260869565218 0.25217391304347825 0.0 0.9565217391304348 1049.0094785010704 21.719512750551477 120
0.9207920792079208 0.07920792079207921 0.0 0.9166666666666666 0.08333333333333333 0.0 0.8125 1080.073403209714 23.429182328103174 101
0.8993288590604027 0.10067114093959731 0.0 0.8958333333333334 0.10416666666666667 0.0 0.7013888888888888 1075.5103807342425 19.699676130411127 149
0.8383838383838383 0.16161616161616163 0.0 0.8297872340425532 0.1702127659574468 0.0 1.0 1053.1482301933622 22.943791463517933 99
0.8539325842696629 0.14606741573033707 0.0 0.8452380952380952 0.15476190476190477 0.0 0.9166666666666666 1057.37850198898 23.75972703580162 89
0.8449612403100775 0.15503875968992248 0.0 0.8387096774193549 0.16129032258064516 0.0 0.7258064516129032 1070.1804591721807 22.88597446689416 129
0.8557692307692307 0.14423076923076922 0.0 0.8484848484848485 0.15151515151515152 0.0 0.797979797979798 1032.0347426152753 21.399066182243153 104
0.8540145985401459 0.145985401459854 0.0 0.8484848484848485 0.15151515151515152 0.0 0.8181818181818182 1079.4423966231473 20.165379529452128 137
0.928 0.072 0.0 0.925 0.075 0.0 0.8583333333333333 1055.399584278352 21.01700461064944 125
0.8153846153846154 0.17692307692307693 0.007692307692307693 0.808 0.184 0.008 0.856 1062.404867723625 22.650288742011064 130
0.7435897435897436 0.2564102564102564 0.0 0.7350993377483444 0.26490066225165565 0.0 0.7947019867549668 1087.3757695967274 19.353531926065116 156
0.7619047619047619 0.2261904761904762 0.011904761904761904 0.7468354430379747 0.24050632911392406 0.012658227848101266 0.9493670886075949 999.6073109590608 24.6760890492198 84
0.7608695652173914 0.2391304347826087 0.0 0.7701149425287356 0.22988505747126436 0.0 0.7126436781609196 1086.3266821591574 23.803324910491416 92
0.8469387755102041 0.15306122448979592 0.0 0.8387096774193549 0.16129032258064516 0.0 0.7526881720430108 1050.2628431094183 23.93257430703014 98
0.8872180451127819 0.11278195488721804 0.0 0.8828125 0.1171875 0.0 0.546875 1035.9350101002306 21.182587103022758 133
0.8617021276595744 0.13829787234042554 0.0 0.8539325842696629 0.14606741573033707 0.0 0.797752808988764 1087.447573917227 21.192959895626114 94
0.823076923076923 0.16923076923076924 0.007692307692307693 0.816 0.176 0.008 0.816 1087.308502115638 20.000046345555706 130
0.8240740740740741 0.17592592592592593 0.0 0.8155339805825242 0.18446601941747573 0.0 0.970873786407767 1055.471358907905 22.942215665818406 108
0.9290780141843972 0.07092198581560284 0.0 0.9264705882352942 0.07352941176470588 0.0 0.8014705882352942 1072.1407369336155 19.528238031145047 141
0.8805970149253731 0.11940298507462686 0.0 0.875968992248062 0.12403100775193798 0.0 0.7751937984496124 1074.7584968445287 19.885005788417136 134
0.6636363636363637 0.3 0.03636363636363636 0.6476190476190476 0.3142857142857143 0.0380952380952381 0.9809523809523809 1040.9078429469703 24.058261323832642 110
0.8309859154929577 0.16901408450704225 0.0 0.8248175182481752 0.17518248175182483 0.0 0.7226277372262774 1087.1808257804357 20.728456942113354 142
0.8345323741007195 0.16546762589928057 0.0 0.8283582089552238 0.17164179104477612 0.0 0.7089552238805971 1086.838333202939 19.540423939664937 139
0.83 0.17 0.0 0.8210526315789474 0.17894736842105263 0.0 0.8842105263157894 1082.60922962471 24.115850780718162 100
0.8416666666666667 0.15833333333333333 0.0 0.8347826086956521 0.16521739130434782 0.0 0.8347826086956521 1079.169071579778 21.697285152889208 120
0.9152542372881356 0.0847457627118644 0.0 0.911504424778761 0.08849557522123894 0.0 0.672566371681416 1087.4543775302154 20.178017832666715 118
0.752 0.24 0.008 0.7416666666666667 0.25 0.008333333333333333 0.7416666666666667 1075.3797831474155 21.239944231036763 125
0.8617886178861789 0.13821138211382114 0.0 0.8559322033898306 0.1440677966101695 0.0 0.7203389830508474 1087.39324560303 19.850702080536294 123
0.9171974522292994 0.08280254777070063 0.0 0.9144736842105263 0.08552631578947369 0.0 0.7039473684210527 1085.8214552225263 19.04201046731067 157
0.8974358974358975 0.10256410256410256 0.0 0.8904109589041096 0.1095890410958904 0.0 0.9178082191780822 1040.9681783981512 24.13541589775443 78
0.8444444444444444 0.15555555555555556 0.0 0.8352941176470589 0.16470588235294117 0.0 0.9411764705882353 1075.6383482460703 24.059557512521536 90
0.8333333333333334 0.16666666666666666 0.0 0.8252427184466019 0.17475728155339806 0.0 0.9514563106796117 1083.3773661814203 22.400649384547275 108
0.8260869565217391 0.17391304347826086 0.0 0.8181818181818182 0.18181818181818182 0.0 0.7727272727272727 1083.040181294255 21.452010612580338 115
0.811965811965812 0.18803418803418803 0.0 0.8035714285714286 0.19642857142857142 0.0 0.9821428571428571 1022.7980827810901 22.293253992349335 117
0.8376068376068376 0.1623931623931624 0.0 0.8303571428571429 0.16964285714285715 0.0 1.0 1022.9473479798941 21.98208587633291 117
0.8110236220472441 0.1889763779527559 0.0 0.8114754098360656 0.1885245901639344 0.0 0.7540983606557377 1079.9298581283922 19.553921385224296 127
0.8738738738738738 0.12612612612612611 0.0 0.8679245283018868 0.1320754716981132 0.0 0.7830188679245284 1069.1813664606227 23.70329312266412 111
0.8920863309352518 0.1079136690647482 0.0 0.8955223880597015 0.1044776119402985 0.0 0.7835820895522388 1087.0865049002664 19.821759478373703 139
0.8285714285714286 0.17142857142857143 0.0 0.82 0.18 0.0 0.87 1085.973133551236 23.648484936180346 105
0.8909090909090909 0.10909090909090909 0.0 0.8857142857142857 0.11428571428571428 0.0 0.6761904761904762 1081.970173043045 21.36272895291677 110
0.6984126984126984 0.2777777777777778 0.023809523809523808 0.6859504132231405 0.2892561983471074 0.024793388429752067 0.768595041322314 997.7722204284842 20.00931070727337 126
0.6631578947368421 0.3157894736842105 0.021052631578947368 0.6444444444444445 0.3333333333333333 0.022222222222222223 0.9444444444444444 1055.9952906864187 24.52922843412622 95
0.8188976377952756 0.16535433070866143 0.015748031496062992 0.8114754098360656 0.1721311475409836 0.01639344262295082 0.7540983606557377 1087.1889755832885 19.908735454084738 127
0.7889908256880734 0.21100917431192662 0.0 0.7884615384615384 0.21153846153846154 0.0 0.7788461538461539 1052.0638357149096 21.161993271974477 109
0.8064516129032258 0.1774193548387097 0.016129032258064516 0.7983193277310925 0.18487394957983194 0.01680672268907563 1.0 1040.776432421447 21.40475650252187 124
0.821917808219178 0.1643835616438356 0.0136986301369863 0.8156028368794326 0.1702127659574468 0.014184397163120567 0.7588652482269503 1050.4715594475003 20.07663188712461 146
0.6486486486486487 0.30405405405405406 0.0472972972972973 0.6363636363636364 0.3146853146853147 0.04895104895104895 0.8111888111888111 1022.563989560735 20.128795813753722 148
0.8512396694214877 0.1322314049586777 0.01652892561983471 0.8448275862068966 0.13793103448275862 0.017241379310344827 0.8362068965517241 1070.4106271209519 20.637390012200417 121
0.754601226993865 0.2392638036809816 0.006134969325153374 0.7468354430379747 0.2468354430379747 0.006329113924050633 0.8037974683544303 1040.043243834647 19.03502482258233 163
0.8633540372670807 0.13664596273291926 0.0 0.8589743589743589 0.14102564102564102 0.0 0.7307692307692307 1087.1357283560785 20.194402289134253 161
0.8811881188118812 0.1188118811881188 0.0 0.8854166666666666 0.11458333333333333 0.0 0.8645833333333334 1053.1047448225963 21.24437567716847 101
0.7840909090909091 0.2159090909090909 0.0 0.7831325301204819 0.21686746987951808 0.0 0.8795180722891566 997.3884614827874 23.33912216466604 88
0.8295454545454546 0.1590909090909091 0.011363636363636364 0.8313253012048193 0.1686746987951807 0.0 0.8795180722891566 1063.5103423047194 23.39946815315934 88
0.8253968253968254 0.1746031746031746 0.0 0.8181818181818182 0.18181818181818182 0.0 0.8099173553719008 1087.2481686275503 21.25865534243756 126
0.8653846153846154 0.1346153846153846 0.0 0.8585858585858586 0.1414141414141414 0.0 0.8585858585858586 1065.7188218142237 23.527532085812556 104
0.9214285714285714 0.07857142857142857 0.0 0.9259259259259259 0.07407407407407407 0.0 0.8074074074074075 1044.9578009096488 19.726836739468048 140
0.8308823529411765 0.16911764705882354 0.0 0.8244274809160306 0.17557251908396945 0.0 0.8091603053435115 1085.6566819402526 21.01473678433205 136
0.8837209302325582 0.11627906976744186 0.0 0.8765432098765432 0.12345679012345678 0.0 0.9382716049382716 967.3351355179615 23.03073488333687 86
0.8050847457627118 0.19491525423728814 0.0 0.8053097345132744 0.19469026548672566 0.0 0.8761061946902655 1080.5129693582735 22.12557194586547 118
0.8850574712643678 0.11494252873563218 0.0 0.8816568047337278 0.11834319526627218 0.0 0.7159763313609467 1079.238673529987 18.857956871271284 174
0.7831325301204819 0.21686746987951808 0.0 0.7692307692307693 0.23076923076923078 0.0 0.7948717948717948 1083.8702488196177 23.99151981179414 83
0.8321167883211679 0.1678832116788321 0.0 0.8257575757575758 0.17424242424242425 0.0 0.9318181818181818 1076.900843038209 20.372706908336205 137
0.7850467289719626 0.21495327102803738 0.0 0.7745098039215687 0.22549019607843138 0.0 0.9705882352941176 1076.1545304371634 24.399936561790955 107
0.8285714285714286 0.17142857142857143 0.0 0.82 0.18 0.0 0.83 1077.783081049429 20.450711146375756 105
0.8831168831168831 0.11038961038961038 0.006493506493506494 0.8791946308724832 0.11409395973154363 0.006711409395973154 0.785234899328859 1029.476298333561 20.008772026012934 154
0.823076923076923 0.17692307692307693 0.0 0.816 0.184 0.0 0.824 1074.823296349946 22.591804397420685 130
0.8791208791208791 0.12087912087912088 0.0 0.872093023255814 0.12790697674418605 0.0 0.8372093023255814 1007.0122002209663 21.578148249646038 91
0.75 0.25 0.0 0.7391304347826086 0.2608695652173913 0.0 0.7565217391304347 1087.4580364835526 20.234905947990725 120
0.8455882352941176 0.15441176470588236 0.0 0.8396946564885496 0.16030534351145037 0.0 0.8931297709923665 1073.2913061544239 21.110435327729668 136
0.8256880733944955 0.1743119266055046 0.0 0.8173076923076923 0.18269230769230768 0.0 0.8076923076923077 1013.9376605166534 21.655535001248065 109
0.8888888888888888 0.1111111111111111 0.0 0.8842975206611571 0.11570247933884298 0.0 0.8347107438016529 1042.2059373335362 20.329035600217136 126
0.8389830508474576 0.15254237288135594 0.00847457627118644 0.831858407079646 0.1592920353982301 0.008849557522123894 0.8761061946902655 1066.8148718775822 21.784860533686334 118
0.8111111111111111 0.18888888888888888 0.0 0.8 0.2 0.0 0.8 1086.260472369685 24.169305060328988 90
0.8260869565217391 0.17391304347826086 0.0 0.8160919540229885 0.1839080459770115 0.0 0.8390804597701149 1062.8524562156117 22.557394146505622 92
0.912 0.088 0.0 0.9083333333333333 0.09166666666666666 0.0 0.7916666666666666 1087.21910376262 19.999288412677117 125
0.8208955223880597 0.1791044776119403 0.0 0.8217054263565892 0.17829457364341086 0.0 0.9224806201550387 1007.0758780075797 20.510309204358677 134
0.8135593220338984 0.1864406779661017 0.0 0.8141592920353983 0.18584070796460178 0.0 0.9557522123893806 1019.0674689423472 20.7026383704963 118
0.8037383177570093 0.19626168224299065 0.0 0.7941176470588235 0.20588235294117646 0.0 1.0 1058.2065242452884 23.301902157388632 107
0.8267716535433071 0.16535433070866143 0.007874015748031496 0.819672131147541 0.1721311475409836 0.00819672131147541 0.7459016393442623 1087.4546814451949 22.00024056045814 127
0.797979797979798 0.20202020202020202 0.0 0.7978723404255319 0.20212765957446807 0.0 0.9574468085106383 1019.7573918834311 23.448833949838356 99
0.8938547486033519 0.10614525139664804 0.0 0.8908045977011494 0.10919540229885058 0.0 0.8333333333333334 1024.7563030516028 18.87209625496483 179
0.8508771929824561 0.14912280701754385 0.0 0.8440366972477065 0.1559633027522936 0.0 0.7614678899082569 1082.0669206050395 22.274343988877742 114
0.84375 0.15625 0.0 0.8373983739837398 0.16260162601626016 0.0 0.7723577235772358 1086.296088650934 20.36565567367975 128
0.7698412698412699 0.21428571428571427 0.015873015873015872 0.7603305785123967 0.2231404958677686 0.01652892561983471 0.7355371900826446 1086.3744254622097 20.946789697290086 126
0.7636363636363637 0.22727272727272727 0.00909090909090909 0.7523809523809524 0.23809523809523808 0.009523809523809525 0.7142857142857143 1078.8384050266068 20.78812751345004 110
0.8380952380952381 0.1619047619047619 0.0 0.84 0.16 0.0 0.74 1082.1031037930318 22.548500773574514 105
0.8932038834951457 0.10679611650485436 0.0 0.8877551020408163 0.11224489795918367 0.0 0.9183673469387755 1087.4294575748968 22.204643387093014 103
0.8359375 0.1640625 0.0 0.8292682926829268 0.17073170731707318 0.0 0.7560975609756098 1086.32848070706 19.242216013377767 128
0.8859649122807017 0.11403508771929824 0.0 0.8807339449541285 0.11926605504587157 0.0 0.7981651376146789 1087.415173516765 21.076884299236482 114
0.7839506172839507 0.21604938271604937 0.0 0.7834394904458599 0.21656050955414013 0.0 0.821656050955414 1082.5849277351654 20.483638029424483 162
0.8716216216216216 0.12837837837837837 0.0 0.8671328671328671 0.13286713286713286 0.0 0.7482517482517482 1047.2575741769404 20.3718780765683 148
0.8269230769230769 0.17307692307692307 0.0 0.8181818181818182 0.18181818181818182 0.0 0.7878787878787878 1065.7875659070298 24.558316314743273 104
0.7901234567901234 0.20987654320987653 0.0 0.7763157894736842 0.2236842105263158 0.0 0.9868421052631579 1055.4465175166486 22.384295918339113 81
0.8513513513513513 0.14864864864864866 0.0 0.8461538461538461 0.15384615384615385 0.0 0.8181818181818182 1081.4789499870615 20.32946350414089 148
0.8041237113402062 0.17525773195876287 0.020618556701030927 0.7934782608695652 0.18478260869565216 0.021739130434782608 0.8369565217391305 930.404399667653 21.373485582326964 97
0.8148148148148148 0.18518518518518517 0.0 0.8058252427184466 0.1941747572815534 0.0 0.9805825242718447 1044.4580278362155 22.69292970099635 108
0.7610062893081762 0.2389937106918239 0.0 0.7532467532467533 0.24675324675324675 0.0 0.006493506493506494 934.1609674216612 18.380901298591013 159
0.7974683544303798 0.20253164556962025 0.0 0.7837837837837838 0.21621621621621623 0.0 0.9594594594594594 1055.4669819808153 24.57868858258002 79
0.8 0.18947368421052632 0.010526315789473684 0.7888888888888889 0.2 0.011111111111111112 0.9444444444444444 1024.7141591855311 23.53511385737927 95
0.8333333333333334 0.16666666666666666 0.0 0.8260869565217391 0.17391304347826086 0.0 0.8608695652173913 1080.6923946011573 21.652311178923863 120
0.6458333333333334 0.3333333333333333 0.020833333333333332 0.6263736263736264 0.3516483516483517 0.02197802197802198 0.9340659340659341 1009.0948196408722 24.152010893961286 96
0.8 0.2 0.0 0.7909090909090909 0.20909090909090908 0.0 0.9272727272727272 1031.5816534463324 22.294392243922434 115
0.8715596330275229 0.12844036697247707 0.0 0.8653846153846154 0.1346153846153846 0.0 0.9423076923076923 1038.1413001574233 22.084467771740023 109
0.9203539823008849 0.07964601769911504 0.0 0.9166666666666666 0.08333333333333333 0.0 1.0 1072.0422340231673 23.688008574733853 113
0.8333333333333334 0.16666666666666666 0.0 0.8252427184466019 0.17475728155339806 0.0 1.0 889.6758652157769 22.525839776036218 108
0.9745762711864406 0.025423728813559324 0.0 0.9734513274336283 0.02654867256637168 0.0 0.8938053097345132 1003.9109083705192 20.067704481788084 118
0.8742138364779874 0.12578616352201258 0.0 0.8701298701298701 0.12987012987012986 0.0 0.5194805194805194 1086.9258154611907 19.372043424371476 159
0.8620689655172413 0.13793103448275862 0.0 0.8558558558558559 0.14414414414414414 0.0 0.8738738738738738 1081.1329695556144 21.92463897285761 116
0.9035087719298246 0.09649122807017543 0.0 0.8990825688073395 0.10091743119266056 0.0 0.926605504587156 1049.8969431694024 22.068635105257194 114
0.8059701492537313 0.19402985074626866 0.0 0.7984496124031008 0.20155038759689922 0.0 0.6821705426356589 1064.5420650875985 20.410465770014504 134
0.7209302325581395 0.2558139534883721 0.023255813953488372 0.7096774193548387 0.2661290322580645 0.024193548387096774 0.9435483870967742 1011.5700272574468 20.472234269858614 129
0.9345794392523364 0.06542056074766354 0.0 0.9313725490196079 0.06862745098039216 0.0 0.9705882352941176 1061.1270784429514 22.693917815196844 107
0.8633540372670807 0.13664596273291926 0.0 0.8653846153846154 0.1346153846153846 0.0 0.8012820512820513 1084.7929500542791 20.03517071056462 161
0.851063829787234 0.14893617021276595 0.0 0.8455882352941176 0.15441176470588236 0.0 0.875 1072.3118562373184 20.428762352148635 141
0.8421052631578947 0.15789473684210525 0.0 0.8348623853211009 0.1651376146788991 0.0 0.7431192660550459 1070.6845725602168 21.678207542254064 114
0.7641509433962265 0.22641509433962265 0.009433962264150943 0.7524752475247525 0.2376237623762376 0.009900990099009901 0.9405940594059405 1041.1541410457853 22.77384525818921 106
0.8269230769230769 0.17307692307692307 0.0 0.8181818181818182 0.18181818181818182 0.0 0.696969696969697 1087.119959952287 21.438998939402122 104
0.6722689075630253 0.29411764705882354 0.03361344537815126 0.6578947368421053 0.30701754385964913 0.03508771929824561 0.9385964912280702 1053.895109060625 23.220125947475797 119
0.88 0.12 0.0 0.875 0.125 0.0 0.8166666666666667 1077.861747608614 21.587699996547425 125
0.8924050632911392 0.10759493670886076 0.0 0.8954248366013072 0.10457516339869281 0.0 0.8366013071895425 1027.4980797726805 19.337090806385472 158
0.8369565217391305 0.16304347826086957 0.0 0.8275862068965517 0.1724137931034483 0.0 0.6436781609195402 1087.3124181135474 19.99856264482968 92
0.8041958041958042 0.1888111888111888 0.006993006993006993 0.7971014492753623 0.1956521739130435 0.007246376811594203 0.7246376811594203 1087.3150567667692 19.382253984932795 143
0.8560606060606061 0.14393939393939395 0.0 0.8503937007874016 0.14960629921259844 0.0 0.8346456692913385 1031.141189007635 20.938645095034293 132
0.864 0.136 0.0 0.8583333333333333 0.14166666666666666 0.0 0.7333333333333333 978.8103257224409 20.73166637266581 125
0.8378378378378378 0.16216216216216217 0.0 0.8301886792452831 0.16981132075471697 0.0 0.8962264150943396 1082.2486937830765 20.955842233539194 111
0.8636363636363636 0.12727272727272726 0.00909090909090909 0.8571428571428571 0.13333333333333333 0.009523809523809525 0.7904761904761904 1051.6251381169172 20.762963367569583 110
0.7022900763358778 0.2595419847328244 0.03816793893129771 0.6904761904761905 0.2698412698412698 0.03968253968253968 0.7777777777777778 1061.8758252521845 22.90242758263051 131
0.8843537414965986 0.11564625850340136 0.0 0.8802816901408451 0.11971830985915492 0.0 0.6267605633802817 1086.95916152528 20.2433354861968 147
0.8333333333333334 0.16666666666666666 0.0 0.8227848101265823 0.17721518987341772 0.0 1.0 1057.4648683021935 22.769351511553374 84
0.8230088495575221 0.17699115044247787 0.0 0.8148148148148148 0.18518518518518517 0.0 0.8981481481481481 1021.8514277537242 22.152880651127642 113
0.84 0.16 0.0 0.8315789473684211 0.16842105263157894 0.0 0.7263157894736842 1075.7454251407628 22.74327661837229 100
0.8446601941747572 0.1553398058252427 0.0 0.8367346938775511 0.16326530612244897 0.0 0.9489795918367347 1025.5101633760228 22.935541118333024 103
0.4864864864864865 0.3063063063063063 0.2072072072072072 0.46226415094339623 0.32075471698113206 0.2169811320754717 0.7547169811320755 1026.2458632056773 24.053628465575695 111
0.8875 0.1125 0.0 0.88 0.12 0.0 0.96 1071.748728122217 23.912119011878325 80
0.8811188811188811 0.11888111888111888 0.0 0.8768115942028986 0.12318840579710146 0.0 0.8695652173913043 1087.0928995833106 21.680422576031162 143
0.8455284552845529 0.15447154471544716 0.0 0.8389830508474576 0.16101694915254236 0.0 0.8389830508474576 1035.0448385017505 21.016051682676036 123
0.8548387096774194 0.14516129032258066 0.0 0.8487394957983193 0.15126050420168066 0.0 0.8907563025210085 1068.8534563163835 21.845615424410582 124
0.8137931034482758 0.18620689655172415 0.0 0.8071428571428572 0.19285714285714287 0.0 0.7928571428571428 1075.865002267976 20.2623054807475 145
0.9035087719298246 0.09649122807017543 0.0 0.8990825688073395 0.10091743119266056 0.0 0.8715596330275229 1080.4456581875932 20.35085883525134 114
0.8085106382978723 0.19148936170212766 0.0 0.797752808988764 0.20224719101123595 0.0 0.7865168539325843 1085.7505625908884 20.13544312379245 94
0.8195488721804511 0.17293233082706766 0.007518796992481203 0.8125 0.1796875 0.0078125 0.6953125 1086.3174581709102 21.267915240194892 133
0.875 0.125 0.0 0.8785046728971962 0.12149532710280374 0.0 0.8504672897196262 981.0020177602839 21.700252372561263 112
0.7969924812030075 0.20300751879699247 0.0 0.7890625 0.2109375 0.0 0.8359375 1053.9963553218336 22.8788146397897 133
0.8061224489795918 0.1836734693877551 0.01020408163265306 0.7956989247311828 0.1935483870967742 0.010752688172043012 0.7096774193548387 1037.4727738014549 20.00275375217542 98
0.917910447761194 0.08208955223880597 0.0 0.9147286821705426 0.08527131782945736 0.0 0.7829457364341085 1038.5573616811191 19.948810122943176 134
0.8686131386861314 0.13138686131386862 0.0 0.8712121212121212 0.12878787878787878 0.0 0.9015151515151515 1005.9977013782404 19.39221659525449 137
0.8688524590163934 0.13114754098360656 0.0 0.8717948717948718 0.1282051282051282 0.0 0.7863247863247863 1085.1309826280005 21.337096993394002 122
0.84375 0.15625 0.0 0.8305084745762712 0.1694915254237288 0.0 0.847457627118644 989.5249353266621 24.454934786483424 64
0.823943661971831 0.176056338028169 0.0 0.8248175182481752 0.17518248175182483 0.0 0.6861313868613139 1063.5793045477417 19.7010206360171 142
0.8703703703703703 0.12962962962962962 0.0 0.8640776699029126 0.13592233009708737 0.0 0.7669902912621359 1037.0593977241522 23.069705093071978 108
0.8918918918918919 0.10810810810810811 0.0 0.8867924528301887 0.11320754716981132 0.0 0.7830188679245284 1086.8176689945142 21.1362137978945 111
0.9180327868852459 0.08196721311475409 0.0 0.9145299145299145 0.08547008547008547 0.0 0.9829059829059829 1084.832043030921 22.27251735856562 122
0.8854961832061069 0.11450381679389313 0.0 0.8809523809523809 0.11904761904761904 0.0 0.873015873015873 1072.7287019666735 21.227050646543336 131
0.9035087719298246 0.09649122807017543 0.0 0.8990825688073395 0.10091743119266056 0.0 0.908256880733945 1047.7743090019796 22.03841730555951 114
0.8403361344537815 0.15966386554621848 0.0 0.8333333333333334 0.16666666666666666 0.0 0.7982456140350878 1086.3839708492449 21.389015680934268 119
0.7837837837837838 0.21621621621621623 0.0 0.7735849056603774 0.22641509433962265 0.0 0.8301886792452831 1087.4469389173269 21.373321063400986 111
0.9083333333333333 0.09166666666666666 0.0 0.9043478260869565 0.09565217391304348 0.0 0.6869565217391305 1068.7658866920074 20.79638697377015 120
0.8061224489795918 0.1836734693877551 0.01020408163265306 0.7956989247311828 0.1935483870967742 0.010752688172043012 1.0 1082.016044145043 25.925696072987456 98
0.8705035971223022 0.1223021582733813 0.007194244604316547 0.8656716417910447 0.12686567164179105 0.007462686567164179 0.8731343283582089 1058.4433739608953 19.578093201907414 139
0.8320610687022901 0.16793893129770993 0.0 0.8253968253968254 0.1746031746031746 0.0 0.8174603174603174 1084.5430504716894 21.26958233890216 131
0.832 0.168 0.0 0.825 0.175 0.0 0.825 1086.8131999571342 20.638040256033392 125
0.9203539823008849 0.07964601769911504 0.0 0.9166666666666666 0.08333333333333333 0.0 0.9722222222222222 1037.7720422239083 22.54144240819053 113
0.8557692307692307 0.14423076923076922 0.0 0.8484848484848485 0.15151515151515152 0.0 0.7676767676767676 1025.9627246202972 24.67393307997134 104
0.8266666666666667 0.17333333333333334 0.0 0.8206896551724138 0.1793103448275862 0.0 0.6620689655172414 1011.2238157037341 20.933274407470456 150
0.908256880733945 0.09174311926605505 0.0 0.9038461538461539 0.09615384615384616 0.0 0.7307692307692307 1083.3085067603265 19.064237625554448 109
0.8952380952380953 0.10476190476190476 0.0 0.89 0.11 0.0 0.9 1087.1111573024796 21.894067962307975 105
0.8547008547008547 0.1452991452991453 0.0 0.8482142857142857 0.15178571428571427 0.0 0.7767857142857143 1068.8928120555183 20.30152436371279 117
0.8173076923076923 0.18269230769230768 0.0 0.8080808080808081 0.1919191919191919 0.0 0.8181818181818182 1087.1717132504662 20.96415612510505 104
0.8207547169811321 0.16981132075471697 0.009433962264150943 0.8118811881188119 0.1782178217821782 0.009900990099009901 0.8811881188118812 1029.9650830364935 22.05762363968112 106
0.9206349206349206 0.07936507936507936 0.0 0.9173553719008265 0.08264462809917356 0.0 0.7272727272727273 1050.29715842919 20.82722106919486 126
0.8023255813953488 0.19767441860465115 0.0 0.7901234567901234 0.20987654320987653 0.0 0.9753086419753086 1076.4959679678543 27.042096851251806 86
0.8349514563106796 0.1650485436893204 0.0 0.826530612244898 0.17346938775510204 0.0 1.0 980.0950956219028 23.786210184052727 103
0.8220338983050848 0.17796610169491525 0.0 0.8141592920353983 0.18584070796460178 0.0 0.9026548672566371 1048.345702992908 22.092879922924688 118
0.8556701030927835 0.14432989690721648 0.0 0.8478260869565217 0.15217391304347827 0.0 0.8586956521739131 1048.1230067695994 24.58716203541706 97
0.8876404494382022 0.11235955056179775 0.0 0.8809523809523809 0.11904761904761904 0.0 0.9404761904761905 1061.8535894398829 24.357686066850253 89
0.8157894736842105 0.18421052631578946 0.0 0.8073394495412844 0.1926605504587156 0.0 0.7522935779816514 1044.3199860782709 21.686025467497576 114
0.9112903225806451 0.08870967741935484 0.0 0.907563025210084 0.09243697478991597 0.0 0.8739495798319328 1001.5330286316338 19.652434919379424 124
0.8411214953271028 0.1588785046728972 0.0 0.8333333333333334 0.16666666666666666 0.0 0.7745098039215687 1075.981733172309 22.17841670349717 107
0.7377049180327869 0.26229508196721313 0.0 0.7264957264957265 0.27350427350427353 0.0 0.811965811965812 1051.1773800962128 21.81410048466213 122
0.8518518518518519 0.14814814814814814 0.0 0.8446601941747572 0.1553398058252427 0.0 0.7766990291262136 1087.4733701880177 21.263278286368383 108
0.8272727272727273 0.17272727272727273 0.0 0.819047619047619 0.18095238095238095 0.0 0.9523809523809523 1074.945948083304 22.171320676194597 110
0.8 0.2 0.0 0.79 0.21 0.0 0.96 1046.701934529307 21.994956012370498 105
0.794392523364486 0.17757009345794392 0.028037383177570093 0.7843137254901961 0.18627450980392157 0.029411764705882353 0.8627450980392157 1060.6973861946499 22.118716738847134 107
0.8333333333333334 0.15789473684210525 0.008771929824561403 0.8256880733944955 0.1651376146788991 0.009174311926605505 0.6972477064220184 1087.4192915834208 21.341570531696746 114
0.7613636363636364 0.19318181818181818 0.045454545454545456 0.7469879518072289 0.20481927710843373 0.04819277108433735 0.9156626506024096 1043.4381864537181 24.9343288610757 88
0.9 0.1 0.0 0.8941176470588236 0.10588235294117647 0.0 0.8588235294117647 978.7855067646758 22.06876637784472 90
0.831858407079646 0.1415929203539823 0.02654867256637168 0.8333333333333334 0.1388888888888889 0.027777777777777776 0.7870370370370371 1084.799581605777 21.013888243267974 113
0.8372093023255814 0.16279069767441862 0.0 0.8306451612903226 0.1693548387096774 0.0 0.8225806451612904 1046.431355635819 21.81389190695916 129
0.881578947368421 0.11842105263157894 0.0 0.8843537414965986 0.11564625850340136 0.0 0.7891156462585034 1034.8302080655076 20.321169235129855 152
0.8536585365853658 0.14634146341463414 0.0 0.847457627118644 0.15254237288135594 0.0 0.6694915254237288 1062.2795212781507 20.395517327863818 123
0.768 0.208 0.024 0.7583333333333333 0.21666666666666667 0.025 0.9666666666666667 1049.9930158095185 20.491534412766875 125
0.8264462809917356 0.17355371900826447 0.0 0.8189655172413793 0.1810344827586207 0.0 0.9741379310344828 1038.4592069819942 21.68647366927338 121
0.7477477477477478 0.24324324324324326 0.009009009009009009 0.7358490566037735 0.25471698113207547 0.009433962264150943 0.9150943396226415 1073.3685533634782 23.158779629858348 111
0.8055555555555556 0.19444444444444445 0.0 0.7961165048543689 0.20388349514563106 0.0 0.8058252427184466 1082.5381833266188 21.651026770690915 108
0.819672131147541 0.16393442622950818 0.01639344262295082 0.811965811965812 0.17094017094017094 0.017094017094017096 0.905982905982906 1057.8128318321296 21.386922785978825 122
0.73 0.26 0.01 0.7157894736842105 0.2736842105263158 0.010526315789473684 0.8 1057.7731384448336 20.853457720984075 100
0.7373737373737373 0.2222222222222222 0.04040404040404041 0.7340425531914894 0.22340425531914893 0.0425531914893617 0.723404255319149 1087.365833123207 22.395872031303604 99
0.8290598290598291 0.17094017094017094 0.0 0.8214285714285714 0.17857142857142858 0.0 0.6785714285714286 1067.010414591928 21.043956883754298 117
0.7961165048543689 0.20388349514563106 0.0 0.7857142857142857 0.21428571428571427 0.0 0.7448979591836735 1086.8141777422554 22.241409760160224 103
0.8303571428571429 0.16964285714285715 0.0 0.822429906542056 0.17757009345794392 0.0 0.8504672897196262 1082.8784760279666 21.853836934822883 112
0.8378378378378378 0.16216216216216217 0.0 0.8301886792452831 0.16981132075471697 0.0 0.9528301886792453 1077.0894773030823 22.15810637614537 111
0.9067796610169492 0.09322033898305085 0.0 0.9026548672566371 0.09734513274336283 0.0 0.7345132743362832 1055.9548211181948 21.586010203497047 118
0.8548387096774194 0.14516129032258066 0.0 0.8487394957983193 0.15126050420168066 0.0 0.7226890756302521 1068.1799731408291 20.329861111308954 124
0.8243243243243243 0.17567567567567569 0.0 0.8115942028985508 0.18840579710144928 0.0 0.8695652173913043 1006.1630212697331 23.874673030651053 74
0.8103448275862069 0.1896551724137931 0.0 0.8018018018018018 0.1981981981981982 0.0 0.8468468468468469 1045.6669029647164 23.15360694668703 116
0.8240740740740741 0.17592592592592593 0.0 0.8155339805825242 0.18446601941747573 0.0 0.8349514563106796 1077.7605312094013 22.7852121725618 108
