0.8675496688741722 0.12582781456953643 0.006622516556291391 0.863013698630137 0.13013698630136986 0.00684931506849315 0.9041095890410958 1073.4972703019412 18.51639324705408 151
0.9175257731958762 0.08247422680412371 0.0 0.9130434782608695 0.08695652173913043 0.0 0.8913043478260869 1078.221404814537 23.00657738118525 97
0.8407079646017699 0.1592920353982301 0.0 0.8333333333333334 0.16666666666666666 0.0 0.8518518518518519 1044.6741972983177 21.29419425082945 113
0.9733333333333334 0.02666666666666667 0.0 0.9724137931034482 0.027586206896551724 0.0 0.7931034482758621 1076.1785136634674 20.404587824530847 150
0.7570093457943925 0.2336448598130841 0.009345794392523364 0.7450980392156863 0.24509803921568626 0.00980392156862745 0.8921568627450981 1078.4033040968227 20.727820467206445 107
0.808 0.192 0.0 0.8 0.2 0.0 0.9666666666666667 1039.3863715176026 21.147269013746772 125
0.8316831683168316 0.16831683168316833 0.0 0.8229166666666666 0.17708333333333334 0.0 0.7083333333333334 1039.1779097252402 21.85939579601119 101
0.916083916083916 0.08391608391608392 0.0 0.9130434782608695 0.08695652173913043 0.0 0.8913043478260869 1035.9737672967215 20.19430922335433 143
0.7516778523489933 0.21476510067114093 0.03355704697986577 0.7430555555555556 0.2222222222222222 0.034722222222222224 0.9930555555555556 973.6386447525615 19.171382907755433 149
0.8058252427184466 0.1941747572815534 0.0 0.7959183673469388 0.20408163265306123 0.0 0.9591836734693877 1044.6688089337229 22.275913018788803 103
0.8188976377952756 0.18110236220472442 0.0 0.819672131147541 0.18032786885245902 0.0 0.7049180327868853 1087.4683111522138 20.808420402190784 127
0.7837837837837838 0.21621621621621623 0.0 0.7762237762237763 0.22377622377622378 0.0 0.8461538461538461 1084.6216998857522 20.295978771881728 148
0.8852459016393442 0.11475409836065574 0.0 0.8803418803418803 0.11965811965811966 0.0 1.0 964.1667542082361 21.299860421499687 122
1.0 0.0 0.0 1.0 0.0 0.0 0.9911504424778761 1032.2547303942108 18.5519797488284 118
0.8552631578947368 0.14473684210526316 0.0 0.8571428571428571 0.14285714285714285 0.0 0.8503401360544217 1087.213926592159 19.105705776750494 152
0.8431372549019608 0.1568627450980392 0.0 0.8350515463917526 0.16494845360824742 0.0 0.9896907216494846 1064.1817415817015 22.69061276081171 102
0.8559322033898306 0.13559322033898305 0.00847457627118644 0.8495575221238938 0.1415929203539823 0.008849557522123894 0.9026548672566371 1040.1124677680757 21.727924105560835 118
0.7983193277310925 0.20168067226890757 0.0 0.7894736842105263 0.21052631578947367 0.0 0.7807017543859649 1063.8124968444909 20.1361825926846 119
0.8831168831168831 0.11688311688311688 0.0 0.8791946308724832 0.12080536912751678 0.0 0.7114093959731543 1087.4309523037366 18.347132733205417 154
0.8762886597938144 0.12371134020618557 0.0 0.8695652173913043 0.13043478260869565 0.0 0.9130434782608695 1005.2983208219393 21.98789608396259 97
0.9333333333333333 0.06666666666666667 0.0 0.9304347826086956 0.06956521739130435 0.0 0.9826086956521739 1077.221214979489 22.222025986963803 120
0.8932038834951457 0.10679611650485436 0.0 0.8877551020408163 0.11224489795918367 0.0 0.9693877551020408 1008.7473582456036 21.216240596302978 103
0.9747899159663865 0.025210084033613446 0.0 0.9736842105263158 0.02631578947368421 0.0 0.8508771929824561 943.5201398586947 19.638786378735336 119
0.8387096774193549 0.16129032258064516 0.0 0.8295454545454546 0.17045454545454544 0.0 1.0 953.9877165121798 23.70925671679654 93
0.8928571428571429 0.10714285714285714 0.0 0.8888888888888888 0.1111111111111111 0.0 0.8666666666666667 1059.7491423333963 20.301875873984642 140
0.875 0.125 0.0 0.8691588785046729 0.1308411214953271 0.0 0.8691588785046729 1087.4711922736096 21.374197812198364 112
0.9183673469387755 0.08163265306122448 0.0 0.9139784946236559 0.08602150537634409 0.0 0.7849462365591398 1051.3680139980188 20.029581773960302 98
0.9712230215827338 0.02877697841726619 0.0 0.9701492537313433 0.029850746268656716 0.0 0.6417910447761194 1016.092467800124 18.544557890639034 139
0.9280575539568345 0.07194244604316546 0.0 0.9253731343283582 0.07462686567164178 0.0 0.6268656716417911 1070.755910985747 19.798548322716236 139
0.9047619047619048 0.09523809523809523 0.0 0.9008264462809917 0.09917355371900827 0.0 0.8264462809917356 1077.6664397959107 21.017875344231072 126
0.8391608391608392 0.16083916083916083 0.0 0.8333333333333334 0.16666666666666666 0.0 0.8478260869565217 1087.2486289697072 18.79480355040276 143
0.9358974358974359 0.0641025641025641 0.0 0.9337748344370861 0.06622516556291391 0.0 0.9072847682119205 1061.8964355049807 19.690808920312882 156
0.8923076923076924 0.1076923076923077 0.0 0.888 0.112 0.0 0.928 1007.2280857581386 20.569476526026143 130
0.6699029126213593 0.3300970873786408 0.0 0.6530612244897959 0.3469387755102041 0.0 0.9693877551020408 1073.8647348640677 20.778848944473598 103
0.8468468468468469 0.15315315315315314 0.0 0.839622641509434 0.16037735849056603 0.0 0.8584905660377359 1031.7483139907529 21.278705783975596 111
0.872 0.128 0.0 0.875 0.125 0.0 0.8166666666666667 1044.2967420105952 19.876651661403567 125
0.8584070796460177 0.13274336283185842 0.008849557522123894 0.8518518518518519 0.1388888888888889 0.009259259259259259 1.0 1069.9876828646393 22.491891056378023 113
0.9583333333333334 0.041666666666666664 0.0 0.9565217391304348 0.043478260869565216 0.0 0.8260869565217391 1076.2321469021185 21.126816501662756 120
0.8536585365853658 0.14634146341463414 0.0 0.847457627118644 0.15254237288135594 0.0 0.635593220338983 1087.2113060082247 20.771178215926245 123
0.8888888888888888 0.1111111111111111 0.0 0.8839285714285714 0.11607142857142858 0.0 0.7142857142857143 1063.7803444032058 19.712232323007058 117
0.7196969696969697 0.26515151515151514 0.015151515151515152 0.7086614173228346 0.2755905511811024 0.015748031496062992 0.8661417322834646 1055.1416154351718 19.661128423529064 132
0.8695652173913043 0.13043478260869565 0.0 0.8620689655172413 0.13793103448275862 0.0 1.0 1086.2582044461244 25.315242398466065 92
0.9552238805970149 0.04477611940298507 0.0 0.9534883720930233 0.046511627906976744 0.0 0.6821705426356589 1016.8825219685361 20.852698169041183 134
0.9634146341463414 0.036585365853658534 0.0 0.9622641509433962 0.03773584905660377 0.0 0.6729559748427673 1052.7677733415483 18.928830901359 164
0.8855421686746988 0.1144578313253012 0.0 0.8819875776397516 0.11801242236024845 0.0 0.7453416149068323 1081.9792007219198 19.355260154920114 166
0.9181818181818182 0.08181818181818182 0.0 0.9142857142857143 0.08571428571428572 0.0 0.7523809523809524 1030.7107776657924 21.24715323347152 110
0.972972972972973 0.02702702702702703 0.0 0.9722222222222222 0.027777777777777776 0.0 0.8277777777777777 1074.944869114787 17.9832713576153 185
0.8764044943820225 0.12359550561797752 0.0 0.8690476190476191 0.13095238095238096 0.0 0.9523809523809523 982.3146606688383 22.507734259354976 89
0.9700598802395209 0.029940119760479042 0.0 0.9691358024691358 0.030864197530864196 0.0 0.7716049382716049 1076.7139858110822 19.75720875355022 167
0.7980769230769231 0.20192307692307693 0.0 0.7878787878787878 0.21212121212121213 0.0 0.7575757575757576 1069.344204144388 22.22987755289408 104
0.7862068965517242 0.21379310344827587 0.0 0.7785714285714286 0.22142857142857142 0.0 0.7785714285714286 1065.7034163745743 18.690784836485577 145
0.9375 0.0625 0.0 0.935251798561151 0.06474820143884892 0.0 0.8201438848920863 1086.9291066548994 19.960329452356454 144
0.859375 0.140625 0.0 0.8536585365853658 0.14634146341463414 0.0 0.926829268292683 1063.1247491575436 21.90758313273187 128
0.8672566371681416 0.13274336283185842 0.0 0.8703703703703703 0.12962962962962962 0.0 0.6018518518518519 1086.4041911816123 20.440274052519907 113
0.8282828282828283 0.1717171717171717 0.0 0.8191489361702128 0.18085106382978725 0.0 0.7659574468085106 1060.2754359777773 22.01112842126323 99
0.8991596638655462 0.10084033613445378 0.0 0.8947368421052632 0.10526315789473684 0.0 0.5964912280701754 1032.904850893935 21.635319991923904 119
0.8928571428571429 0.1 0.007142857142857143 0.8888888888888888 0.1037037037037037 0.007407407407407408 0.8592592592592593 1076.134168842202 21.000303756170297 140
0.9090909090909091 0.09090909090909091 0.0 0.9047619047619048 0.09523809523809523 0.0 0.8857142857142857 1075.3628997005637 21.789632968667277 110
0.7619047619047619 0.23809523809523808 0.0 0.7413793103448276 0.25862068965517243 0.0 0.9827586206896551 1060.8300921166901 26.367788470834324 63
0.8489208633093526 0.1510791366906475 0.0 0.8432835820895522 0.15671641791044777 0.0 1.0 1043.5782567250637 21.977087937061384 139
0.8782608695652174 0.12173913043478261 0.0 0.8727272727272727 0.12727272727272726 0.0 0.7363636363636363 1060.4013859336167 22.049804263036165 115
0.8058252427184466 0.18446601941747573 0.009708737864077669 0.7959183673469388 0.19387755102040816 0.01020408163265306 0.9897959183673469 962.6858496953316 21.707672758151045 103
0.8923076923076924 0.1076923076923077 0.0 0.888 0.112 0.0 0.672 1053.9664029642017 20.98069061762982 130
0.8695652173913043 0.13043478260869565 0.0 0.8620689655172413 0.13793103448275862 0.0 0.8160919540229885 1087.400306130752 20.992430229708564 92
0.7966101694915254 0.1864406779661017 0.01694915254237288 0.7876106194690266 0.19469026548672566 0.017699115044247787 0.9557522123893806 1078.4969063725596 22.582219705705093 118
0.7338129496402878 0.2517985611510791 0.014388489208633094 0.7238805970149254 0.26119402985074625 0.014925373134328358 0.8955223880597015 1051.0195843825936 20.274146326305424 139
0.8267716535433071 0.1732283464566929 0.0 0.8278688524590164 0.1721311475409836 0.0 0.9180327868852459 1082.781442649862 21.01029157434449 127
0.8549618320610687 0.1450381679389313 0.0 0.8492063492063492 0.15079365079365079 0.0 0.7936507936507936 1084.6587121852126 20.475832736834985 131
0.84 0.15333333333333332 0.006666666666666667 0.8344827586206897 0.15862068965517243 0.006896551724137931 0.8 1059.4207667899386 20.322365266957988 150
0.9124087591240876 0.08759124087591241 0.0 0.9090909090909091 0.09090909090909091 0.0 0.8712121212121212 1055.9552246170122 20.067805905421135 137
0.9290322580645162 0.07096774193548387 0.0 0.9266666666666666 0.07333333333333333 0.0 0.9066666666666666 981.2898890944866 19.18346319384751 155
0.844311377245509 0.15568862275449102 0.0 0.8395061728395061 0.16049382716049382 0.0 0.6296296296296297 1087.08134076656 19.604472966130096 167
0.8646616541353384 0.13533834586466165 0.0 0.859375 0.140625 0.0 0.8203125 1079.6483393367682 19.395442718838023 133
0.7424242424242424 0.24242424242424243 0.015151515151515152 0.7480314960629921 0.23622047244094488 0.015748031496062992 0.8503937007874016 1085.117089501212 20.823250750708183 132
0.8201438848920863 0.17985611510791366 0.0 0.8134328358208955 0.1865671641791045 0.0 0.8059701492537313 1074.6157285936572 20.388633003791295 139
0.8823529411764706 0.11764705882352941 0.0 0.8771929824561403 0.12280701754385964 0.0 0.7017543859649122 1038.899108985901 21.45628176607557 119
0.8444444444444444 0.15555555555555556 0.0 0.8352941176470589 0.16470588235294117 0.0 0.6470588235294118 1087.445018100192 19.753444901737964 90
0.87248322147651 0.12751677852348994 0.0 0.8680555555555556 0.13194444444444445 0.0 0.7986111111111112 1019.3659049480133 19.835653573547724 149
0.8260869565217391 0.17391304347826086 0.0 0.8125 0.1875 0.0 0.90625 1012.2935948373043 23.094728678334658 69
0.8805970149253731 0.11940298507462686 0.0 0.875968992248062 0.12403100775193798 0.0 0.7209302325581395 1081.983205627426 19.5004327012928 134
0.9193548387096774 0.08064516129032258 0.0 0.9159663865546218 0.08403361344537816 0.0 0.8487394957983193 1032.2897204197766 21.201112451824255 124
0.819047619047619 0.18095238095238095 0.0 0.81 0.19 0.0 0.92 1084.3608855807252 22.515108289315936 105
0.9 0.1 0.0 0.896551724137931 0.10344827586206896 0.0 0.9517241379310345 959.9501877758812 18.562105630473987 150
0.9017857142857143 0.09821428571428571 0.0 0.897196261682243 0.102803738317757 0.0 0.5607476635514018 1076.828156214903 19.460329168376983 112
0.8 0.2 0.0 0.8 0.2 0.0 0.888 1086.273232099989 21.299371782318072 130
0.8064516129032258 0.1935483870967742 0.0 0.7954545454545454 0.20454545454545456 0.0 0.7613636363636364 1081.627167465721 22.220796132093902 93
0.9290780141843972 0.07092198581560284 0.0 0.9264705882352942 0.07352941176470588 0.0 0.8897058823529411 1014.449703007177 19.22774018877829 141
0.916083916083916 0.08391608391608392 0.0 0.9130434782608695 0.08695652173913043 0.0 0.6884057971014492 1083.4186244721366 20.747986536340285 143
0.953125 0.046875 0.0 0.9512195121951219 0.04878048780487805 0.0 0.8780487804878049 1084.0270204460455 21.599263036981473 128
0.8699186991869918 0.13008130081300814 0.0 0.864406779661017 0.13559322033898305 0.0 0.9745762711864406 1070.7743240479956 20.821691491178733 123
0.8869565217391304 0.11304347826086956 0.0 0.8818181818181818 0.11818181818181818 0.0 0.9 1087.234942622398 21.422253480145034 115
0.8303571428571429 0.16071428571428573 0.008928571428571428 0.822429906542056 0.16822429906542055 0.009345794392523364 0.9065420560747663 1081.7540042438884 20.928687667684354 112
0.8617886178861789 0.13821138211382114 0.0 0.8559322033898306 0.1440677966101695 0.0 0.7796610169491526 1083.435703092889 21.36631557153488 123
0.9 0.1 0.0 0.8933333333333333 0.10666666666666667 0.0 1.0 1072.8908635774796 24.96113958405281 80
0.8728813559322034 0.1271186440677966 0.0 0.8672566371681416 0.13274336283185842 0.0 0.6548672566371682 1075.8167367812807 21.49291365444245 118
0.8306451612903226 0.1693548387096774 0.0 0.8235294117647058 0.17647058823529413 0.0 0.9243697478991597 1053.4014852562193 21.09164093061123 124
0.875 0.125 0.0 0.8691588785046729 0.1308411214953271 0.0 0.5233644859813084 1070.667554633772 21.466345124940435 112
0.8090909090909091 0.19090909090909092 0.0 0.8 0.2 0.0 0.8666666666666667 1077.1715692165185 19.772570269925335 110
0.9026548672566371 0.09734513274336283 0.0 0.8981481481481481 0.10185185185185185 0.0 0.7407407407407407 1060.6217768780327 20.95642522050484 113
0.6349206349206349 0.3333333333333333 0.031746031746031744 0.6198347107438017 0.34710743801652894 0.03305785123966942 0.6611570247933884 1076.3342868630864 22.092541414827743 126
0.8823529411764706 0.11764705882352941 0.0 0.8859649122807017 0.11403508771929824 0.0 0.9824561403508771 1077.650658680119 21.99849504563 119
0.912 0.088 0.0 0.9083333333333333 0.09166666666666666 0.0 0.8583333333333333 1023.6790343337939 20.72558712089265 125
0.9185185185185185 0.08148148148148149 0.0 0.9153846153846154 0.08461538461538462 0.0 0.6153846153846154 1013.8735466751883 20.260005691947267 135
0.8225806451612904 0.1774193548387097 0.0 0.8151260504201681 0.18487394957983194 0.0 0.8571428571428571 1074.9841661637474 19.874682482799024 124
0.8741721854304636 0.12582781456953643 0.0 0.8698630136986302 0.13013698630136986 0.0 0.8356164383561644 1063.3930941651133 18.984754223572956 151
0.8571428571428571 0.14285714285714285 0.0 0.8508771929824561 0.14912280701754385 0.0 0.7894736842105263 1082.8612509136544 21.45188038883578 119
0.9147286821705426 0.08527131782945736 0.0 0.9112903225806451 0.08870967741935484 0.0 0.7741935483870968 1065.1206118780203 20.450170881984732 129
0.8333333333333334 0.16666666666666666 0.0 0.8260869565217391 0.17391304347826086 0.0 0.7304347826086957 1039.5337796089407 20.95115819054029 120
0.8658536585365854 0.13414634146341464 0.0 0.8571428571428571 0.14285714285714285 0.0 1.0 1029.0935571040109 22.23045777606207 82
0.8411214953271028 0.1588785046728972 0.0 0.8333333333333334 0.16666666666666666 0.0 0.9803921568627451 990.534080709192 20.57999184184854 107
0.8317757009345794 0.16822429906542055 0.0 0.8235294117647058 0.17647058823529413 0.0 0.6764705882352942 1073.881034241895 24.572476382928663 107
0.9357142857142857 0.06428571428571428 0.0 0.9407407407407408 0.05925925925925926 0.0 0.8592592592592593 1086.164692791948 19.93088090746798 140
0.8217054263565892 0.17829457364341086 0.0 0.8145161290322581 0.18548387096774194 0.0 0.6451612903225806 1000.7561087598516 19.02550919613666 129
0.8476190476190476 0.1523809523809524 0.0 0.84 0.16 0.0 0.86 1010.4722750714582 20.871440185553375 105
0.8484848484848485 0.15151515151515152 0.0 0.84251968503937 0.15748031496062992 0.0 0.84251968503937 1034.5683057731342 20.02840544385405 132
0.7469879518072289 0.20481927710843373 0.04819277108433735 0.7391304347826086 0.2111801242236025 0.049689440993788817 0.7515527950310559 1081.1636472986854 18.682311159424412 166
0.7941176470588235 0.20588235294117646 0.0 0.7862595419847328 0.21374045801526717 0.0 0.8473282442748091 1086.0385316992551 21.184006669282404 136
0.900709219858156 0.09929078014184398 0.0 0.8970588235294118 0.10294117647058823 0.0 0.7794117647058824 1013.0271235024865 19.915379228210366 141
0.8598130841121495 0.14018691588785046 0.0 0.8529411764705882 0.14705882352941177 0.0 0.8137254901960784 1050.1050610254583 20.994825135777745 107
0.8230088495575221 0.17699115044247787 0.0 0.8148148148148148 0.18518518518518517 0.0 0.7314814814814815 1087.4480711814224 21.282598982910446 113
0.7083333333333334 0.2916666666666667 0.0 0.6923076923076923 0.3076923076923077 0.0 1.0 1031.594472797069 21.882206003445944 96
0.8737864077669902 0.1262135922330097 0.0 0.8673469387755102 0.1326530612244898 0.0 0.8979591836734694 1059.1014884166086 21.809263935154853 103
0.907563025210084 0.09243697478991597 0.0 0.9122807017543859 0.08771929824561403 0.0 0.7982456140350878 1084.7562582695266 20.89085658583489 119
0.7867647058823529 0.19852941176470587 0.014705882352941176 0.7786259541984732 0.20610687022900764 0.015267175572519083 0.732824427480916 1087.4081018525244 20.987379227660444 136
0.9733333333333334 0.02666666666666667 0.0 0.9724137931034482 0.027586206896551724 0.0 0.0 1070.3796454856058 19.09521918686306 150
0.9779411764705882 0.022058823529411766 0.0 0.9770992366412213 0.022900763358778626 0.0 0.8320610687022901 1031.0541198577484 19.571558104418187 136
0.9327731092436975 0.06722689075630252 0.0 0.9298245614035088 0.07017543859649122 0.0 0.8245614035087719 1075.959113772221 20.9882918734255 119
0.917910447761194 0.08208955223880597 0.0 0.9147286821705426 0.08527131782945736 0.0 0.7751937984496124 1074.5460943892758 19.979073791747247 134
0.8741721854304636 0.12582781456953643 0.0 0.8767123287671232 0.1232876712328767 0.0 0.8561643835616438 1062.7839620820625 19.90639605376149 151
0.9044117647058824 0.09558823529411764 0.0 0.9007633587786259 0.09923664122137404 0.0 0.9847328244274809 981.7699425727408 21.15624884551074 136
0.8770491803278688 0.12295081967213115 0.0 0.8717948717948718 0.1282051282051282 0.0 0.7435897435897436 1087.2076475333208 20.24674971174622 122
0.8740157480314961 0.12598425196850394 0.0 0.8688524590163934 0.13114754098360656 0.0 0.9508196721311475 1071.0104955940121 21.1685475036353 127
0.8650793650793651 0.1349206349206349 0.0 0.859504132231405 0.14049586776859505 0.0 0.7024793388429752 1077.5660712062254 19.85033895643453 126
0.8543689320388349 0.14563106796116504 0.0 0.8469387755102041 0.15306122448979592 0.0 0.9285714285714286 1066.3445685892873 20.16622587216257 103
0.916083916083916 0.08391608391608392 0.0 0.9202898550724637 0.07971014492753623 0.0 0.717391304347826 1031.981234829427 19.499946178936213 143
0.8726114649681529 0.12738853503184713 0.0 0.868421052631579 0.13157894736842105 0.0 0.8947368421052632 1072.108073311683 19.72679505350274 157
0.8473282442748091 0.15267175572519084 0.0 0.8571428571428571 0.14285714285714285 0.0 0.7301587301587301 1087.391011992746 19.72062102339506 131
0.8346456692913385 0.16535433070866143 0.0 0.8278688524590164 0.1721311475409836 0.0 0.8852459016393442 1087.2192900766306 19.34098511148154 127
0.8832116788321168 0.11678832116788321 0.0 0.8787878787878788 0.12121212121212122 0.0 0.9015151515151515 1047.6918358320393 21.84540091911004 137
0.927536231884058 0.07246376811594203 0.0 0.924812030075188 0.07518796992481203 0.0 0.8872180451127819 1012.8323484551737 19.084646260398408 138
0.9041095890410958 0.0958904109589041 0.0 0.900709219858156 0.09929078014184398 0.0 0.75177304964539 1056.931304855626 19.37891915219298 146
0.8611111111111112 0.1388888888888889 0.0 0.8561151079136691 0.14388489208633093 0.0 0.8561151079136691 1026.8327838323319 20.452809887031762 144
0.875 0.125 0.0 0.8699186991869918 0.13008130081300814 0.0 0.7479674796747967 1087.415273329086 20.750116942851818 128
0.9357142857142857 0.06428571428571428 0.0 0.9333333333333333 0.06666666666666667 0.0 0.8962962962962963 1038.6345478294243 19.32160296428149 140
0.7807017543859649 0.21929824561403508 0.0 0.7706422018348624 0.22935779816513763 0.0 0.7706422018348624 1079.7716162318807 21.00810740147169 114
0.8529411764705882 0.14705882352941177 0.0 0.845360824742268 0.15463917525773196 0.0 0.7938144329896907 984.854155143426 21.031805471024 102
0.8481012658227848 0.1518987341772152 0.0 0.8431372549019608 0.1568627450980392 0.0 0.8104575163398693 1049.9894312039544 19.368910973756673 158
0.8362068965517241 0.16379310344827586 0.0 0.8288288288288288 0.17117117117117117 0.0 1.0 1046.0524318595403 23.077822258170354 116
0.8936170212765957 0.10638297872340426 0.0 0.8876404494382022 0.11235955056179775 0.0 0.9325842696629213 1041.6246018816264 22.367960689268287 94
0.8207547169811321 0.16037735849056603 0.018867924528301886 0.8118811881188119 0.16831683168316833 0.019801980198019802 0.9801980198019802 1008.4111637861024 22.858695062120148 106
0.8478260869565217 0.15217391304347827 0.0 0.849624060150376 0.15037593984962405 0.0 0.9398496240601504 1022.946324731248 19.903274932403995 138
0.900709219858156 0.09929078014184398 0.0 0.8970588235294118 0.10294117647058823 0.0 0.7352941176470589 1079.0729507225988 19.692282579516434 141
0.8675496688741722 0.13245033112582782 0.0 0.863013698630137 0.136986301369863 0.0 0.9931506849315068 1062.879569328413 19.600628090424404 151
0.8956521739130435 0.10434782608695652 0.0 0.8909090909090909 0.10909090909090909 0.0 0.7272727272727273 1042.342356648968 21.090602778116807 115
0.9013157894736842 0.09868421052631579 0.0 0.8979591836734694 0.10204081632653061 0.0 0.782312925170068 1087.2327943335838 21.034806925727192 152
0.8928571428571429 0.10714285714285714 0.0 0.8878504672897196 0.11214953271028037 0.0 0.9906542056074766 1036.5832255086293 21.112143825661793 112
0.9083969465648855 0.0916030534351145 0.0 0.9047619047619048 0.09523809523809523 0.0 0.8809523809523809 990.1431554773725 19.511025081899064 131
0.8481012658227848 0.1518987341772152 0.0 0.8431372549019608 0.1568627450980392 0.0 0.6535947712418301 1087.305199002125 18.751040925112466 158
0.7938144329896907 0.20618556701030927 0.0 0.782608695652174 0.21739130434782608 0.0 0.7717391304347826 1041.6803624781596 20.683324994353864 97
0.8863636363636364 0.10606060606060606 0.007575757575757576 0.8818897637795275 0.11023622047244094 0.007874015748031496 0.8031496062992126 1028.638284462509 19.887716602748835 132
0.935064935064935 0.06493506493506493 0.0 0.9328859060402684 0.06711409395973154 0.0 0.8859060402684564 1078.7466935530774 18.80480547700089 154
0.8717948717948718 0.1282051282051282 0.0 0.863013698630137 0.136986301369863 0.0 0.8082191780821918 1064.253228740388 23.377937089486405 78
0.8085106382978723 0.19148936170212766 0.0 0.797752808988764 0.20224719101123595 0.0 0.9325842696629213 1080.512930027946 23.176781607921523 94
0.9166666666666666 0.08333333333333333 0.0 0.9133858267716536 0.08661417322834646 0.0 0.9291338582677166 1030.1820178947964 20.10311702555073 132
0.9035087719298246 0.09649122807017543 0.0 0.8990825688073395 0.10091743119266056 0.0 0.8348623853211009 1025.2421332361525 20.72608544331692 114
0.8165137614678899 0.1834862385321101 0.0 0.8076923076923077 0.19230769230769232 0.0 0.8653846153846154 1053.185836082931 25.58285957534548 109
0.8169934640522876 0.1830065359477124 0.0 0.8108108108108109 0.1891891891891892 0.0 0.8716216216216216 1047.7667199831649 20.24931417089375 153
0.9159663865546218 0.08403361344537816 0.0 0.9122807017543859 0.08771929824561403 0.0 0.9736842105263158 1055.0593003376937 22.151542075809644 119
0.8583333333333333 0.14166666666666666 0.0 0.8521739130434782 0.14782608695652175 0.0 0.7478260869565218 1087.0409514959563 21.05312926600183 120
0.9005847953216374 0.09941520467836257 0.0 0.8975903614457831 0.10240963855421686 0.0 0.7771084337349398 1086.8524780860705 19.62615844408949 171
0.8677685950413223 0.1322314049586777 0.0 0.8620689655172413 0.13793103448275862 0.0 0.8362068965517241 1064.1853580467543 21.57222419669718 121
0.907563025210084 0.09243697478991597 0.0 0.9035087719298246 0.09649122807017543 0.0 0.8508771929824561 1072.3279157674706 21.222001443878085 119
0.8794326241134752 0.12056737588652482 0.0 0.875 0.125 0.0 0.9926470588235294 1078.3017727301444 20.577753198594124 141
0.9655172413793104 0.034482758620689655 0.0 0.963963963963964 0.036036036036036036 0.0 0.7477477477477478 1026.6489977807128 20.32749518612339 116
0.8666666666666667 0.13333333333333333 0.0 0.8615384615384616 0.13846153846153847 0.0 0.7384615384615385 1087.433598628828 20.323924841083286 135
0.8429752066115702 0.1487603305785124 0.008264462809917356 0.8362068965517241 0.15517241379310345 0.008620689655172414 0.9482758620689655 1040.28153017071 22.388539186880415 121
0.9251700680272109 0.07482993197278912 0.0 0.9225352112676056 0.07746478873239436 0.0 0.5492957746478874 960.3678869865377 19.60826487695135 147
0.8898305084745762 0.11016949152542373 0.0 0.8849557522123894 0.11504424778761062 0.0 0.672566371681416 1076.0669803895805 19.77894738057177 118
0.693069306930693 0.3069306930693069 0.0 0.6770833333333334 0.3229166666666667 0.0 0.6458333333333334 1033.0603274607874 21.63034794864945 101
0.9166666666666666 0.08333333333333333 0.0 0.9130434782608695 0.08695652173913043 0.0 0.8 1077.273271049356 21.471314958223697 120
0.8709677419354839 0.12903225806451613 0.0 0.865546218487395 0.13445378151260504 0.0 0.7563025210084033 1087.442954375225 20.808921267277423 124
0.8807339449541285 0.11926605504587157 0.0 0.875 0.125 0.0 0.8653846153846154 1086.5021943622667 21.449843446309487 109
0.918918918918919 0.08108108108108109 0.0 0.916083916083916 0.08391608391608392 0.0 0.8601398601398601 1081.8517743791022 20.521583478279798 148
0.9203539823008849 0.07964601769911504 0.0 0.9166666666666666 0.08333333333333333 0.0 0.9074074074074074 1071.3150530492503 20.638021804882282 113
0.8512396694214877 0.1487603305785124 0.0 0.8448275862068966 0.15517241379310345 0.0 0.7155172413793104 1076.954600331991 20.808997548446644 121
0.8770491803278688 0.12295081967213115 0.0 0.8717948717948718 0.1282051282051282 0.0 0.7777777777777778 1083.2737724122117 20.43297181900578 122
0.9685534591194969 0.031446540880503145 0.0 0.9675324675324676 0.032467532467532464 0.0 0.012987012987012988 1033.690692326234 17.46839415343801 159
0.8880597014925373 0.11194029850746269 0.0 0.8837209302325582 0.11627906976744186 0.0 0.875968992248062 1081.4968144703696 20.939143965599254 134
0.9186991869918699 0.08130081300813008 0.0 0.9152542372881356 0.0847457627118644 0.0 0.8389830508474576 953.8763475645512 20.253817957804625 123
0.94375 0.05625 0.0 0.9419354838709677 0.05806451612903226 0.0 0.8193548387096774 893.4206725240413 17.763313967472392 160
0.7762237762237763 0.22377622377622378 0.0 0.7681159420289855 0.2318840579710145 0.0 0.7463768115942029 1035.1020998657184 20.410697568783796 143
0.8677685950413223 0.11570247933884298 0.01652892561983471 0.8620689655172413 0.1206896551724138 0.017241379310344827 0.9655172413793104 1086.4176206585955 20.910958255019583 121
0.78 0.21 0.01 0.7789473684210526 0.21052631578947367 0.010526315789473684 0.9052631578947369 1041.249655295697 22.22403530995312 100
0.8682634730538922 0.1317365269461078 0.0 0.8641975308641975 0.13580246913580246 0.0 0.006172839506172839 1035.2179243562814 18.464802088578608 167
0.8938053097345132 0.10619469026548672 0.0 0.8888888888888888 0.1111111111111111 0.0 0.9259259259259259 1056.345077768276 21.53746203936546 113
0.8235294117647058 0.17647058823529413 0.0 0.8144329896907216 0.18556701030927836 0.0 0.8556701030927835 977.8075748594075 21.925016417807765 102
0.8378378378378378 0.16216216216216217 0.0 0.839622641509434 0.16037735849056603 0.0 0.8962264150943396 1056.5400813018998 21.60269388654679 111
0.8970588235294118 0.10294117647058823 0.0 0.8931297709923665 0.10687022900763359 0.0 0.6717557251908397 964.4785495631522 19.61538192622633 136
0.8991596638655462 0.10084033613445378 0.0 0.8947368421052632 0.10526315789473684 0.0 0.8245614035087719 1085.164687153978 21.024373007528737 119
0.7659574468085106 0.23404255319148937 0.0 0.7573529411764706 0.2426470588235294 0.0 0.9852941176470589 1072.572934571386 20.33847611804728 141
0.8584070796460177 0.1415929203539823 0.0 0.8518518518518519 0.14814814814814814 0.0 0.8148148148148148 1056.1745872591764 20.653248196297504 113
0.8198198198198198 0.18018018018018017 0.0 0.8113207547169812 0.18867924528301888 0.0 0.8584905660377359 1055.537603829954 21.523713211022155 111
0.8721804511278195 0.12781954887218044 0.0 0.8671875 0.1328125 0.0 0.90625 1037.3145913261123 20.73222736347425 133
0.8709677419354839 0.12903225806451613 0.0 0.865546218487395 0.13445378151260504 0.0 0.9495798319327731 1016.1846040372732 20.654229868274356 124
0.8365384615384616 0.16346153846153846 0.0 0.8383838383838383 0.16161616161616163 0.0 0.8585858585858586 1044.5314453923088 22.679820681138104 104
0.9523809523809523 0.047619047619047616 0.0 0.950920245398773 0.049079754601226995 0.0 0.6073619631901841 1047.4986221300387 18.5539259912824 168
0.8921568627450981 0.10784313725490197 0.0 0.8865979381443299 0.1134020618556701 0.0 0.865979381443299 1042.650312908525 21.118052461297747 102
0.8863636363636364 0.11363636363636363 0.0 0.8795180722891566 0.12048192771084337 0.0 0.9879518072289156 961.4089956376891 23.22986616241154 88
0.9133333333333333 0.08666666666666667 0.0 0.9103448275862069 0.0896551724137931 0.0 0.7379310344827587 1067.8277532654881 19.266498389547557 150
0.8773584905660378 0.12264150943396226 0.0 0.8712871287128713 0.12871287128712872 0.0 0.8514851485148515 1039.2879068894858 21.83375918316755 106
0.8823529411764706 0.11764705882352941 0.0 0.8762886597938144 0.12371134020618557 0.0 0.7010309278350515 1077.259647810333 21.206624217520325 102
0.8648648648648649 0.13513513513513514 0.0 0.8584905660377359 0.14150943396226415 0.0 0.7452830188679245 1029.5167283274125 20.40717863361771 111
0.9291338582677166 0.07086614173228346 0.0 0.9262295081967213 0.07377049180327869 0.0 0.8934426229508197 1069.319165560794 21.31231053732204 127
0.9145299145299145 0.08547008547008547 0.0 0.9107142857142857 0.08928571428571429 0.0 0.9285714285714286 1032.620519744232 21.136571259654175 117
0.8686868686868687 0.13131313131313133 0.0 0.8617021276595744 0.13829787234042554 0.0 0.7446808510638298 1057.6526344326128 22.4198674695414 99
0.9047619047619048 0.09523809523809523 0.0 0.9014084507042254 0.09859154929577464 0.0 0.7816901408450704 1041.334454555859 19.484888563434097 147
0.8645833333333334 0.13541666666666666 0.0 0.8571428571428571 0.14285714285714285 0.0 0.9560439560439561 1045.6967982846838 22.16487954594696 96
0.922077922077922 0.07792207792207792 0.0 0.9194630872483222 0.08053691275167785 0.0 0.825503355704698 1087.0564410727825 19.889621307692895 154
0.8636363636363636 0.13636363636363635 0.0 0.8571428571428571 0.14285714285714285 0.0 0.7904761904761904 1061.0668943849637 21.90749701371859 110
0.8942307692307693 0.10576923076923077 0.0 0.8888888888888888 0.1111111111111111 0.0 0.8787878787878788 1017.9797115120006 21.024883043486916 104
0.7707006369426752 0.22929936305732485 0.0 0.7697368421052632 0.23026315789473684 0.0 0.7763157894736842 1087.4378541405067 19.24802490949689 157
0.8189655172413793 0.1810344827586207 0.0 0.8108108108108109 0.1891891891891892 0.0 0.9819819819819819 1061.027737155733 22.485072671592995 116
0.8653846153846154 0.1346153846153846 0.0 0.8585858585858586 0.1414141414141414 0.0 0.8080808080808081 1078.735618782786 22.456611201674907 104
0.9342105263157895 0.06578947368421052 0.0 0.9387755102040817 0.061224489795918366 0.0 0.8571428571428571 1065.768209080714 20.02856187291211 152
0.7890625 0.1953125 0.015625 0.7886178861788617 0.1951219512195122 0.016260162601626018 0.7479674796747967 1064.0842923922326 20.10988960759893 128
0.9124087591240876 0.08759124087591241 0.0 0.9090909090909091 0.09090909090909091 0.0 0.9015151515151515 1068.849821647886 20.00554859377889 137
0.9193548387096774 0.08064516129032258 0.0 0.9159663865546218 0.08403361344537816 0.0 0.8151260504201681 1046.629068402816 21.147879552815304 124
0.875968992248062 0.12403100775193798 0.0 0.8709677419354839 0.12903225806451613 0.0 0.9032258064516129 1083.3855096755894 20.138251251651923 129
0.8173913043478261 0.1826086956521739 0.0 0.8090909090909091 0.19090909090909092 0.0 0.7818181818181819 1086.6240732923495 20.67214894546361 115
0.8905109489051095 0.10948905109489052 0.0 0.9015151515151515 0.09848484848484848 0.0 0.9242424242424242 999.9730382645407 19.349578247034252 137
0.9108910891089109 0.0891089108910891 0.0 0.90625 0.09375 0.0 0.8645833333333334 1029.468775346434 21.393147311555133 101
0.9562043795620438 0.043795620437956206 0.0 0.9545454545454546 0.045454545454545456 0.0 0.8712121212121212 1079.4511549796193 19.5837320323641 137
0.8043478260869565 0.1956521739130435 0.0 0.7931034482758621 0.20689655172413793 0.0 0.9425287356321839 1072.0971233806818 21.527611421972043 92
0.8442622950819673 0.1557377049180328 0.0 0.8461538461538461 0.15384615384615385 0.0 0.7264957264957265 1057.0059204314348 20.05704671248879 122
0.8984375 0.1015625 0.0 0.8943089430894309 0.10569105691056911 0.0 0.7642276422764228 1048.9983386275878 19.645447133504714 128
0.8461538461538461 0.15384615384615385 0.0 0.8392857142857143 0.16071428571428573 0.0 0.8214285714285714 1068.0525334189767 20.59443319813384 117
0.8602150537634409 0.13978494623655913 0.0 0.8522727272727273 0.14772727272727273 0.0 0.9431818181818182 1021.8155058448751 24.140444175679036 93
0.8275862068965517 0.1724137931034483 0.0 0.8198198198198198 0.18018018018018017 0.0 1.0 1055.8973467260446 21.588885652175637 116
0.8709677419354839 0.12903225806451613 0.0 0.8823529411764706 0.11764705882352941 0.0 0.8319327731092437 1077.7835837685063 19.787212260343455 124
0.9261744966442953 0.0738255033557047 0.0 0.9236111111111112 0.0763888888888889 0.0 0.75 1075.5305817371031 19.368705208603078 149
0.6982758620689655 0.2413793103448276 0.0603448275862069 0.6846846846846847 0.25225225225225223 0.06306306306306306 0.9279279279279279 1051.8511898977138 22.74350527488407 116
0.5909090909090909 0.22727272727272727 0.18181818181818182 0.5783132530120482 0.24096385542168675 0.18072289156626506 0.7228915662650602 946.6085295492916 22.58071308568792 88
0.7789473684210526 0.22105263157894736 0.0 0.7666666666666667 0.23333333333333334 0.0 0.9888888888888889 1072.328574998352 22.542553522858228 95
0.9492753623188406 0.050724637681159424 0.0 0.9473684210526315 0.05263157894736842 0.0 0.849624060150376 1020.3311048057985 19.925543604962606 138
0.8739495798319328 0.12605042016806722 0.0 0.868421052631579 0.13157894736842105 0.0 0.8245614035087719 1043.0958128654465 19.507605477476673 119
0.8210526315789474 0.17894736842105263 0.0 0.8111111111111111 0.18888888888888888 0.0 0.9111111111111111 1079.0809638072217 23.430810537945355 95
0.8260869565217391 0.17391304347826086 0.0 0.8181818181818182 0.18181818181818182 0.0 0.9818181818181818 1040.1384617048752 20.37862934160253 115
0.7631578947368421 0.23684210526315788 0.0 0.7464788732394366 0.2535211267605634 0.0 0.9436619718309859 1065.7028498438053 24.290015234033415 76
0.8031496062992126 0.1968503937007874 0.0 0.7950819672131147 0.20491803278688525 0.0 0.6885245901639344 1033.5916128727008 21.162610493201235 127
0.8333333333333334 0.16666666666666666 0.0 0.8264462809917356 0.17355371900826447 0.0 0.7272727272727273 1070.6276574522212 20.9405352791994 126
0.9349593495934959 0.06504065040650407 0.0 0.9322033898305084 0.06779661016949153 0.0 0.923728813559322 1010.923826359234 19.761833980699333 123
0.8230088495575221 0.17699115044247787 0.0 0.8240740740740741 0.17592592592592593 0.0 0.7314814814814815 1024.0691062357614 19.817264414202295 113
0.7843137254901961 0.18627450980392157 0.029411764705882353 0.7835051546391752 0.1958762886597938 0.020618556701030927 0.9072164948453608 982.9686424605901 22.977042102759448 102
0.8571428571428571 0.14285714285714285 0.0 0.8512396694214877 0.1487603305785124 0.0 0.7933884297520661 1061.0830152663746 19.907242624124414 126
0.9235668789808917 0.07643312101910828 0.0 0.9210526315789473 0.07894736842105263 0.0 0.6973684210526315 1002.4698061296064 18.60763611461745 157
0.9230769230769231 0.07692307692307693 0.0 0.9196428571428571 0.08035714285714286 0.0 0.5625 1084.2281329496864 19.870198660391978 117
0.8144329896907216 0.18556701030927836 0.0 0.8043478260869565 0.1956521739130435 0.0 0.9239130434782609 1064.2810839121496 23.36497510460086 97
0.9733333333333334 0.02666666666666667 0.0 0.9793103448275862 0.020689655172413793 0.0 0.7517241379310344 1054.134641255438 19.290304845177936 150
0.8981481481481481 0.10185185185185185 0.0 0.8932038834951457 0.10679611650485436 0.0 0.3106796116504854 1061.4116381753981 19.745903394506097 108
0.9559748427672956 0.0440251572327044 0.0 0.9545454545454546 0.045454545454545456 0.0 0.8766233766233766 1064.6074793022412 19.484846128428977 159
0.9134615384615384 0.08653846153846154 0.0 0.9090909090909091 0.09090909090909091 0.0 0.98989898989899 1067.346245464812 21.496890752123754 104
0.8972602739726028 0.10273972602739725 0.0 0.8936170212765957 0.10638297872340426 0.0 0.9716312056737588 1039.4195906321743 20.103024171633383 146
0.85 0.15 0.0 0.8444444444444444 0.15555555555555556 0.0 0.8814814814814815 1018.4914812074636 20.079869197943314 140
0.7307692307692307 0.2692307692307692 0.0 0.7373737373737373 0.26262626262626265 0.0 0.7070707070707071 1078.2837967732555 23.471778140410382 104
0.8716216216216216 0.12837837837837837 0.0 0.8741258741258742 0.1258741258741259 0.0 0.6363636363636364 1087.2859801148081 20.150976243357245 148
0.9069767441860465 0.09302325581395349 0.0 0.9032258064516129 0.0967741935483871 0.0 0.8064516129032258 1086.4793403404667 20.03762525864916 129
0.9024390243902439 0.0975609756097561 0.0 0.8983050847457628 0.1016949152542373 0.0 0.7796610169491526 1085.3870149081265 20.466378354187956 123
0.8067226890756303 0.19327731092436976 0.0 0.7982456140350878 0.20175438596491227 0.0 0.8245614035087719 1055.779251543468 22.252555848609365 119
0.808695652173913 0.19130434782608696 0.0 0.8 0.2 0.0 0.8909090909090909 951.1776094037193 22.10045384454954 115
0.8333333333333334 0.16666666666666666 0.0 0.8260869565217391 0.17391304347826086 0.0 0.9130434782608695 1071.6699575130608 21.104301915998953 120
0.8503401360544217 0.14965986394557823 0.0 0.8450704225352113 0.15492957746478872 0.0 0.795774647887324 1075.8438763669287 19.53668508125703 147
0.84 0.16 0.0 0.8333333333333334 0.16666666666666666 0.0 0.7416666666666667 1087.2075665876457 21.40247496276739 125
0.8623188405797102 0.13768115942028986 0.0 0.8571428571428571 0.14285714285714285 0.0 0.7218045112781954 1087.468381472836 20.09176179419107 138
0.8877551020408163 0.11224489795918367 0.0 0.8817204301075269 0.11827956989247312 0.0 0.946236559139785 1030.9515043128026 21.712464067315768 98
0.8602150537634409 0.13978494623655913 0.0 0.8522727272727273 0.14772727272727273 0.0 0.6931818181818182 1000.3260972585039 21.71564976015464 93
0.9366197183098591 0.06338028169014084 0.0 0.9343065693430657 0.06569343065693431 0.0 0.9708029197080292 1019.9074519203571 20.10050111930868 142
0.9193548387096774 0.08064516129032258 0.0 0.9159663865546218 0.08403361344537816 0.0 0.8823529411764706 1047.7737755065539 20.676886465296242 124
0.9349593495934959 0.06504065040650407 0.0 0.9322033898305084 0.06779661016949153 0.0 0.9915254237288136 1072.5632675933762 20.419192752110536 123
0.8905109489051095 0.10948905109489052 0.0 0.8863636363636364 0.11363636363636363 0.0 0.803030303030303 1087.4459001084908 19.965997445680213 137
0.8557692307692307 0.14423076923076922 0.0 0.8484848484848485 0.15151515151515152 0.0 0.8181818181818182 1036.2382458819627 22.653760676819516 104
0.8951048951048951 0.1048951048951049 0.0 0.8913043478260869 0.10869565217391304 0.0 0.9347826086956522 1056.2369542901467 21.415424854855708 143
0.8347107438016529 0.1652892561983471 0.0 0.8275862068965517 0.1724137931034483 0.0 0.8879310344827587 1022.1773126954041 20.525259832895248 121
0.8317757009345794 0.16822429906542055 0.0 0.8235294117647058 0.17647058823529413 0.0 1.0 1057.7266104125356 21.60147572541703 107
0.9025974025974026 0.09740259740259741 0.0 0.8993288590604027 0.10067114093959731 0.0 0.8187919463087249 1041.00535956103 18.36382383066709 154
0.8043478260869565 0.1956521739130435 0.0 0.7931034482758621 0.20689655172413793 0.0 1.0 1070.6939688749474 25.181323978506672 92
0.8120300751879699 0.18796992481203006 0.0 0.8046875 0.1953125 0.0 0.6640625 1087.4332260938152 20.06406905983932 133
0.8709677419354839 0.12903225806451613 0.0 0.8739495798319328 0.12605042016806722 0.0 0.8403361344537815 1034.9878182142395 21.409123169781587 124
0.7627118644067796 0.23728813559322035 0.0 0.7522123893805309 0.24778761061946902 0.0 0.8761061946902655 1081.0011894408774 20.496083774559764 118
0.8888888888888888 0.1111111111111111 0.0 0.8842975206611571 0.11570247933884298 0.0 0.8429752066115702 1038.8169813195716 19.81520801429992 126
0.8631578947368421 0.1368421052631579 0.0 0.8555555555555555 0.14444444444444443 0.0 0.9777777777777777 1046.9393000656737 22.33076631707838 95
0.8522727272727273 0.14772727272727273 0.0 0.8433734939759037 0.1566265060240964 0.0 0.7108433734939759 1086.3561395594159 23.38044054281727 88
0.831858407079646 0.168141592920354 0.0 0.8240740740740741 0.17592592592592593 0.0 0.9537037037037037 1078.6443399801326 22.244360864938034 113
0.9285714285714286 0.07142857142857142 0.0 0.9252336448598131 0.07476635514018691 0.0 0.8785046728971962 1028.094710554923 21.704699454596973 112
0.951048951048951 0.04895104895104895 0.0 0.9492753623188406 0.050724637681159424 0.0 0.7898550724637681 1043.589513585115 19.642759168492695 143
0.73 0.27 0.0 0.7157894736842105 0.28421052631578947 0.0 0.9894736842105263 1053.8228411229306 21.83189828789328 100
0.816 0.184 0.0 0.8083333333333333 0.19166666666666668 0.0 0.6666666666666666 1033.6387997852505 20.865552741557444 125
0.911504424778761 0.08849557522123894 0.0 0.9074074074074074 0.09259259259259259 0.0 0.8425925925925926 1033.7262721334926 20.478969784950127 113
0.924812030075188 0.07518796992481203 0.0 0.921875 0.078125 0.0 0.8359375 1076.2024913230637 20.600432505547438 133
0.8157894736842105 0.14035087719298245 0.043859649122807015 0.8073394495412844 0.14678899082568808 0.045871559633027525 0.9174311926605505 1086.451813339306 21.097355816909385 114
0.8403361344537815 0.15966386554621848 0.0 0.8333333333333334 0.16666666666666666 0.0 0.8508771929824561 1081.3670502710863 22.128259725095667 119
0.935251798561151 0.06474820143884892 0.0 0.9328358208955224 0.06716417910447761 0.0 0.8208955223880597 1067.3410071404353 20.70636178477894 139
0.7982456140350878 0.20175438596491227 0.0 0.7889908256880734 0.21100917431192662 0.0 0.8165137614678899 1071.1310605468095 22.274190472739054 114
0.8631578947368421 0.1368421052631579 0.0 0.8666666666666667 0.13333333333333333 0.0 0.8888888888888888 1029.9684116930978 21.475637571285024 95
0.9212598425196851 0.07874015748031496 0.0 0.9180327868852459 0.08196721311475409 0.0 0.7540983606557377 1037.850059628718 18.972151974107472 127
0.9139072847682119 0.08609271523178808 0.0 0.910958904109589 0.08904109589041095 0.0 0.8082191780821918 1077.9870689047882 19.501924950973393 151
0.9067796610169492 0.09322033898305085 0.0 0.9026548672566371 0.09734513274336283 0.0 0.8053097345132744 1036.2888490559296 20.42664908672401 118
0.831858407079646 0.168141592920354 0.0 0.8333333333333334 0.16666666666666666 0.0 0.7592592592592593 1072.8495365210033 21.34960486759319 113
0.9037037037037037 0.0962962962962963 0.0 0.9 0.1 0.0 0.8384615384615385 1046.990541773994 20.134724405782286 135
0.9435483870967742 0.056451612903225805 0.0 0.9411764705882353 0.058823529411764705 0.0 0.7983193277310925 1057.6657279879935 20.82031952428281 124
0.7972972972972973 0.20270270270270271 0.0 0.782608695652174 0.21739130434782608 0.0 0.7101449275362319 1056.823914927721 23.74882939652704 74
0.752 0.16 0.088 0.75 0.15833333333333333 0.09166666666666666 0.9583333333333334 1052.025131401942 20.76371493532141 125
0.8829787234042553 0.11702127659574468 0.0 0.8764044943820225 0.12359550561797752 0.0 0.9887640449438202 998.8072284462584 22.091693430618182 94
0.8923076923076924 0.1076923076923077 0.0 0.888 0.112 0.0 1.0 1076.9712706527057 22.56322496647911 130
0.8878504672897196 0.11214953271028037 0.0 0.8823529411764706 0.11764705882352941 0.0 0.7843137254901961 992.583620158952 21.88327270287845 107
0.8702290076335878 0.1297709923664122 0.0 0.8650793650793651 0.1349206349206349 0.0 0.6349206349206349 1087.3433845000795 20.48712157419179 131
0.9105691056910569 0.08943089430894309 0.0 0.9067796610169492 0.09322033898305085 0.0 0.8220338983050848 1043.1629505455342 20.360383692819532 123
0.8247422680412371 0.17525773195876287 0.0 0.8152173913043478 0.18478260869565216 0.0 0.9782608695652174 1051.753420379874 26.207606495728452 97
0.8055555555555556 0.19444444444444445 0.0 0.8129496402877698 0.18705035971223022 0.0 0.8273381294964028 1084.8770164469074 20.3934500290744 144
0.84 0.144 0.016 0.8333333333333334 0.15 0.016666666666666666 0.7916666666666666 1053.5614244367305 21.94932551445602 125
0.90625 0.09375 0.0 0.9024390243902439 0.0975609756097561 0.0 0.8373983739837398 1062.1552087291368 20.393804259226492 128
0.856 0.144 0.0 0.85 0.15 0.0 0.95 1057.1262129048278 21.81362889425136 125
0.9375 0.0625 0.0 0.9349593495934959 0.06504065040650407 0.0 0.991869918699187 1021.7771045143201 20.666795965582878 128
0.8850574712643678 0.11494252873563218 0.0 0.8780487804878049 0.12195121951219512 0.0 0.9878048780487805 1073.34046587227 24.479703809208022 87
0.8469387755102041 0.15306122448979592 0.0 0.8387096774193549 0.16129032258064516 0.0 0.7526881720430108 1086.3865209251874 21.838013843393277 98
0.9032258064516129 0.0967741935483871 0.0 0.9 0.1 0.0 0.86 1085.9133958341322 19.54907540807644 155
0.9069767441860465 0.09302325581395349 0.0 0.9012345679012346 0.09876543209876543 0.0 0.8148148148148148 1076.6884636345624 23.70663771532505 86
0.856 0.144 0.0 0.85 0.15 0.0 0.7333333333333333 1054.6530147726648 20.67216612072344 125
0.8682170542635659 0.13178294573643412 0.0 0.8629032258064516 0.13709677419354838 0.0 0.7661290322580645 1044.5770902699055 20.572207311288825 129
0.8888888888888888 0.1111111111111111 0.0 0.8842975206611571 0.11570247933884298 0.0 0.7355371900826446 1086.7688761657687 20.06614778636527 126
0.8703703703703703 0.12962962962962962 0.0 0.8640776699029126 0.13592233009708737 0.0 0.8252427184466019 1075.854766784611 21.44569949906892 108
0.7933884297520661 0.19834710743801653 0.008264462809917356 0.7844827586206896 0.20689655172413793 0.008620689655172414 0.8103448275862069 1038.803368031756 22.05091923410156 121
0.9104477611940298 0.08955223880597014 0.0 0.9069767441860465 0.09302325581395349 0.0 0.9302325581395349 974.5842882539565 21.01344442336001 134
0.8910891089108911 0.10891089108910891 0.0 0.8854166666666666 0.11458333333333333 0.0 0.9583333333333334 1047.5669829105527 22.186476875969795 101
0.8943661971830986 0.1056338028169014 0.0 0.8905109489051095 0.10948905109489052 0.0 1.0 1067.226376495113 20.44547047781037 142
0.8682170542635659 0.13178294573643412 0.0 0.8629032258064516 0.13709677419354838 0.0 0.7016129032258065 1076.4707641458656 20.851420557780976 129
0.717948717948718 0.26495726495726496 0.017094017094017096 0.7053571428571429 0.2767857142857143 0.017857142857142856 0.875 1034.883193527255 22.683909980218946 117
0.8916666666666667 0.10833333333333334 0.0 0.8869565217391304 0.11304347826086956 0.0 0.8608695652173913 1064.2152874702667 22.37532329789381 120
0.773109243697479 0.19327731092436976 0.03361344537815126 0.7631578947368421 0.20175438596491227 0.03508771929824561 0.7807017543859649 1078.814724354683 20.342287402306887 119
0.8951048951048951 0.1048951048951049 0.0 0.8913043478260869 0.10869565217391304 0.0 0.9492753623188406 1077.6052611382133 20.492455828204243 143
0.7264957264957265 0.23931623931623933 0.03418803418803419 0.7142857142857143 0.25 0.03571428571428571 1.0 1045.1994307976815 22.248147415906548 117
0.8645833333333334 0.13541666666666666 0.0 0.8571428571428571 0.14285714285714285 0.0 0.9560439560439561 1050.7052472942291 19.776526778169092 96
0.9802631578947368 0.019736842105263157 0.0 0.9795918367346939 0.02040816326530612 0.0 0.7551020408163265 1036.5438371740095 20.80123572813328 152
0.8721804511278195 0.12781954887218044 0.0 0.8671875 0.1328125 0.0 0.78125 1055.768432632827 20.518682311156862 133
0.8444444444444444 0.15555555555555556 0.0 0.8352941176470589 0.16470588235294117 0.0 0.8352941176470589 1053.8600263069695 23.986900872316312 90
0.8303571428571429 0.16964285714285715 0.0 0.822429906542056 0.17757009345794392 0.0 0.8130841121495327 1060.192071639985 21.699351019041895 112
0.8666666666666667 0.125 0.008333333333333333 0.8608695652173913 0.13043478260869565 0.008695652173913044 0.8521739130434782 1073.0382390688778 21.77476655932875 120
0.8807339449541285 0.11926605504587157 0.0 0.875 0.125 0.0 0.9423076923076923 1072.2879415027385 21.995194875568025 109
0.8275862068965517 0.10344827586206896 0.06896551724137931 0.8170731707317073 0.10975609756097561 0.07317073170731707 0.7926829268292683 1071.3789742597876 22.17095558139721 87
0.9248554913294798 0.07514450867052024 0.0 0.9226190476190477 0.07738095238095238 0.0 0.7559523809523809 1087.469589752473 18.121589152967726 173
0.8676470588235294 0.1323529411764706 0.0 0.8625954198473282 0.13740458015267176 0.0 0.7633587786259542 1074.1931383842593 21.159712420821577 136
0.8571428571428571 0.14285714285714285 0.0 0.8508771929824561 0.14912280701754385 0.0 0.8421052631578947 1057.837679673439 21.146588479231017 119
0.8518518518518519 0.14814814814814814 0.0 0.8543689320388349 0.14563106796116504 0.0 0.6893203883495146 1082.7408373160874 20.250285623196763 108
0.87 0.13 0.0 0.8631578947368421 0.1368421052631579 0.0 0.5684210526315789 1031.8078701887443 23.306407767382613 100
0.7222222222222222 0.26851851851851855 0.009259259259259259 0.7087378640776699 0.2815533980582524 0.009708737864077669 0.6796116504854369 1044.3512649512095 22.648603913372035 108
0.8592592592592593 0.14074074074074075 0.0 0.8538461538461538 0.14615384615384616 0.0 0.7769230769230769 1067.8365169910005 21.51717780847701 135
0.8444444444444444 0.15555555555555556 0.0 0.8352941176470589 0.16470588235294117 0.0 0.8352941176470589 984.7165265523967 23.383936193102418 90
0.7961165048543689 0.20388349514563106 0.0 0.7857142857142857 0.21428571428571427 0.0 0.8979591836734694 1015.7836324239622 20.248969597741 103
0.8396946564885496 0.16030534351145037 0.0 0.8333333333333334 0.16666666666666666 0.0 0.8253968253968254 1082.529817317781 20.97693095020244 131
0.8770491803278688 0.12295081967213115 0.0 0.8717948717948718 0.1282051282051282 0.0 0.8376068376068376 992.5500713489513 20.20356409630157 122
0.7363636363636363 0.2636363636363636 0.0 0.7238095238095238 0.2761904761904762 0.0 0.6857142857142857 1067.86066505409 21.670179577003584 110
0.9 0.1 0.0 0.8952380952380953 0.10476190476190476 0.0 0.819047619047619 1060.0053925882708 19.759027172136637 110
0.948905109489051 0.051094890510948905 0.0 0.946969696969697 0.05303030303030303 0.0 0.9090909090909091 974.0383655774611 18.714458320432136 137
0.8067226890756303 0.18487394957983194 0.008403361344537815 0.7982456140350878 0.19298245614035087 0.008771929824561403 1.0 1064.5169834693424 21.623306329474794 119
0.8611111111111112 0.1388888888888889 0.0 0.8561151079136691 0.14388489208633093 0.0 0.8273381294964028 1010.7677299898104 19.37476791555056 144
0.9121621621621622 0.08783783783783784 0.0 0.9090909090909091 0.09090909090909091 0.0 0.7552447552447552 1062.6154843768218 19.537217898385393 148
0.8962962962962963 0.1037037037037037 0.0 0.8923076923076924 0.1076923076923077 0.0 0.8615384615384616 1048.1199605497852 20.935080917762217 135
0.8852459016393442 0.11475409836065574 0.0 0.8888888888888888 0.1111111111111111 0.0 0.6495726495726496 1072.844516318144 21.15950658026887 122
0.8925619834710744 0.10743801652892562 0.0 0.8879310344827587 0.11206896551724138 0.0 0.6293103448275862 1059.7478351939114 20.696437939999395 121
0.9047619047619048 0.09523809523809523 0.0 0.9008264462809917 0.09917355371900827 0.0 0.7520661157024794 1071.1032553149278 20.352199580881816 126
0.9272727272727272 0.07272727272727272 0.0 0.9238095238095239 0.0761904761904762 0.0 0.8285714285714286 1065.2363574582034 21.320103626209146 110
0.8734177215189873 0.12658227848101267 0.0 0.869281045751634 0.13071895424836602 0.0 0.7647058823529411 1037.0987948034242 19.61807361691087 158
0.8632478632478633 0.13675213675213677 0.0 0.8571428571428571 0.14285714285714285 0.0 0.9821428571428571 1032.8993518380082 21.794427527078458 117
0.9272727272727272 0.07272727272727272 0.0 0.925 0.075 0.0 0.81875 1055.338663980165 19.149369048615608 165
0.8518518518518519 0.14814814814814814 0.0 0.8538461538461538 0.14615384615384616 0.0 0.823076923076923 1085.137144118086 20.114434103420887 135
0.8920863309352518 0.1079136690647482 0.0 0.8880597014925373 0.11194029850746269 0.0 0.8134328358208955 1045.5286534807574 21.031457501960684 139
0.7851851851851852 0.21481481481481482 0.0 0.7769230769230769 0.2230769230769231 0.0 0.8076923076923077 1081.8241408072074 21.24879640828968 135
0.8914728682170543 0.10852713178294573 0.0 0.8951612903225806 0.10483870967741936 0.0 0.8790322580645161 1078.2049211383312 20.91767460627479 129
0.8904109589041096 0.1095890410958904 0.0 0.8865248226950354 0.11347517730496454 0.0 0.9787234042553191 934.5057240591685 18.912003273829388 146
0.8508771929824561 0.14912280701754385 0.0 0.8440366972477065 0.1559633027522936 0.0 0.8073394495412844 1044.7612621259652 20.10441698266787 114
0.8827160493827161 0.11728395061728394 0.0 0.8789808917197452 0.12101910828025478 0.0 0.8471337579617835 1065.5896515729567 18.54273709156178 162
0.8415841584158416 0.15841584158415842 0.0 0.8333333333333334 0.16666666666666666 0.0 0.84375 1063.2972561024278 23.779089465594836 101
0.9322033898305084 0.06779661016949153 0.0 0.9380530973451328 0.061946902654867256 0.0 0.7610619469026548 1087.0043209385265 19.629803553641626 118
0.851063829787234 0.14893617021276595 0.0 0.8426966292134831 0.15730337078651685 0.0 0.9101123595505618 968.440785390283 22.763034768587914 94
0.8646616541353384 0.13533834586466165 0.0 0.859375 0.140625 0.0 0.765625 1053.9105619240654 21.676816142399836 133
0.8725490196078431 0.12745098039215685 0.0 0.865979381443299 0.13402061855670103 0.0 0.6597938144329897 1053.8715821350827 20.49736964633736 102
0.9154929577464789 0.08450704225352113 0.0 0.9197080291970803 0.08029197080291971 0.0 0.8321167883211679 952.3118586065036 19.365934817429167 142
0.9166666666666666 0.08333333333333333 0.0 0.9113924050632911 0.08860759493670886 0.0 0.9493670886075949 978.6523439222486 22.04640654439261 84
0.8571428571428571 0.14285714285714285 0.0 0.85 0.15 0.0 1.0 1067.2741708769088 24.785517369369483 105
0.9019607843137255 0.09803921568627451 0.0 0.8986486486486487 0.10135135135135136 0.0 0.8243243243243243 1085.1512941727897 20.615853963813034 153
0.8715596330275229 0.11926605504587157 0.009174311926605505 0.8653846153846154 0.125 0.009615384615384616 0.9038461538461539 1033.4141908586107 21.438311826540446 109
0.8931297709923665 0.10687022900763359 0.0 0.8888888888888888 0.1111111111111111 0.0 0.7619047619047619 1073.6447163624246 20.86186536049616 131
0.824 0.176 0.0 0.825 0.175 0.0 0.8333333333333334 980.7354658358402 20.61387172929111 125
0.8181818181818182 0.18181818181818182 0.0 0.8110236220472441 0.1889763779527559 0.0 0.6929133858267716 1087.464961563819 20.59161955763208 132
0.8888888888888888 0.1111111111111111 0.0 0.8842975206611571 0.11570247933884298 0.0 0.9504132231404959 1052.90795735484 20.971995203081338 126
0.8455284552845529 0.15447154471544716 0.0 0.8389830508474576 0.16101694915254236 0.0 0.8050847457627118 1086.702868367579 21.26270590553333 123
0.8731343283582089 0.12686567164179105 0.0 0.8682170542635659 0.13178294573643412 0.0 0.8062015503875969 1063.9794759718422 20.70135633686774 134
0.9022556390977443 0.09774436090225563 0.0 0.8984375 0.1015625 0.0 0.9609375 1049.3103041455643 20.041083926202663 133
0.9425287356321839 0.05172413793103448 0.005747126436781609 0.9408284023668639 0.05325443786982249 0.005917159763313609 0.8757396449704142 1034.2102920561074 18.768175911637446 174
0.8807339449541285 0.11926605504587157 0.0 0.875 0.125 0.0 0.7596153846153846 1043.1801313002356 21.361510072284165 109
0.8470588235294118 0.15294117647058825 0.0 0.8375 0.1625 0.0 0.9625 1051.8960032407042 22.06925826561826 85
0.8731343283582089 0.12686567164179105 0.0 0.8682170542635659 0.13178294573643412 0.0 0.4728682170542636 1028.9342791906383 19.482988318002135 134
0.8305084745762712 0.1694915254237288 0.0 0.831858407079646 0.168141592920354 0.0 0.7787610619469026 1087.366467021233 21.34610346262933 118
0.8111888111888111 0.17482517482517482 0.013986013986013986 0.8115942028985508 0.17391304347826086 0.014492753623188406 0.7971014492753623 1072.7694696351407 19.35822878438879 143
0.8790322580645161 0.12096774193548387 0.0 0.8739495798319328 0.12605042016806722 0.0 0.9159663865546218 1008.1389098091694 21.83040446267581 124
0.8828828828828829 0.11711711711711711 0.0 0.8773584905660378 0.12264150943396226 0.0 0.8867924528301887 1048.8531364221358 22.367259037092733 111
0.7735849056603774 0.22641509433962265 0.0 0.7623762376237624 0.2376237623762376 0.0 0.7821782178217822 1044.4741906258619 21.194030513279664 106
0.889763779527559 0.11023622047244094 0.0 0.8852459016393442 0.11475409836065574 0.0 0.819672131147541 1087.0140462051768 19.63900585288013 127
0.8540145985401459 0.13138686131386862 0.014598540145985401 0.8560606060606061 0.12878787878787878 0.015151515151515152 0.7727272727272727 1085.7508610438397 20.439359581506885 137
0.875968992248062 0.12403100775193798 0.0 0.8790322580645161 0.12096774193548387 0.0 0.8145161290322581 1083.8750222980668 20.89157992941548 129
0.9191176470588235 0.08088235294117647 0.0 0.916030534351145 0.08396946564885496 0.0 0.7633587786259542 1087.3648445378403 19.391739308743766 136
0.8 0.2 0.0 0.7913043478260869 0.20869565217391303 0.0 0.6695652173913044 1067.6679358224708 21.409881374342365 120
0.8814814814814815 0.11851851851851852 0.0 0.8769230769230769 0.12307692307692308 0.0 0.9 1020.9400456214252 20.774909819700895 135
0.8618421052631579 0.13815789473684212 0.0 0.8571428571428571 0.14285714285714285 0.0 0.8775510204081632 1058.0262779086927 19.603430018501836 152
0.8796296296296297 0.12037037037037036 0.0 0.8737864077669902 0.1262135922330097 0.0 0.8252427184466019 1017.9841000104382 21.034132916326573 108
0.897196261682243 0.102803738317757 0.0 0.8921568627450981 0.10784313725490197 0.0 0.8725490196078431 1060.7339131014348 23.169457761528708 107
0.900709219858156 0.09929078014184398 0.0 0.8970588235294118 0.10294117647058823 0.0 0.7058823529411765 1077.6453733118942 18.92233408884651 141
0.8272727272727273 0.17272727272727273 0.0 0.819047619047619 0.18095238095238095 0.0 0.8 1086.8588005040576 20.31129269193152 110
0.8796992481203008 0.12030075187969924 0.0 0.875 0.125 0.0 0.875 1080.642802811855 20.423549636290915 133
0.7692307692307693 0.23076923076923078 0.0 0.7678571428571429 0.23214285714285715 0.0 0.7946428571428571 1062.2301692194244 20.757007590548724 117
0.9366197183098591 0.06338028169014084 0.0 0.9343065693430657 0.06569343065693431 0.0 0.8613138686131386 1067.1793088607737 19.79771735813954 142
0.8739495798319328 0.12605042016806722 0.0 0.868421052631579 0.13157894736842105 0.0 0.7982456140350878 1087.2890437119142 19.48907635388522 119
0.8867924528301887 0.11320754716981132 0.0 0.8811881188118812 0.1188118811881188 0.0 0.8514851485148515 1069.9990217384686 22.511555263237387 106
0.8507462686567164 0.14925373134328357 0.0 0.8449612403100775 0.15503875968992248 0.0 0.8682170542635659 1078.3431764501686 20.274062636047525 134
0.8571428571428571 0.14285714285714285 0.0 0.85 0.15 0.0 0.88 1056.778929383338 22.752551356215424 105
0.890625 0.109375 0.0 0.8861788617886179 0.11382113821138211 0.0 0.959349593495935 1079.6327402294014 21.062270376917592 128
0.8405797101449275 0.15942028985507245 0.0 0.8345864661654135 0.16541353383458646 0.0 0.8270676691729323 1054.6025266703896 20.203248495301015 138
0.9181818181818182 0.08181818181818182 0.0 0.9142857142857143 0.08571428571428572 0.0 0.9047619047619048 1069.4893425166492 22.365252581921705 110
0.9254658385093167 0.07453416149068323 0.0 0.9230769230769231 0.07692307692307693 0.0 0.8461538461538461 1050.9812870567873 19.31468681829534 161
0.8916666666666667 0.10833333333333334 0.0 0.8869565217391304 0.11304347826086956 0.0 0.8695652173913043 1086.460344082489 21.758076733076425 120
0.8680555555555556 0.13194444444444445 0.0 0.8633093525179856 0.1366906474820144 0.0 0.7338129496402878 1087.3700485035095 20.45204241140598 144
0.8888888888888888 0.1111111111111111 0.0 0.8848920863309353 0.11510791366906475 0.0 1.0 1083.9547731176654 20.68588227146863 144
0.9383561643835616 0.06164383561643835 0.0 0.9361702127659575 0.06382978723404255 0.0 0.8865248226950354 1074.1878470090887 19.793511524068624 146
0.8695652173913043 0.13043478260869565 0.0 0.8727272727272727 0.12727272727272726 0.0 0.8090909090909091 1060.922687419191 20.513049964519613 115
0.9214285714285714 0.07857142857142857 0.0 0.9185185185185185 0.08148148148148149 0.0 0.8 1068.7815215695036 20.758403064777838 140
0.8733333333333333 0.12666666666666668 0.0 0.8689655172413793 0.1310344827586207 0.0 0.7655172413793103 1086.688609367074 19.28717106253321 150
0.8954248366013072 0.10457516339869281 0.0 0.8918918918918919 0.10810810810810811 0.0 0.8378378378378378 1083.3216217114802 20.004303506927485 153
0.8918918918918919 0.10810810810810811 0.0 0.8867924528301887 0.11320754716981132 0.0 0.8018867924528302 1060.730279193699 20.509801342197793 111
0.8974358974358975 0.10256410256410256 0.0 0.8928571428571429 0.10714285714285714 0.0 0.8125 1056.141256568165 21.489731411768197 117
0.9155844155844156 0.08441558441558442 0.0 0.912751677852349 0.087248322147651 0.0 0.9664429530201343 1028.6072678028652 19.682274957479905 154
0.8452380952380952 0.15476190476190477 0.0 0.8354430379746836 0.16455696202531644 0.0 1.0 808.2039504329202 22.488229018464295 84
0.8648648648648649 0.12837837837837837 0.006756756756756757 0.8601398601398601 0.13286713286713286 0.006993006993006993 0.8531468531468531 1049.429076105174 19.72113843308788 148
0.8130841121495327 0.18691588785046728 0.0 0.803921568627451 0.19607843137254902 0.0 0.8823529411764706 1079.6222207871508 20.65200723355083 107
0.8333333333333334 0.16666666666666666 0.0 0.8275862068965517 0.1724137931034483 0.0 0.8344827586206897 1062.1499169517158 20.20508566389003 150
0.7956989247311828 0.20430107526881722 0.0 0.7840909090909091 0.2159090909090909 0.0 1.0 957.0054815803834 22.818330547471955 93
0.803921568627451 0.19607843137254902 0.0 0.8041237113402062 0.1958762886597938 0.0 0.5979381443298969 1040.334039861109 19.98496310364835 102
0.952054794520548 0.04794520547945205 0.0 0.950354609929078 0.04964539007092199 0.0 0.851063829787234 1011.5772751274854 18.8039380118109 146
0.90625 0.09375 0.0 0.9024390243902439 0.0975609756097561 0.0 0.8943089430894309 1065.2172391377362 21.07447134768457 128
0.9104477611940298 0.08955223880597014 0.0 0.9069767441860465 0.09302325581395349 0.0 0.6356589147286822 1072.6881843405538 20.809378173575627 134
0.9180327868852459 0.08196721311475409 0.0 0.9145299145299145 0.08547008547008547 0.0 0.8632478632478633 1056.605671369896 20.10539162763376 122
0.9148936170212766 0.0851063829787234 0.0 0.9117647058823529 0.08823529411764706 0.0 0.7132352941176471 1087.3869733670901 19.72401247289522 141
0.8548387096774194 0.14516129032258066 0.0 0.8487394957983193 0.15126050420168066 0.0 0.8487394957983193 1039.0772956713747 19.99956519597579 124
0.9307692307692308 0.06923076923076923 0.0 0.928 0.072 0.0 0.736 1021.3507376521518 19.77586426918107 130
0.9279279279279279 0.07207207207207207 0.0 0.9245283018867925 0.07547169811320754 0.0 0.7641509433962265 998.5534223676382 20.362765610940823 111
0.9473684210526315 0.05263157894736842 0.0 0.9455782312925171 0.05442176870748299 0.0 0.8707482993197279 1069.7695813828884 19.832200724896865 152
0.8811188811188811 0.11888111888111888 0.0 0.8768115942028986 0.12318840579710146 0.0 0.572463768115942 1080.2673129319496 20.758975594877608 143
0.725925925925926 0.23703703703703705 0.037037037037037035 0.7153846153846154 0.24615384615384617 0.038461538461538464 1.0 1056.782077197716 19.617750135319543 135
0.8461538461538461 0.15384615384615385 0.0 0.8484848484848485 0.15151515151515152 0.0 0.8181818181818182 1039.7186447482468 20.204024115240664 104
0.8959537572254336 0.10404624277456648 0.0 0.8988095238095238 0.10119047619047619 0.0 0.005952380952380952 1050.0048984594694 17.751135192689087 173
0.9307692307692308 0.06923076923076923 0.0 0.928 0.072 0.0 0.84 999.6102849032784 18.78105220738798 130
0.922077922077922 0.07792207792207792 0.0 0.9194630872483222 0.08053691275167785 0.0 0.4899328859060403 1034.6966625290056 19.62697593685692 154
0.9008264462809917 0.09917355371900827 0.0 0.896551724137931 0.10344827586206896 0.0 0.5603448275862069 1070.8783299841434 21.6769387918542 121
0.9354838709677419 0.06451612903225806 0.0 0.9327731092436975 0.06722689075630252 0.0 0.8067226890756303 1016.9330421120143 19.204727639561337 124
0.9024390243902439 0.0975609756097561 0.0 0.8983050847457628 0.1016949152542373 0.0 0.864406779661017 1085.7717813271452 20.73182685387194 123
0.8925619834710744 0.10743801652892562 0.0 0.8879310344827587 0.11206896551724138 0.0 0.853448275862069 1070.849559030355 21.4066203125949 121
0.8514851485148515 0.1485148514851485 0.0 0.84375 0.15625 0.0 1.0 1032.151376530911 24.569627075819813 101
0.8926174496644296 0.10738255033557047 0.0 0.8888888888888888 0.1111111111111111 0.0 0.8472222222222222 1077.2363157966568 19.394348157272436 149
0.8979591836734694 0.10204081632653061 0.0 0.8943661971830986 0.1056338028169014 0.0 0.852112676056338 1070.235940189151 20.266163907770373 147
0.8253968253968254 0.1746031746031746 0.0 0.8264462809917356 0.17355371900826447 0.0 0.7355371900826446 1086.3454878921543 20.667990956520562 126
0.8828828828828829 0.11711711711711711 0.0 0.8773584905660378 0.12264150943396226 0.0 0.9528301886792453 1081.8286626891831 21.940300172677244 111
0.875 0.125 0.0 0.8691588785046729 0.1308411214953271 0.0 1.0 1018.8854623535423 21.54819628364138 112
0.9104477611940298 0.08955223880597014 0.0 0.9069767441860465 0.09302325581395349 0.0 0.8527131782945736 1018.9977888104198 20.385948741215085 134
0.8601398601398601 0.13986013986013987 0.0 0.855072463768116 0.14492753623188406 0.0 0.8260869565217391 1055.7303910454025 20.673724853524128 143
0.9 0.1 0.0 0.8956521739130435 0.10434782608695652 0.0 0.8956521739130435 1068.0221733091605 21.87111854125074 120
0.848 0.152 0.0 0.8416666666666667 0.15833333333333333 0.0 0.8583333333333333 1057.892072830005 20.59619780807585 125
0.9481481481481482 0.05185185185185185 0.0 0.9461538461538461 0.05384615384615385 0.0 0.7461538461538462 1074.2333963190808 20.925001341603686 135
0.8309859154929577 0.16901408450704225 0.0 0.8321167883211679 0.1678832116788321 0.0 0.708029197080292 1087.2934663826557 20.00991696126907 142
0.896969696969697 0.10303030303030303 0.0 0.89375 0.10625 0.0 0.825 1058.078167316965 18.869777801370937 165
0.9550561797752809 0.0449438202247191 0.0 0.953757225433526 0.046242774566473986 0.0 0.9132947976878613 1082.027377313915 18.40854565086904 178
0.9172932330827067 0.07518796992481203 0.007518796992481203 0.9140625 0.078125 0.0078125 0.7578125 1055.7753731149044 20.078335484932147 133
0.84 0.16 0.0 0.8416666666666667 0.15833333333333333 0.0 0.9333333333333333 1056.9718530929997 21.275514397361736 125
0.9948453608247423 0.005154639175257732 0.0 1.0 0.0 0.0 0.8042328042328042 1019.2685999672493 17.37632357789047 194
0.875 0.125 0.0 0.8686868686868687 0.13131313131313133 0.0 0.8383838383838383 1027.4110583947831 20.737537851336658 104
0.855072463768116 0.14492753623188406 0.0 0.849624060150376 0.15037593984962405 0.0 0.7368421052631579 1071.8031086438596 19.21362812293795 138
0.9503105590062112 0.049689440993788817 0.0 0.9487179487179487 0.05128205128205128 0.0 0.00641025641025641 1072.437367933359 19.23103493070788 161
0.8783783783783784 0.12162162162162163 0.0 0.8811188811188811 0.11888111888111888 0.0 0.8321678321678322 1060.1286753702127 20.148950104721848 148
0.9098360655737705 0.09016393442622951 0.0 0.905982905982906 0.09401709401709402 0.0 0.7350427350427351 1087.3427501625952 21.869297871959187 122
0.8926174496644296 0.10738255033557047 0.0 0.8888888888888888 0.1111111111111111 0.0 0.8263888888888888 1076.1906700028428 20.669161960297163 149
0.8157894736842105 0.18421052631578946 0.0 0.8028169014084507 0.19718309859154928 0.0 1.0 1057.7256415731183 25.796692583178377 76
0.8904109589041096 0.1095890410958904 0.0 0.8865248226950354 0.11347517730496454 0.0 0.7943262411347518 1045.941971760061 18.994128889010522 146
0.7319587628865979 0.26804123711340205 0.0 0.717391304347826 0.2826086956521739 0.0 0.8260869565217391 1079.891556670418 22.597621711352858 97
0.8991596638655462 0.10084033613445378 0.0 0.8947368421052632 0.10526315789473684 0.0 0.868421052631579 1066.9719014767245 20.878849032203565 119
0.7916666666666666 0.2013888888888889 0.006944444444444444 0.7913669064748201 0.2014388489208633 0.007194244604316547 0.8057553956834532 1068.4358633224372 19.745898128022816 144
0.9357142857142857 0.06428571428571428 0.0 0.9333333333333333 0.06666666666666667 0.0 0.8888888888888888 1054.4964344414705 20.552918030202875 140
0.8936170212765957 0.10638297872340426 0.0 0.8897058823529411 0.11029411764705882 0.0 0.7794117647058824 949.6632693762551 19.331240651973623 141
0.9375 0.0625 0.0 0.9345794392523364 0.06542056074766354 0.0 1.0 984.9399656749772 20.575362094940964 112
0.8205128205128205 0.1794871794871795 0.0 0.8082191780821918 0.1917808219178082 0.0 1.0 1062.5382725784063 23.96999925268893 78
0.8842975206611571 0.11570247933884298 0.0 0.8793103448275862 0.1206896551724138 0.0 0.9655172413793104 1086.293571648158 21.549999993841848 121
0.8738738738738738 0.12612612612612611 0.0 0.8679245283018868 0.1320754716981132 0.0 0.7452830188679245 1066.5839642687345 21.186754756630698 111
0.8367346938775511 0.16326530612244897 0.0 0.8279569892473119 0.17204301075268819 0.0 0.6989247311827957 1086.6329011763355 20.532420012062012 98
0.8629032258064516 0.13709677419354838 0.0 0.865546218487395 0.13445378151260504 0.0 0.8991596638655462 1034.087420301796 20.694652772058177 124
