0.904 0.096 0.0 0.9 0.1 0.0 0.8333333333333334 1042.208539550638 19.865348665882355 125
0.8869565217391304 0.11304347826086956 0.0 0.8818181818181818 0.11818181818181818 0.0 0.7090909090909091 1038.2784976696332 18.892472129300874 115
0.9043478260869565 0.09565217391304348 0.0 0.9 0.1 0.0 1.0 1038.4735630310847 20.3316033368502 115
0.8695652173913043 0.13043478260869565 0.0 0.8620689655172413 0.13793103448275862 0.0 0.9770114942528736 1036.1174207462661 21.395855366473075 92
0.8962264150943396 0.10377358490566038 0.0 0.8910891089108911 0.10891089108910891 0.0 0.7623762376237624 1041.5741478832474 21.83038909988619 106
0.9856115107913669 0.014388489208633094 0.0 0.9850746268656716 0.014925373134328358 0.0 0.664179104477612 1077.3413973447416 18.139114018242086 139
0.948051948051948 0.05194805194805195 0.0 0.9463087248322147 0.053691275167785234 0.0 0.6644295302013423 1087.4444412102298 19.926329245598822 154
0.896551724137931 0.10344827586206896 0.0 0.8902439024390244 0.10975609756097561 0.0 0.9878048780487805 1021.8267028359035 22.99950107292154 87
0.9411764705882353 0.058823529411764705 0.0 0.9389312977099237 0.061068702290076333 0.0 0.7786259541984732 1080.2745364872603 19.58910233481735 136
0.9140625 0.0859375 0.0 0.9105691056910569 0.08943089430894309 0.0 0.7723577235772358 1072.341203671002 21.051367051595584 128
0.972972972972973 0.02702702702702703 0.0 0.9716981132075472 0.02830188679245283 0.0 0.9056603773584906 1078.916489729668 20.29855910663471 111
0.9024390243902439 0.0975609756097561 0.0 0.8983050847457628 0.1016949152542373 0.0 0.788135593220339 1071.69713470046 20.615222861744787 123
0.8970588235294118 0.10294117647058823 0.0 0.8931297709923665 0.10687022900763359 0.0 0.6259541984732825 1064.9263792946276 18.90507429786586 136
0.8807339449541285 0.11926605504587157 0.0 0.875 0.125 0.0 0.6730769230769231 1079.627257971295 20.657911305051318 109
0.8913043478260869 0.10869565217391304 0.0 0.8872180451127819 0.11278195488721804 0.0 0.9172932330827067 1040.2990814705463 20.161420923823634 138
0.9153846153846154 0.08461538461538462 0.0 0.912 0.088 0.0 0.768 1051.5341822577375 20.750428116095087 130
0.90625 0.09375 0.0 0.9024390243902439 0.0975609756097561 0.0 0.6829268292682927 1052.5340445946886 19.51353512558586 128
0.9111111111111111 0.08888888888888889 0.0 0.9058823529411765 0.09411764705882353 0.0 0.8117647058823529 1071.1061373138334 22.665229585940327 90
0.9423076923076923 0.057692307692307696 0.0 0.9403973509933775 0.059602649006622516 0.0 0.6357615894039735 1009.7196531569094 18.460243762088023 156
0.9444444444444444 0.05555555555555555 0.0 0.9421487603305785 0.05785123966942149 0.0 0.8512396694214877 1003.3693770524723 19.44391402450055 126
0.9541284403669725 0.045871559633027525 0.0 0.9519230769230769 0.04807692307692308 0.0 0.75 1046.4600715787685 22.297516461532624 109
0.9738562091503268 0.026143790849673203 0.0 0.972972972972973 0.02702702702702703 0.0 0.8243243243243243 1084.6274335112412 18.597223013256574 153
0.8349514563106796 0.1650485436893204 0.0 0.826530612244898 0.17346938775510204 0.0 0.8673469387755102 1034.0959473697014 22.410159932536754 103
0.8910891089108911 0.10891089108910891 0.0 0.8854166666666666 0.11458333333333333 0.0 0.5 1087.231975614785 18.708850087133413 101
0.8968253968253969 0.10317460317460317 0.0 0.8925619834710744 0.10743801652892562 0.0 0.5537190082644629 1085.3328538187773 19.832856794198378 126
0.875 0.125 0.0 0.8686868686868687 0.13131313131313133 0.0 0.9393939393939394 985.9886344819048 21.78706163646801 104
0.9538461538461539 0.046153846153846156 0.0 0.952 0.048 0.0 0.944 1069.8093081702064 19.369013024890368 130
0.9185185185185185 0.08148148148148149 0.0 0.9153846153846154 0.08461538461538462 0.0 0.6846153846153846 1078.5420355347974 19.520066787731707 135
0.9585798816568047 0.04142011834319527 0.0 0.9573170731707317 0.042682926829268296 0.0 0.75 1080.877751257116 18.37634302738807 169
0.8916666666666667 0.10833333333333334 0.0 0.8869565217391304 0.11304347826086956 0.0 0.808695652173913 1080.5688881331735 21.719139424553816 120
0.9700598802395209 0.029940119760479042 0.0 0.9691358024691358 0.030864197530864196 0.0 0.7716049382716049 1076.844678363081 19.01018725793678 167
0.8898305084745762 0.11016949152542373 0.0 0.8849557522123894 0.11504424778761062 0.0 0.911504424778761 1049.8374513994258 21.85864542052966 118
0.946969696969697 0.05303030303030303 0.0 0.9448818897637795 0.05511811023622047 0.0 0.7165354330708661 1086.0065213415546 19.37118532195219 132
0.9507042253521126 0.04929577464788732 0.0 0.948905109489051 0.051094890510948905 0.0 0.8467153284671532 1050.7937059415551 18.793972576641835 142
0.9107142857142857 0.08928571428571429 0.0 0.9065420560747663 0.09345794392523364 0.0 0.6074766355140186 1082.5163930269935 19.110525173999385 112
0.9207920792079208 0.07920792079207921 0.0 0.9166666666666666 0.08333333333333333 0.0 0.8229166666666666 989.9122759087875 19.98336514651678 101
0.9411764705882353 0.058823529411764705 0.0 0.9381443298969072 0.061855670103092786 0.0 0.7938144329896907 1067.6361035404357 19.43852810452028 102
0.84375 0.15625 0.0 0.8305084745762712 0.1694915254237288 0.0 0.8813559322033898 1078.2767820045592 23.42940383165042 64
0.9932432432432432 0.006756756756756757 0.0 0.993006993006993 0.006993006993006993 0.0 0.6573426573426573 994.0778638495881 18.189451298326002 148
0.9333333333333333 0.06666666666666667 0.0 0.9304347826086956 0.06956521739130435 0.0 0.6608695652173913 1016.1923216387348 20.46233438241318 120
0.9444444444444444 0.05555555555555555 0.0 0.9424460431654677 0.05755395683453238 0.0 0.6330935251798561 1081.6669028284093 19.955508517864274 144
0.9383561643835616 0.06164383561643835 0.0 0.9361702127659575 0.06382978723404255 0.0 0.8723404255319149 1013.6006635344879 18.942949872479502 146
0.9148936170212766 0.0851063829787234 0.0 0.9101123595505618 0.0898876404494382 0.0 0.7640449438202247 1068.9609258282233 22.16853443384481 94
0.8865979381443299 0.1134020618556701 0.0 0.8804347826086957 0.11956521739130435 0.0 0.967391304347826 1063.4845500819247 23.022946820463233 97
0.9054054054054054 0.0945945945945946 0.0 0.9020979020979021 0.0979020979020979 0.0 0.7552447552447552 1052.9291993920585 19.859248025406064 148
0.937984496124031 0.06201550387596899 0.0 0.9354838709677419 0.06451612903225806 0.0 0.9032258064516129 1057.2063277602062 20.31824550909473 129
0.9155844155844156 0.08441558441558442 0.0 0.912751677852349 0.087248322147651 0.0 0.7449664429530202 1076.3050668119358 18.494177674650448 154
0.96875 0.03125 0.0 0.967479674796748 0.032520325203252036 0.0 0.7804878048780488 1029.9942778821305 20.13659271994486 128
0.9224806201550387 0.07751937984496124 0.0 0.9193548387096774 0.08064516129032258 0.0 0.6693548387096774 1077.606360788024 19.550975401972106 129
0.9507042253521126 0.04929577464788732 0.0 0.948905109489051 0.051094890510948905 0.0 0.7883211678832117 1032.8671835561922 20.03403125814513 142
1.0 0.0 0.0 1.0 0.0 0.0 0.0 1013.532480896125 18.043963551843785 154
0.9323308270676691 0.06766917293233082 0.0 0.9296875 0.0703125 0.0 0.625 1083.3227267703733 19.1854089834749 133
0.8672566371681416 0.13274336283185842 0.0 0.8611111111111112 0.1388888888888889 0.0 0.9537037037037037 1079.6944634042295 20.841001768544363 113
0.9108910891089109 0.0891089108910891 0.0 0.90625 0.09375 0.0 0.8125 1024.002185962623 20.68755755169047 101
0.9612903225806452 0.03870967741935484 0.0 0.96 0.04 0.0 0.8333333333333334 1026.508176217202 18.381284658667038 155
0.95 0.05 0.0 0.9481481481481482 0.05185185185185185 0.0 0.9185185185185185 1066.9470009120503 19.032342624239803 140
0.8936170212765957 0.10638297872340426 0.0 0.8876404494382022 0.11235955056179775 0.0 0.5842696629213483 1064.540393983756 21.23585605262806 94
0.936 0.064 0.0 0.9333333333333333 0.06666666666666667 0.0 0.7583333333333333 1002.1112300433873 20.15408433697976 125
0.875 0.125 0.0 0.8681318681318682 0.13186813186813187 0.0 0.6703296703296703 1085.5762735903281 21.64066456824446 96
0.9296875 0.0703125 0.0 0.926829268292683 0.07317073170731707 0.0 0.6341463414634146 1067.7342822486867 20.172381583123855 128
0.9181818181818182 0.08181818181818182 0.0 0.9142857142857143 0.08571428571428572 0.0 0.8761904761904762 1014.9697056561921 21.040039598986226 110
0.8571428571428571 0.14285714285714285 0.0 0.8512396694214877 0.1487603305785124 0.0 0.8016528925619835 1031.4996424157148 19.32526864753369 126
0.9343065693430657 0.06569343065693431 0.0 0.9318181818181818 0.06818181818181818 0.0 0.7045454545454546 1029.3089831466434 19.796939435696938 137
0.8181818181818182 0.18181818181818182 0.0 0.8032786885245902 0.19672131147540983 0.0 0.9836065573770492 1054.1218143940757 25.90300525135048 66
0.872093023255814 0.12790697674418605 0.0 0.8641975308641975 0.13580246913580246 0.0 0.9876543209876543 1060.3691919595576 23.240070563789995 86
0.9067796610169492 0.09322033898305085 0.0 0.9026548672566371 0.09734513274336283 0.0 0.911504424778761 970.4191289543759 19.411789283247327 118
0.9098360655737705 0.09016393442622951 0.0 0.905982905982906 0.09401709401709402 0.0 0.6581196581196581 1084.6211937246999 21.073598563220262 122
0.9328859060402684 0.06711409395973154 0.0 0.9305555555555556 0.06944444444444445 0.0 0.7361111111111112 1086.7573077467566 19.189664449024445 149
0.9256198347107438 0.0743801652892562 0.0 0.9224137931034483 0.07758620689655173 0.0 0.8103448275862069 1041.074342242819 20.295775687314983 121
0.9224137931034483 0.07758620689655173 0.0 0.918918918918919 0.08108108108108109 0.0 0.7927927927927928 1075.7069442697261 21.295341145491243 116
0.9047619047619048 0.09523809523809523 0.0 0.9008264462809917 0.09917355371900827 0.0 0.9090909090909091 1071.6725202184841 19.66465669253603 126
0.95 0.05 0.0 0.9481481481481482 0.05185185185185185 0.0 0.9481481481481482 1031.6059454586632 19.702551888233973 140
0.9196428571428571 0.08035714285714286 0.0 0.9158878504672897 0.08411214953271028 0.0 0.8130841121495327 1075.8317051554561 21.528462597081703 112
0.8554216867469879 0.14457831325301204 0.0 0.8461538461538461 0.15384615384615385 0.0 0.9871794871794872 1078.666904768051 23.16727909992801 83
0.9193548387096774 0.08064516129032258 0.0 0.9159663865546218 0.08403361344537816 0.0 0.6134453781512605 1052.0122202969687 18.429189968715594 124
0.87 0.13 0.0 0.8631578947368421 0.1368421052631579 0.0 1.0 1062.3662247145965 24.720220530536675 100
0.9379310344827586 0.06206896551724138 0.0 0.9357142857142857 0.06428571428571428 0.0 0.7428571428571429 1017.066934676415 19.564940685277833 145
0.9574468085106383 0.0425531914893617 0.0 0.9558823529411765 0.04411764705882353 0.0 0.75 1056.3116310711432 18.919985063435867 141
1.0 0.0 0.0 1.0 0.0 0.0 0.26582278481012656 1063.7427736432817 18.134066415138843 163
0.8591549295774648 0.14084507042253522 0.0 0.8484848484848485 0.15151515151515152 0.0 0.5303030303030303 1075.6797446405405 21.33071628660492 71
0.9323308270676691 0.06766917293233082 0.0 0.9296875 0.0703125 0.0 0.84375 1087.3668135753019 19.702207586984684 133
0.9238095238095239 0.0761904761904762 0.0 0.92 0.08 0.0 0.57 1015.5263200115666 20.748917928730947 105
0.9090909090909091 0.09090909090909091 0.0 0.905511811023622 0.09448818897637795 0.0 0.8267716535433071 1086.1879695288783 19.974760456987276 132
0.9797297297297297 0.02027027027027027 0.0 0.9790209790209791 0.02097902097902098 0.0 0.8461538461538461 1034.0418457086337 19.321380002672303 148
0.9032258064516129 0.0967741935483871 0.0 0.8991596638655462 0.10084033613445378 0.0 0.7142857142857143 1069.5066499825982 19.843152474681766 124
0.9083333333333333 0.09166666666666666 0.0 0.9043478260869565 0.09565217391304348 0.0 0.9043478260869565 1073.0491875225312 20.341374073848595 120
0.89 0.11 0.0 0.8842105263157894 0.11578947368421053 0.0 0.8315789473684211 1051.8972482780948 21.143684255365056 100
0.9760479041916168 0.023952095808383235 0.0 0.9753086419753086 0.024691358024691357 0.0 0.7716049382716049 1042.878524952605 18.4286369799478 167
0.906832298136646 0.09316770186335403 0.0 0.9038461538461539 0.09615384615384616 0.0 0.6987179487179487 1083.8902329303805 18.50419879601117 161
0.9210526315789473 0.07894736842105263 0.0 0.9183673469387755 0.08163265306122448 0.0 0.8435374149659864 1026.2983117441877 17.596982531247406 152
0.9166666666666666 0.08333333333333333 0.0 0.9133858267716536 0.08661417322834646 0.0 0.6535433070866141 1032.2517125259858 19.246009977775206 132
0.8969072164948454 0.10309278350515463 0.0 0.8913043478260869 0.10869565217391304 0.0 0.717391304347826 1081.3082039198846 21.46084368247888 97
0.9319727891156463 0.06802721088435375 0.0 0.9295774647887324 0.07042253521126761 0.0 0.8380281690140845 1087.1252953216558 19.115393640629364 147
0.8782608695652174 0.12173913043478261 0.0 0.8727272727272727 0.12727272727272726 0.0 0.990909090909091 1086.250540217302 21.694147224604638 115
0.9605263157894737 0.039473684210526314 0.0 0.9591836734693877 0.04081632653061224 0.0 0.673469387755102 1062.8518262496107 18.347232303150985 152
0.8613138686131386 0.1386861313868613 0.0 0.8560606060606061 0.14393939393939395 0.0 0.696969696969697 1023.391838627749 18.96950826586152 137
0.968944099378882 0.031055900621118012 0.0 0.967948717948718 0.03205128205128205 0.0 0.7371794871794872 1041.9525881897462 18.320742743836824 161
0.9428571428571428 0.05714285714285714 0.0 0.9407407407407408 0.05925925925925926 0.0 0.6222222222222222 1022.2517135459138 18.721336599312508 140
0.9806451612903225 0.01935483870967742 0.0 0.98 0.02 0.0 0.8333333333333334 1083.7495013200157 18.785982389906458 155
0.890625 0.109375 0.0 0.8861788617886179 0.11382113821138211 0.0 0.7154471544715447 1067.0583148239427 20.833348457313946 128
0.9571428571428572 0.04285714285714286 0.0 0.9555555555555556 0.044444444444444446 0.0 0.6666666666666666 1076.6450429460244 18.836564384405346 140
0.9264705882352942 0.07352941176470588 0.0 0.9236641221374046 0.07633587786259542 0.0 0.5648854961832062 1046.1555362793167 19.060579251511097 136
0.9890710382513661 0.01092896174863388 0.0 0.9887640449438202 0.011235955056179775 0.0 0.601123595505618 1087.3586862134548 18.413688450224722 183
0.9029126213592233 0.0970873786407767 0.0 0.8979591836734694 0.10204081632653061 0.0 0.7040816326530612 999.681902345986 20.72281940315756 103
0.9753086419753086 0.024691358024691357 0.0 0.9745222929936306 0.025477707006369428 0.0 0.821656050955414 1082.1477109111602 18.930314337049765 162
0.9568345323741008 0.04316546762589928 0.0 0.9552238805970149 0.04477611940298507 0.0 0.7164179104477612 987.9518870590528 19.736716386257843 139
0.9291338582677166 0.07086614173228346 0.0 0.9262295081967213 0.07377049180327869 0.0 0.7868852459016393 1081.5567659358896 19.946724200101563 127
0.9485294117647058 0.051470588235294115 0.0 0.9465648854961832 0.05343511450381679 0.0 0.8091603053435115 1027.357374798191 18.629978967241236 136
0.9609375 0.0390625 0.0 0.959349593495935 0.04065040650406504 0.0 0.8536585365853658 1027.0946071090964 19.402363503391896 128
0.926829268292683 0.07317073170731707 0.0 0.9245283018867925 0.07547169811320754 0.0 0.7924528301886793 1059.9655934334885 17.983563043561432 164
0.9358974358974359 0.0641025641025641 0.0 0.9337748344370861 0.06622516556291391 0.0 0.6556291390728477 1073.4846831280006 20.01170643698313 156
0.9193548387096774 0.08064516129032258 0.0 0.9159663865546218 0.08403361344537816 0.0 0.9915966386554622 1054.3133532270488 20.171690258026292 124
0.9473684210526315 0.05263157894736842 0.0 0.9455782312925171 0.05442176870748299 0.0 0.673469387755102 1086.405328522884 18.875969036260972 152
1.0 0.0 0.0 1.0 0.0 0.0 0.4873417721518987 1041.4664883440043 17.77160934095541 163
0.9261744966442953 0.0738255033557047 0.0 0.9236111111111112 0.0763888888888889 0.0 0.8472222222222222 1087.0347410915901 18.77855869904307 149
0.9541284403669725 0.045871559633027525 0.0 0.9519230769230769 0.04807692307692308 0.0 0.8653846153846154 1020.1965331562031 20.92080663136769 109
0.9836065573770492 0.01639344262295082 0.0 0.9829059829059829 0.017094017094017096 0.0 0.8034188034188035 1044.8336120470562 19.643253271791874 122
0.9050632911392406 0.0949367088607595 0.0 0.9019607843137255 0.09803921568627451 0.0 0.6405228758169934 1087.116446399839 19.478637183615557 158
0.9387755102040817 0.061224489795918366 0.0 0.9366197183098591 0.06338028169014084 0.0 0.7394366197183099 1061.1746189862113 20.193177130469 147
0.9562043795620438 0.043795620437956206 0.0 0.9545454545454546 0.045454545454545456 0.0 0.7272727272727273 1054.0293329160857 17.80801233151797 137
0.9177215189873418 0.08227848101265822 0.0 0.9150326797385621 0.08496732026143791 0.0 0.6405228758169934 1056.7111994494262 17.879471857184317 158
0.8857142857142857 0.11428571428571428 0.0 0.88 0.12 0.0 0.66 1087.3478498221923 19.69527584141362 105
0.9215686274509803 0.0784313725490196 0.0 0.9175257731958762 0.08247422680412371 0.0 0.6907216494845361 1067.5044251889465 21.93453895849171 102
0.9465648854961832 0.05343511450381679 0.0 0.9444444444444444 0.05555555555555555 0.0 0.6349206349206349 1059.7214814922224 19.615334319067895 131
0.8777777777777778 0.12222222222222222 0.0 0.8705882352941177 0.12941176470588237 0.0 0.8588235294117647 1040.5136529791007 22.351566595770958 90
0.9375 0.0625 0.0 0.935251798561151 0.06474820143884892 0.0 0.6618705035971223 1053.8193309813994 18.318152220389738 144
0.9705882352941176 0.029411764705882353 0.0 0.9696969696969697 0.030303030303030304 0.0 0.8363636363636363 1076.0154327089247 18.004111366736804 170
0.9172932330827067 0.08270676691729323 0.0 0.9140625 0.0859375 0.0 0.6875 1065.0195195011665 19.744736451094603 133
0.9482758620689655 0.05172413793103448 0.0 0.9459459459459459 0.05405405405405406 0.0 0.7927927927927928 1011.5711898367554 20.06450487593886 116
0.9 0.1 0.0 0.8952380952380953 0.10476190476190476 0.0 0.7238095238095238 1043.1925668050242 20.44705794895987 110
0.9391304347826087 0.06086956521739131 0.0 0.9363636363636364 0.06363636363636363 0.0 0.9090909090909091 1018.0554004572714 20.029365914544265 115
0.9230769230769231 0.07692307692307693 0.0 0.92 0.08 0.0 0.76 1080.3044628837838 19.399850556081745 130
0.9642857142857143 0.03571428571428571 0.0 0.9629629629629629 0.037037037037037035 0.0 0.8592592592592593 1049.870349435464 19.00946698957655 140
0.8793103448275862 0.1206896551724138 0.0 0.8738738738738738 0.12612612612612611 0.0 0.8018018018018018 1000.0055587138049 20.933578802821604 116
0.9008264462809917 0.09917355371900827 0.0 0.896551724137931 0.10344827586206896 0.0 0.7155172413793104 1085.8217720808022 20.28338627315795 121
0.9105691056910569 0.08943089430894309 0.0 0.9067796610169492 0.09322033898305085 0.0 0.6016949152542372 1036.7942769272297 19.95349370804615 123
0.9294871794871795 0.07051282051282051 0.0 0.9271523178807947 0.0728476821192053 0.0 0.8609271523178808 1078.9896889369563 19.583553486820712 156
0.9701492537313433 0.029850746268656716 0.0 0.9689922480620154 0.031007751937984496 0.0 0.46511627906976744 1074.3488616524207 19.929092121687706 134
0.8737864077669902 0.1262135922330097 0.0 0.8673469387755102 0.1326530612244898 0.0 0.8469387755102041 1078.7030052954526 20.485091550961975 103
0.9173553719008265 0.08264462809917356 0.0 0.9137931034482759 0.08620689655172414 0.0 0.7758620689655172 1027.818427985728 19.872460438283017 121
0.9206349206349206 0.07936507936507936 0.0 0.9173553719008265 0.08264462809917356 0.0 0.5289256198347108 1087.471933030269 19.41460497032055 126
0.9310344827586207 0.06896551724137931 0.0 0.9279279279279279 0.07207207207207207 0.0 0.8108108108108109 1012.8750138673527 18.685703346612488 116
0.9635036496350365 0.0364963503649635 0.0 0.9621212121212122 0.03787878787878788 0.0 0.9393939393939394 1076.5626621169579 19.98071716060291 137
0.8490566037735849 0.1509433962264151 0.0 0.8415841584158416 0.15841584158415842 0.0 1.0 1057.7196243524081 22.513033714376594 106
0.936 0.064 0.0 0.9333333333333333 0.06666666666666667 0.0 0.875 1066.5651544442778 21.122804154708934 125
0.9385964912280702 0.06140350877192982 0.0 0.9357798165137615 0.06422018348623854 0.0 0.7247706422018348 1081.3914519117168 20.95874287726787 114
0.8677685950413223 0.1322314049586777 0.0 0.8620689655172413 0.13793103448275862 0.0 0.7844827586206896 1072.5745216995613 19.950489648309773 121
0.9940828402366864 0.005917159763313609 0.0 0.9939024390243902 0.006097560975609756 0.0 0.75 1047.2802239416562 18.56280191777556 169
1.0 0.0 0.0 1.0 0.0 0.0 0.0 1030.9750865214467 16.491893304290173 178
1.0 0.0 0.0 1.0 0.0 0.0 0.8194444444444444 1052.4458705740205 18.293612138379707 149
0.8952380952380953 0.10476190476190476 0.0 0.89 0.11 0.0 0.76 1085.959380629473 20.72654247821669 105
0.9104477611940298 0.08955223880597014 0.0 0.9069767441860465 0.09302325581395349 0.0 0.7984496124031008 1080.909345443234 20.240467644321033 134
0.9885057471264368 0.011494252873563218 0.0 0.9881656804733728 0.011834319526627219 0.0 0.7751479289940828 1028.3985767718118 18.55621572064381 174
0.9523809523809523 0.047619047619047616 0.0 0.9504132231404959 0.049586776859504134 0.0 0.8181818181818182 1058.830326219791 19.4824383849683 126
0.9576271186440678 0.0423728813559322 0.0 0.9557522123893806 0.04424778761061947 0.0 0.6106194690265486 1087.4480779987116 18.76295770391055 118
0.8679245283018868 0.1320754716981132 0.0 0.8541666666666666 0.14583333333333334 0.0 0.9375 1013.1506398346935 24.29976309423091 53
0.9829545454545454 0.017045454545454544 0.0 0.9824561403508771 0.017543859649122806 0.0 0.7719298245614035 1085.6361965223207 18.175025187143714 176
0.8679245283018868 0.1320754716981132 0.0 0.8613861386138614 0.13861386138613863 0.0 0.8712871287128713 1054.632944083598 21.485071913032346 106
0.9338842975206612 0.06611570247933884 0.0 0.9310344827586207 0.06896551724137931 0.0 0.7155172413793104 1085.1005453755315 20.833890713784015 121
0.975609756097561 0.024390243902439025 0.0 0.9748427672955975 0.025157232704402517 0.0 0.7672955974842768 1074.5152003228861 18.696326214804635 164
0.8631578947368421 0.1368421052631579 0.0 0.8555555555555555 0.14444444444444443 0.0 0.9888888888888889 1041.4363374156846 21.16047353662204 95
0.9156626506024096 0.08433734939759036 0.0 0.9102564102564102 0.08974358974358974 0.0 0.48717948717948717 1056.4923063997073 23.319737291056224 83
0.8910891089108911 0.10891089108910891 0.0 0.8854166666666666 0.11458333333333333 0.0 0.6979166666666666 1078.5725448715093 21.9960035698402 101
0.9391891891891891 0.060810810810810814 0.0 0.9370629370629371 0.06293706293706294 0.0 0.7062937062937062 1083.9330757511887 19.604901488371414 148
0.9548387096774194 0.04516129032258064 0.0 0.9533333333333334 0.04666666666666667 0.0 0.78 1068.1695026215828 17.84080479942882 155
0.8666666666666667 0.13333333333333333 0.0 0.86 0.14 0.0 0.81 1054.947112958109 21.82552549293504 105
0.9285714285714286 0.07142857142857142 0.0 0.9256198347107438 0.0743801652892562 0.0 0.7024793388429752 1086.3002056713742 19.973389194412622 126
0.8648648648648649 0.13513513513513514 0.0 0.8584905660377359 0.14150943396226415 0.0 0.8679245283018868 1077.3359182898234 20.75195770866933 111
0.9196428571428571 0.08035714285714286 0.0 0.9158878504672897 0.08411214953271028 0.0 0.48598130841121495 1073.3034312999496 18.59803371222862 112
0.975 0.025 0.0 0.9739130434782609 0.02608695652173913 0.0 0.8608695652173913 1073.1200606594227 21.126790973665056 120
0.8 0.2 0.0 0.7866666666666666 0.21333333333333335 0.0 0.9333333333333333 1016.6873443074636 22.131454604762865 80
0.8867924528301887 0.11320754716981132 0.0 0.8811881188118812 0.1188118811881188 0.0 0.8910891089108911 1049.615969509362 20.929597924646067 106
0.9698795180722891 0.030120481927710843 0.0 0.968944099378882 0.031055900621118012 0.0 0.7888198757763976 1037.579764353032 18.04619343912376 166
0.9178082191780822 0.0821917808219178 0.0 0.9148936170212766 0.0851063829787234 0.0 0.7446808510638298 1074.3879876779201 19.64263890224822 146
0.8981481481481481 0.10185185185185185 0.0 0.8932038834951457 0.10679611650485436 0.0 0.7766990291262136 1036.2661264530173 20.282983498082782 108
0.8803418803418803 0.11965811965811966 0.0 0.875 0.125 0.0 0.9285714285714286 1008.795101120631 19.34734504659997 117
0.98 0.02 0.0 0.9793103448275862 0.020689655172413793 0.0 0.7448275862068966 1044.0264959125304 18.639182175408006 150
1.0 0.0 0.0 1.0 0.0 0.0 0.9112426035502958 1080.479870593543 18.086123064434233 174
0.9565217391304348 0.043478260869565216 0.0 0.9548872180451128 0.045112781954887216 0.0 0.7969924812030075 1087.147917592595 19.53705376814682 138
0.950354609929078 0.04964539007092199 0.0 0.9485294117647058 0.051470588235294115 0.0 0.7720588235294118 1056.9416917839326 20.2334827994745 141
0.9586206896551724 0.041379310344827586 0.0 0.9571428571428572 0.04285714285714286 0.0 0.7571428571428571 1044.4683959613817 19.8524014935462 145
0.9453125 0.0546875 0.0 0.943089430894309 0.056910569105691054 0.0 0.6016260162601627 1079.063225523662 19.341347505863677 128
0.907563025210084 0.09243697478991597 0.0 0.9035087719298246 0.09649122807017543 0.0 0.7719298245614035 976.6362219742476 18.629701647061967 119
0.8791208791208791 0.12087912087912088 0.0 0.872093023255814 0.12790697674418605 0.0 0.7558139534883721 963.021307881904 21.89789405635058 91
0.911504424778761 0.08849557522123894 0.0 0.9074074074074074 0.09259259259259259 0.0 0.7129629629629629 1087.4704360399678 20.441524126496073 113
0.9772727272727273 0.022727272727272728 0.0 0.9763779527559056 0.023622047244094488 0.0 0.5826771653543307 1060.7716917510807 19.194403771093082 132
0.9166666666666666 0.08333333333333333 0.0 0.9136690647482014 0.08633093525179857 0.0 0.7841726618705036 1087.4617260770547 19.48930107952448 144
0.9777777777777777 0.022222222222222223 0.0 0.9769230769230769 0.023076923076923078 0.0 0.5769230769230769 1087.399002030895 19.96452892078152 135
0.8322147651006712 0.16778523489932887 0.0 0.8263888888888888 0.1736111111111111 0.0 0.8125 1073.0673436294985 18.364408126287756 149
0.937007874015748 0.06299212598425197 0.0 0.9344262295081968 0.06557377049180328 0.0 0.5901639344262295 1041.750289599434 20.014007318714746 127
0.9440559440559441 0.055944055944055944 0.0 0.9420289855072463 0.057971014492753624 0.0 0.8115942028985508 1078.3480889467355 20.487610823556437 143
0.9285714285714286 0.07142857142857142 0.0 0.9252336448598131 0.07476635514018691 0.0 0.6822429906542056 1012.160758303746 19.934149693975876 112
0.9920634920634921 0.007936507936507936 0.0 0.9917355371900827 0.008264462809917356 0.0 0.8099173553719008 1075.1869152452357 18.582570784049196 126
0.9148936170212766 0.0851063829787234 0.0 0.9101123595505618 0.0898876404494382 0.0 0.7078651685393258 1084.9339288874187 21.016410090358466 94
0.9316770186335404 0.06832298136645963 0.0 0.9294871794871795 0.07051282051282051 0.0 0.8076923076923077 1035.0816452639435 19.03924060005677 161
0.9565217391304348 0.043478260869565216 0.0 0.9551282051282052 0.04487179487179487 0.0 0.717948717948718 1049.9953240712614 18.892370180652016 161
0.9420289855072463 0.057971014492753624 0.0 0.9398496240601504 0.06015037593984962 0.0 0.8872180451127819 1018.7839309014032 19.118891799976634 138
0.9224806201550387 0.07751937984496124 0.0 0.9193548387096774 0.08064516129032258 0.0 0.7258064516129032 1057.9204261678387 20.956177389711637 129
0.8571428571428571 0.14285714285714285 0.0 0.8512396694214877 0.1487603305785124 0.0 0.7603305785123967 1028.3842731005566 19.294125144944985 126
0.9347826086956522 0.06521739130434782 0.0 0.9323308270676691 0.06766917293233082 0.0 0.7744360902255639 1016.5525141560983 19.037031299010035 138
0.9389312977099237 0.061068702290076333 0.0 0.9365079365079365 0.06349206349206349 0.0 0.6984126984126984 1061.7857512513694 18.731866041745405 131
0.9126984126984127 0.0873015873015873 0.0 0.9090909090909091 0.09090909090909091 0.0 0.6198347107438017 1076.9794541577824 20.983709906802414 126
0.9407894736842105 0.05921052631578947 0.0 0.9387755102040817 0.061224489795918366 0.0 0.7210884353741497 1082.5558164104732 18.727969363124632 152
0.9568345323741008 0.04316546762589928 0.0 0.9552238805970149 0.04477611940298507 0.0 0.3880597014925373 1052.6421619042414 19.242438283892795 139
0.8968253968253969 0.10317460317460317 0.0 0.8925619834710744 0.10743801652892562 0.0 0.8925619834710744 1075.4255532745442 21.15601104428256 126
0.8740740740740741 0.1259259259259259 0.0 0.8692307692307693 0.13076923076923078 0.0 0.7384615384615385 993.8421307021333 18.629301782995007 135
0.9112903225806451 0.08870967741935484 0.0 0.907563025210084 0.09243697478991597 0.0 0.773109243697479 1065.8771738359778 19.21030063007219 124
0.9621212121212122 0.03787878787878788 0.0 0.9606299212598425 0.03937007874015748 0.0 0.8346456692913385 1078.4635392065195 19.501392391100115 132
0.9603174603174603 0.03968253968253968 0.0 0.9586776859504132 0.04132231404958678 0.0 0.7933884297520661 1087.1159483032386 19.59035646261063 126
0.9470198675496688 0.052980132450331126 0.0 0.9452054794520548 0.0547945205479452 0.0 0.8698630136986302 1085.5336241438517 19.749206996293594 151
0.8421052631578947 0.15789473684210525 0.0 0.8333333333333334 0.16666666666666666 0.0 0.8333333333333334 1086.2086641897945 22.84768827744129 95
1.0 0.0 0.0 1.0 0.0 0.0 0.7245508982035929 1057.8478854991256 18.132446625228024 172
0.9666666666666667 0.03333333333333333 0.0 0.9655172413793104 0.034482758620689655 0.0 0.6275862068965518 1072.558639765419 18.87558660576395 150
0.8909090909090909 0.10909090909090909 0.0 0.8857142857142857 0.11428571428571428 0.0 0.7523809523809524 1077.767827393441 20.112509312003915 110
0.9444444444444444 0.05555555555555555 0.0 0.9424460431654677 0.05755395683453238 0.0 0.7122302158273381 1080.7774599600864 19.72980533473522 144
0.957983193277311 0.04201680672268908 0.0 0.956140350877193 0.043859649122807015 0.0 0.7631578947368421 1052.784764256048 20.032238636365793 119
0.9145299145299145 0.08547008547008547 0.0 0.9107142857142857 0.08928571428571429 0.0 0.7678571428571429 1079.5810166836013 20.083142192482175 117
0.9931972789115646 0.006802721088435374 0.0 0.9929577464788732 0.007042253521126761 0.0 0.5915492957746479 1046.14968035184 18.25731663311678 147
0.9567901234567902 0.043209876543209874 0.0 0.9554140127388535 0.044585987261146494 0.0 0.3503184713375796 1087.085385265126 17.605115991675206 162
0.930379746835443 0.06962025316455696 0.0 0.9281045751633987 0.0718954248366013 0.0 0.8169934640522876 1077.0262492503894 18.652813845180482 158
0.9090909090909091 0.09090909090909091 0.0 0.905511811023622 0.09448818897637795 0.0 0.5905511811023622 1036.9765638854622 20.015030171631942 132
0.9291338582677166 0.07086614173228346 0.0 0.9262295081967213 0.07377049180327869 0.0 0.9344262295081968 1079.979267491182 19.854749541093295 127
0.9241379310344827 0.07586206896551724 0.0 0.9214285714285714 0.07857142857142857 0.0 0.6357142857142857 1080.1279379206997 18.639551422951882 145
0.8461538461538461 0.15384615384615385 0.0 0.84 0.16 0.0 0.872 1040.2354680355463 19.403742725317304 130
1.0 0.0 0.0 1.0 0.0 0.0 0.26582278481012656 1072.5246383882077 17.502038363658457 163
0.923728813559322 0.07627118644067797 0.0 0.9203539823008849 0.07964601769911504 0.0 0.7168141592920354 1082.4146904734118 19.498774472272796 118
0.953125 0.046875 0.0 0.9512195121951219 0.04878048780487805 0.0 0.9512195121951219 1070.8781412871056 20.757633284352096 128
0.9154929577464789 0.08450704225352113 0.0 0.9124087591240876 0.08759124087591241 0.0 0.8832116788321168 1084.04306120671 18.64834450025684 142
0.9178082191780822 0.0821917808219178 0.0 0.9148936170212766 0.0851063829787234 0.0 0.8156028368794326 1081.2342395152361 19.04755610338017 146
0.897196261682243 0.102803738317757 0.0 0.8921568627450981 0.10784313725490197 0.0 0.7058823529411765 1077.7842869774404 19.87641306240992 107
0.9642857142857143 0.03571428571428571 0.0 0.9626168224299065 0.037383177570093455 0.0 0.9158878504672897 1061.97919404694 21.09761976454919 112
0.98125 0.01875 0.0 0.9806451612903225 0.01935483870967742 0.0 0.7677419354838709 1041.0211208022297 19.075306544080274 160
0.8429752066115702 0.15702479338842976 0.0 0.8362068965517241 0.16379310344827586 0.0 0.9396551724137931 1003.7768375855884 19.983562812879196 121
0.9875776397515528 0.012422360248447204 0.0 0.9871794871794872 0.01282051282051282 0.0 0.00641025641025641 1052.530875330094 17.12142153522553 161
0.9338842975206612 0.06611570247933884 0.0 0.9310344827586207 0.06896551724137931 0.0 0.7844827586206896 1057.8012962799185 20.997669350141205 121
0.9069767441860465 0.09302325581395349 0.0 0.9032258064516129 0.0967741935483871 0.0 0.7096774193548387 1053.1183726711906 18.989808966118233 129
0.9081632653061225 0.09183673469387756 0.0 0.9032258064516129 0.0967741935483871 0.0 0.978494623655914 1058.5206913210827 21.336531290461657 98
0.9487179487179487 0.05128205128205128 0.0 0.9464285714285714 0.05357142857142857 0.0 0.5625 1058.3522968977663 19.890576379036702 117
0.9223300970873787 0.07766990291262135 0.0 0.9183673469387755 0.08163265306122448 0.0 0.8367346938775511 1065.7092484656173 21.462246483035884 103
0.9866666666666667 0.013333333333333334 0.0 0.9862068965517241 0.013793103448275862 0.0 0.6896551724137931 987.9304857461635 18.53274043949635 150
0.8804347826086957 0.11956521739130435 0.0 0.8735632183908046 0.12643678160919541 0.0 1.0 1069.1291343999358 22.490845959382657 92
0.9657534246575342 0.03424657534246575 0.0 0.9645390070921985 0.03546099290780142 0.0 0.7588652482269503 1083.1982728942482 19.028576802480945 146
0.8981481481481481 0.10185185185185185 0.0 0.8932038834951457 0.10679611650485436 0.0 0.7572815533980582 1044.742213924939 20.80961046309936 108
0.9051724137931034 0.09482758620689655 0.0 0.9009009009009009 0.0990990990990991 0.0 0.5675675675675675 1033.2644205645406 19.451785281887865 116
0.9585798816568047 0.04142011834319527 0.0 0.9573170731707317 0.042682926829268296 0.0 0.8048780487804879 1041.727500930208 17.75064409985667 169
0.9491525423728814 0.05084745762711865 0.0 0.9469026548672567 0.05309734513274336 0.0 0.5398230088495575 1067.3845827152472 19.33027680265823 118
0.9296875 0.0703125 0.0 0.926829268292683 0.07317073170731707 0.0 0.7804878048780488 1079.1256663721324 20.1238347413347 128
0.9851485148514851 0.01485148514851485 0.0 0.9847715736040609 0.015228426395939087 0.0 0.751269035532995 1080.6233228714193 16.75705920752007 202
0.9424460431654677 0.05755395683453238 0.0 0.9402985074626866 0.05970149253731343 0.0 0.7164179104477612 1022.3362392303017 19.3383761652936 139
0.9326923076923077 0.0673076923076923 0.0 0.9292929292929293 0.0707070707070707 0.0 0.6060606060606061 1052.3899114275343 21.370901365779762 104
0.952755905511811 0.047244094488188976 0.0 0.9508196721311475 0.04918032786885246 0.0 0.9098360655737705 999.6564794989289 19.630223816537587 127
0.8333333333333334 0.16666666666666666 0.0 0.8264462809917356 0.17355371900826447 0.0 0.9586776859504132 1073.6915231241933 20.410780796527284 126
0.9047619047619048 0.09523809523809523 0.0 0.9008264462809917 0.09917355371900827 0.0 0.7768595041322314 1085.911554255354 20.554877614867397 126
0.908256880733945 0.09174311926605505 0.0 0.9038461538461539 0.09615384615384616 0.0 0.9423076923076923 1070.273763083321 20.68804613673509 109
0.8947368421052632 0.10526315789473684 0.0 0.890625 0.109375 0.0 0.703125 1075.3873259731963 21.035542719871557 133
0.9032258064516129 0.0967741935483871 0.0 0.8991596638655462 0.10084033613445378 0.0 0.7563025210084033 1074.1622078724265 19.705875571033424 124
0.9428571428571428 0.05714285714285714 0.0 0.9407407407407408 0.05925925925925926 0.0 0.8222222222222222 1062.571365124806 19.283872285688997 140
0.967948717948718 0.03205128205128205 0.0 0.9668874172185431 0.033112582781456956 0.0 0.8543046357615894 1048.5089184834933 18.896275465259066 156
0.905511811023622 0.09448818897637795 0.0 0.9016393442622951 0.09836065573770492 0.0 0.7786885245901639 1058.5716789170112 19.92827440094503 127
1.0 0.0 0.0 1.0 0.0 0.0 0.7210884353741497 1054.647322704078 17.121114595187493 152
0.8793103448275862 0.1206896551724138 0.0 0.8679245283018868 0.1320754716981132 0.0 1.0 1012.165113803171 26.898605455391603 58
0.9166666666666666 0.08333333333333333 0.0 0.9133858267716536 0.08661417322834646 0.0 0.6850393700787402 1087.1444136063838 18.997193685489687 132
0.94 0.06 0.0 0.9379310344827586 0.06206896551724138 0.0 0.6827586206896552 1084.2370520372688 19.569917913273535 150
0.9186991869918699 0.08130081300813008 0.0 0.9152542372881356 0.0847457627118644 0.0 0.9322033898305084 1012.8674663854489 20.664897407842837 123
0.9050632911392406 0.0949367088607595 0.0 0.9019607843137255 0.09803921568627451 0.0 0.6535947712418301 1087.3934881959326 18.00550161055763 158
0.944 0.056 0.0 0.9416666666666667 0.058333333333333334 0.0 0.8333333333333334 1044.8133203422906 19.734433175847045 125
0.9280575539568345 0.07194244604316546 0.0 0.9253731343283582 0.07462686567164178 0.0 0.8432835820895522 1086.755777399374 19.9043482372981 139
0.9285714285714286 0.07142857142857142 0.0 0.9252336448598131 0.07476635514018691 0.0 0.8504672897196262 1041.4848603250407 21.129765177350627 112
0.9347826086956522 0.06521739130434782 0.0 0.9323308270676691 0.06766917293233082 0.0 0.43609022556390975 982.5676198556346 18.364563543177454 138
0.9083969465648855 0.0916030534351145 0.0 0.9047619047619048 0.09523809523809523 0.0 0.5952380952380952 1079.6567137403752 19.78890913065067 131
0.9541284403669725 0.045871559633027525 0.0 0.9519230769230769 0.04807692307692308 0.0 0.6153846153846154 1034.8360182824679 19.974237249794303 109
0.888 0.112 0.0 0.8833333333333333 0.11666666666666667 0.0 0.6583333333333333 1070.8571254175106 18.96048159061536 125
0.8867924528301887 0.11320754716981132 0.0 0.8811881188118812 0.1188118811881188 0.0 0.9801980198019802 1074.1732879743633 23.26404375662782 106
0.9158878504672897 0.08411214953271028 0.0 0.9117647058823529 0.08823529411764706 0.0 0.6470588235294118 1082.2421961853665 21.34597640561078 107
0.940677966101695 0.059322033898305086 0.0 0.9380530973451328 0.061946902654867256 0.0 0.8495575221238938 1032.1596798219641 20.341455668656042 118
0.9375 0.0625 0.0 0.9349593495934959 0.06504065040650407 0.0 0.6341463414634146 1087.3369431640706 19.06361688612192 128
0.9339622641509434 0.0660377358490566 0.0 0.9306930693069307 0.06930693069306931 0.0 0.7623762376237624 1055.4777243660637 21.10121787581513 106
0.907563025210084 0.09243697478991597 0.0 0.9035087719298246 0.09649122807017543 0.0 0.7017543859649122 1082.5734348180824 20.97483509498129 119
0.9052631578947369 0.09473684210526316 0.0 0.9 0.1 0.0 0.6777777777777778 1057.0630496200054 22.171510974631843 95
0.989247311827957 0.010752688172043012 0.0 0.988950276243094 0.011049723756906077 0.0 0.5303867403314917 1014.850587569611 17.589584946986292 186
0.9186991869918699 0.08130081300813008 0.0 0.9152542372881356 0.0847457627118644 0.0 0.8813559322033898 1053.6278326949905 20.411275237534515 123
0.9931506849315068 0.00684931506849315 0.0 0.9929078014184397 0.0070921985815602835 0.0 0.0 1032.5857790112186 16.744084670464254 146
1.0 0.0 0.0 1.0 0.0 0.0 0.0 1049.3495415546013 17.213758944507834 193
0.9454545454545454 0.05454545454545454 0.0 0.9428571428571428 0.05714285714285714 0.0 0.6190476190476191 1041.1930696436777 20.002591712573256 110
0.9831460674157303 0.016853932584269662 0.0 0.9826589595375722 0.017341040462427744 0.0 0.5953757225433526 1084.5262378026403 18.538825810869408 178
1.0 0.0 0.0 1.0 0.0 0.0 0.7678571428571429 1086.403648510972 17.937183751486963 173
0.8740740740740741 0.1259259259259259 0.0 0.8692307692307693 0.13076923076923078 0.0 0.8384615384615385 1087.4908899961986 20.025221554190885 135
0.9210526315789473 0.07894736842105263 0.0 0.9183673469387755 0.08163265306122448 0.0 0.5850340136054422 1082.4226670132273 19.605297400675834 152
0.9829545454545454 0.017045454545454544 0.0 0.9824561403508771 0.017543859649122806 0.0 0.7426900584795322 1076.5278942871826 17.102794182281475 176
0.9558823529411765 0.04411764705882353 0.0 0.9541984732824428 0.04580152671755725 0.0 0.7022900763358778 1075.257398761659 18.41086616282389 136
0.8924731182795699 0.10752688172043011 0.0 0.8863636363636364 0.11363636363636363 0.0 0.9545454545454546 1080.4515538306764 23.25100114188451 93
1.0 0.0 0.0 1.0 0.0 0.0 0.651685393258427 1056.1645722749888 17.656920738462155 183
0.958904109589041 0.0410958904109589 0.0 0.9574468085106383 0.0425531914893617 0.0 0.8226950354609929 1043.4457645052448 18.422030828207383 146
0.9763313609467456 0.023668639053254437 0.0 0.975609756097561 0.024390243902439025 0.0 0.5487804878048781 1035.8808476223078 18.236081438867817 169
0.8321678321678322 0.16783216783216784 0.0 0.8260869565217391 0.17391304347826086 0.0 0.7681159420289855 1050.3783850062548 18.89939269885114 143
0.94 0.06 0.0 0.9379310344827586 0.06206896551724138 0.0 0.7793103448275862 1077.7190922525851 19.967452104772704 150
0.9104477611940298 0.08955223880597014 0.0 0.9069767441860465 0.09302325581395349 0.0 0.6434108527131783 1076.4772295482671 18.729464014453225 134
1.0 0.0 0.0 1.0 0.0 0.0 0.9069767441860465 1018.2106066302885 18.081361977628273 134
0.9886363636363636 0.011363636363636364 0.0 0.9883040935672515 0.011695906432748537 0.0 0.3216374269005848 1077.0720348167742 17.0049602700396 176
0.9290780141843972 0.07092198581560284 0.0 0.9264705882352942 0.07352941176470588 0.0 0.7867647058823529 1086.836634453786 19.782190636506833 141
0.9307692307692308 0.06923076923076923 0.0 0.928 0.072 0.0 0.856 1033.9994862728806 19.473839886175018 130
0.9322033898305084 0.06779661016949153 0.0 0.9292035398230089 0.07079646017699115 0.0 0.7522123893805309 1075.6514632460712 21.38658444826195 118
0.9455782312925171 0.05442176870748299 0.0 0.9436619718309859 0.056338028169014086 0.0 0.7746478873239436 1074.0206915119388 19.243817267554263 147
0.9477611940298507 0.05223880597014925 0.0 0.9457364341085271 0.05426356589147287 0.0 0.5038759689922481 1027.0255088718375 19.32163148966799 134
0.9343065693430657 0.06569343065693431 0.0 0.9318181818181818 0.06818181818181818 0.0 0.8181818181818182 1063.3479250272449 20.348650753452823 137
0.9180327868852459 0.08196721311475409 0.0 0.9145299145299145 0.08547008547008547 0.0 0.7692307692307693 1059.8746168806563 20.654824240421608 122
0.9130434782608695 0.08695652173913043 0.0 0.9080459770114943 0.09195402298850575 0.0 0.7931034482758621 1065.8403960354 20.882077904091027 92
0.9379310344827586 0.06206896551724138 0.0 0.9357142857142857 0.06428571428571428 0.0 0.4928571428571429 1005.8855277048239 18.20485466359765 145
0.96 0.04 0.0 0.9586206896551724 0.041379310344827586 0.0 0.7931034482758621 1063.0047032219263 18.985009846974215 150
0.9021739130434783 0.09782608695652174 0.0 0.896551724137931 0.10344827586206896 0.0 0.9425287356321839 1085.0431051790288 22.171787087736288 92
0.9245283018867925 0.07547169811320754 0.0 0.9207920792079208 0.07920792079207921 0.0 0.9108910891089109 1059.3604847200022 21.72611330952414 106
0.9067796610169492 0.09322033898305085 0.0 0.9026548672566371 0.09734513274336283 0.0 0.7699115044247787 1082.6855193924964 20.49415851073475 118
0.946969696969697 0.05303030303030303 0.0 0.9448818897637795 0.05511811023622047 0.0 0.5196850393700787 1028.8224068981206 18.877827045825093 132
0.9487179487179487 0.05128205128205128 0.0 0.9464285714285714 0.05357142857142857 0.0 0.6875 1021.2929296065029 19.815720894658927 117
0.9603174603174603 0.03968253968253968 0.0 0.9586776859504132 0.04132231404958678 0.0 0.8181818181818182 1058.4850003642705 19.92416977075114 126
0.9235668789808917 0.07643312101910828 0.0 0.9210526315789473 0.07894736842105263 0.0 0.7960526315789473 1084.5068192096505 18.876449737384355 157
0.8392857142857143 0.16071428571428573 0.0 0.8317757009345794 0.16822429906542055 0.0 0.9906542056074766 1060.958103976391 21.031670776229287 112
0.9645390070921985 0.03546099290780142 0.0 0.9632352941176471 0.03676470588235294 0.0 0.7794117647058824 1081.334052939059 19.53086122066057 141
0.93 0.07 0.0 0.9263157894736842 0.07368421052631578 0.0 0.8210526315789474 1033.1075425403658 21.542609084662853 100
0.8818897637795275 0.11811023622047244 0.0 0.8770491803278688 0.12295081967213115 0.0 0.8852459016393442 1071.044145427861 19.505331514623716 127
0.8775510204081632 0.12244897959183673 0.0 0.8732394366197183 0.1267605633802817 0.0 0.9859154929577465 984.3572972006992 20.71970727240702 147
0.9217391304347826 0.0782608695652174 0.0 0.9181818181818182 0.08181818181818182 0.0 0.6272727272727273 1034.9039836409888 20.511908102163467 115
0.9461538461538461 0.05384615384615385 0.0 0.944 0.056 0.0 0.592 1063.7914718348034 19.745289741345744 130
0.9274193548387096 0.07258064516129033 0.0 0.9243697478991597 0.07563025210084033 0.0 0.7394957983193278 1063.4042174378053 20.38460063057224 124
0.7903225806451613 0.20967741935483872 0.0 0.7719298245614035 0.22807017543859648 0.0 0.9122807017543859 933.9330915733303 24.32367440685539 62
0.9937106918238994 0.006289308176100629 0.0 0.9935064935064936 0.006493506493506494 0.0 0.7662337662337663 1075.4295839367671 17.969487607927466 159
0.9880952380952381 0.011904761904761904 0.0 0.9877300613496932 0.012269938650306749 0.0 0.6073619631901841 1034.3008287703854 18.446843974754362 168
0.9435483870967742 0.056451612903225805 0.0 0.9411764705882353 0.058823529411764705 0.0 0.5210084033613446 1073.9616633813102 18.98100986642242 124
0.9029850746268657 0.09701492537313433 0.0 0.8992248062015504 0.10077519379844961 0.0 0.8449612403100775 1086.2616941728097 20.672202751134368 134
0.9196428571428571 0.08035714285714286 0.0 0.9158878504672897 0.08411214953271028 0.0 0.8411214953271028 1083.8031326043956 20.136364548353555 112
0.952054794520548 0.04794520547945205 0.0 0.950354609929078 0.04964539007092199 0.0 0.7446808510638298 1070.6853890454925 18.334537663743756 146
0.9457364341085271 0.05426356589147287 0.0 0.9435483870967742 0.056451612903225805 0.0 0.6774193548387096 1087.4241491562877 20.846780173107845 129
0.9072164948453608 0.09278350515463918 0.0 0.9021739130434783 0.09782608695652174 0.0 0.7934782608695652 1043.355577554118 21.09955919940061 97
0.8985507246376812 0.10144927536231885 0.0 0.8947368421052632 0.10526315789473684 0.0 0.8195488721804511 1018.002403784669 19.55081691574115 138
0.8956521739130435 0.10434782608695652 0.0 0.8909090909090909 0.10909090909090909 0.0 0.7272727272727273 1087.2245808288162 19.272630543559934 115
0.9047619047619048 0.09523809523809523 0.0 0.9 0.1 0.0 0.77 1086.069078062696 21.931220039911537 105
0.9627329192546584 0.037267080745341616 0.0 0.9615384615384616 0.038461538461538464 0.0 0.34615384615384615 1072.8019674393552 18.064648806858305 161
0.8 0.2 0.0 0.7777777777777778 0.2222222222222222 0.0 0.9555555555555556 1061.1378919129377 30.08727852869236 50
0.9763313609467456 0.023668639053254437 0.0 0.975609756097561 0.024390243902439025 0.0 0.5853658536585366 1050.4098058074642 17.81594111274524 169
0.9389312977099237 0.061068702290076333 0.0 0.9365079365079365 0.06349206349206349 0.0 0.5793650793650794 1086.761798308611 18.386118154413108 131
1.0 0.0 0.0 1.0 0.0 0.0 0.7191780821917808 1030.4946262369801 18.295152337803177 151
0.8787878787878788 0.12121212121212122 0.0 0.8740157480314961 0.12598425196850394 0.0 0.7559055118110236 1072.0990376224534 19.453395257382397 132
0.9551282051282052 0.04487179487179487 0.0 0.9536423841059603 0.046357615894039736 0.0 0.8211920529801324 1082.1529544083107 19.966056569762234 156
0.8888888888888888 0.1111111111111111 0.0 0.8842975206611571 0.11570247933884298 0.0 0.8842975206611571 1055.958153620958 19.449160512895318 126
1.0 0.0 0.0 1.0 0.0 0.0 0.7539267015706806 1074.1927552195004 17.519080353559374 196
0.9620253164556962 0.0379746835443038 0.0 0.9607843137254902 0.0392156862745098 0.0 0.7124183006535948 1086.8824831609293 19.352841595071038 158
0.8938053097345132 0.10619469026548672 0.0 0.8888888888888888 0.1111111111111111 0.0 0.6203703703703703 1086.0032717316155 19.69983614320286 113
0.917910447761194 0.08208955223880597 0.0 0.9147286821705426 0.08527131782945736 0.0 0.6511627906976745 1063.8696159081821 20.4838271609763 134
0.8980891719745223 0.10191082802547771 0.0 0.8947368421052632 0.10526315789473684 0.0 0.8421052631578947 1029.321892942002 19.013912176083625 157
0.9416666666666667 0.058333333333333334 0.0 0.9391304347826087 0.06086956521739131 0.0 0.5739130434782609 1086.1878598139153 19.821236696126892 120
0.916030534351145 0.08396946564885496 0.0 0.9126984126984127 0.0873015873015873 0.0 0.6825396825396826 1028.9777325217613 19.796217797351694 131
0.782608695652174 0.21739130434782608 0.0 0.7701149425287356 0.22988505747126436 0.0 0.9425287356321839 1057.1084755002007 22.998899311360194 92
0.8951048951048951 0.1048951048951049 0.0 0.8913043478260869 0.10869565217391304 0.0 0.7318840579710145 1087.2442710635273 19.18426994659472 143
0.8297872340425532 0.1702127659574468 0.0 0.8202247191011236 0.1797752808988764 0.0 0.9662921348314607 1044.698289608007 23.179650086972057 94
0.9122807017543859 0.08771929824561403 0.0 0.9038461538461539 0.09615384615384616 0.0 0.8269230769230769 1054.470089373698 28.31735472933601 57
0.9038461538461539 0.09615384615384616 0.0 0.898989898989899 0.10101010101010101 0.0 0.8181818181818182 1045.3656257591922 22.06117357073508 104
0.9448275862068966 0.05517241379310345 0.0 0.9428571428571428 0.05714285714285714 0.0 0.5214285714285715 1082.4305189602687 17.990296431403035 145
0.9057971014492754 0.09420289855072464 0.0 0.9022556390977443 0.09774436090225563 0.0 1.0 1078.414395726449 19.25078318437406 138
0.9191176470588235 0.08088235294117647 0.0 0.916030534351145 0.08396946564885496 0.0 0.7251908396946565 1077.2693744533087 19.06001163392931 136
0.8888888888888888 0.1111111111111111 0.0 0.8829787234042553 0.11702127659574468 0.0 0.9787234042553191 1083.1307398290835 23.9997635667381 99
0.9 0.1 0.0 0.8947368421052632 0.10526315789473684 0.0 0.8526315789473684 1068.2862582124446 21.766218781650174 100
0.9357798165137615 0.06422018348623854 0.0 0.9326923076923077 0.0673076923076923 0.0 0.9230769230769231 1077.4991764932167 21.00789080606537 109
0.9300699300699301 0.06993006993006994 0.0 0.927536231884058 0.07246376811594203 0.0 0.7681159420289855 1062.5730888776206 20.95798927453241 143
0.9024390243902439 0.0975609756097561 0.0 0.8983050847457628 0.1016949152542373 0.0 0.847457627118644 1086.4115507016354 20.297230130698285 123
0.9448818897637795 0.05511811023622047 0.0 0.9426229508196722 0.05737704918032787 0.0 0.5655737704918032 1077.0679050304727 20.25679169985516 127
0.8712121212121212 0.12878787878787878 0.0 0.8661417322834646 0.13385826771653545 0.0 0.9291338582677166 1074.5040339410223 20.87603525402855 132
0.9203539823008849 0.07964601769911504 0.0 0.9166666666666666 0.08333333333333333 0.0 0.75 1087.2567072911456 20.510171835747837 113
0.9423076923076923 0.057692307692307696 0.0 0.9393939393939394 0.06060606060606061 0.0 0.7676767676767676 1027.6125151229867 20.38254264060542 104
0.992 0.008 0.0 0.9916666666666667 0.008333333333333333 0.0 1.0 1007.5470859830741 19.305938818383204 125
0.9173553719008265 0.08264462809917356 0.0 0.9137931034482759 0.08620689655172414 0.0 0.7844827586206896 1074.295600000126 19.44680590250958 121
0.9038461538461539 0.09615384615384616 0.0 0.898989898989899 0.10101010101010101 0.0 0.7878787878787878 1080.9615268884734 21.810428730317575 104
0.9421487603305785 0.05785123966942149 0.0 0.9396551724137931 0.0603448275862069 0.0 0.8879310344827587 1070.1144300833403 21.3283451854138 121
1.0 0.0 0.0 1.0 0.0 0.0 0.0056179775280898875 1086.7755238813575 17.8363924096899 183
0.8910891089108911 0.10891089108910891 0.0 0.8854166666666666 0.11458333333333333 0.0 0.84375 1061.1378200331555 21.165870738510105 101
0.9407407407407408 0.05925925925925926 0.0 0.9384615384615385 0.06153846153846154 0.0 0.8769230769230769 1038.7571316986325 19.678379633003253 135
0.9274193548387096 0.07258064516129033 0.0 0.9243697478991597 0.07563025210084033 0.0 0.9411764705882353 1006.8136555680504 21.40169547092278 124
0.8904109589041096 0.1095890410958904 0.0 0.8823529411764706 0.11764705882352941 0.0 0.9852941176470589 1027.684116731874 23.558339263855068 73
0.8390804597701149 0.16091954022988506 0.0 0.8292682926829268 0.17073170731707318 0.0 0.8536585365853658 1047.4523645943848 21.968603780903074 87
0.9252336448598131 0.07476635514018691 0.0 0.9215686274509803 0.0784313725490196 0.0 0.9803921568627451 1067.0677228947775 22.624394214062686 107
0.92 0.08 0.0 0.9166666666666666 0.08333333333333333 0.0 0.9083333333333333 1063.233136279886 19.457756623896536 125
0.9112426035502958 0.08875739644970414 0.0 0.9085365853658537 0.09146341463414634 0.0 0.7560975609756098 1049.0842823006055 18.83306989732045 169
0.9421487603305785 0.05785123966942149 0.0 0.9396551724137931 0.0603448275862069 0.0 0.6551724137931034 1063.0073641804859 19.686779945456127 121
0.9270833333333334 0.07291666666666667 0.0 0.9230769230769231 0.07692307692307693 0.0 0.7692307692307693 1032.3241874968778 21.109484709938897 96
0.9646017699115044 0.035398230088495575 0.0 0.9629629629629629 0.037037037037037035 0.0 0.9074074074074074 1054.926360495253 20.020259825274348 113
0.9746835443037974 0.02531645569620253 0.0 0.9738562091503268 0.026143790849673203 0.0 0.6274509803921569 1061.274645877098 17.828726184096137 158
0.9545454545454546 0.045454545454545456 0.0 0.952755905511811 0.047244094488188976 0.0 0.8661417322834646 1050.118945307572 19.430069101638924 132
0.8846153846153846 0.11538461538461539 0.0 0.8807947019867549 0.11920529801324503 0.0 0.8145695364238411 1059.9848982032556 18.122247012689932 156
0.9090909090909091 0.09090909090909091 0.0 0.9060402684563759 0.09395973154362416 0.0 0.7449664429530202 1082.6326690309206 18.892289360020854 154
0.9805194805194806 0.01948051948051948 0.0 0.9798657718120806 0.020134228187919462 0.0 0.7986577181208053 1085.8171786302344 19.44708718137493 154
0.9347826086956522 0.06521739130434782 0.0 0.9323308270676691 0.06766917293233082 0.0 0.9699248120300752 1066.1168369057095 19.214522763725974 138
0.8790322580645161 0.12096774193548387 0.0 0.8739495798319328 0.12605042016806722 0.0 0.7983193277310925 1087.0007874641767 21.233590931449 124
0.9393939393939394 0.06060606060606061 0.0 0.937007874015748 0.06299212598425197 0.0 0.8110236220472441 1087.0922663059393 20.27882434102516 132
0.9482758620689655 0.05172413793103448 0.0 0.9459459459459459 0.05405405405405406 0.0 0.9369369369369369 1017.3684483703787 20.15633674271266 116
0.8867924528301887 0.11320754716981132 0.0 0.8811881188118812 0.1188118811881188 0.0 0.693069306930693 1087.4393898307158 19.509098434858572 106
0.90625 0.09375 0.0 0.9024390243902439 0.0975609756097561 0.0 0.6666666666666666 1078.606844814421 18.692745901226118 128
0.9637681159420289 0.036231884057971016 0.0 0.9624060150375939 0.03759398496240601 0.0 0.7368421052631579 1080.2318421819955 19.225856835451435 138
0.8695652173913043 0.13043478260869565 0.0 0.8636363636363636 0.13636363636363635 0.0 0.990909090909091 1032.3516887040432 20.887553386742187 115
0.8909090909090909 0.10909090909090909 0.0 0.8857142857142857 0.11428571428571428 0.0 0.7904761904761904 1084.0888704237502 22.84545676149596 110
0.8817204301075269 0.11827956989247312 0.0 0.875 0.125 0.0 0.9318181818181818 1052.205915175163 22.034466253335893 93
0.9185185185185185 0.08148148148148149 0.0 0.9153846153846154 0.08461538461538462 0.0 0.6076923076923076 1084.387376495802 20.136123103361392 135
0.9754601226993865 0.024539877300613498 0.0 0.9746835443037974 0.02531645569620253 0.0 0.7088607594936709 1072.9145396807276 18.444232727270318 163
0.8775510204081632 0.12244897959183673 0.0 0.8709677419354839 0.12903225806451613 0.0 0.7526881720430108 1033.7567762297094 21.24825162179196 98
0.9324324324324325 0.06756756756756757 0.0 0.9300699300699301 0.06993006993006994 0.0 0.7062937062937062 1078.477248929053 19.0167085890168 148
0.9473684210526315 0.05263157894736842 0.0 0.944954128440367 0.05504587155963303 0.0 0.7064220183486238 1078.2661805642415 18.803778070568274 114
0.9166666666666666 0.08333333333333333 0.0 0.9120879120879121 0.08791208791208792 0.0 0.8241758241758241 1045.3945674752 20.100252161887784 96
0.896 0.104 0.0 0.8916666666666667 0.10833333333333334 0.0 0.95 966.7531771555354 20.4960651394516 125
0.9152542372881356 0.0847457627118644 0.0 0.911504424778761 0.08849557522123894 0.0 0.6637168141592921 1076.4232207894768 20.735367923065443 118
0.9166666666666666 0.08333333333333333 0.0 0.9120879120879121 0.08791208791208792 0.0 0.8351648351648352 1044.5556272638917 21.737443801455782 96
0.9444444444444444 0.05555555555555555 0.0 0.9424460431654677 0.05755395683453238 0.0 0.6402877697841727 1069.4730050767878 19.117913515798225 144
0.9375 0.0625 0.0 0.935251798561151 0.06474820143884892 0.0 0.8561151079136691 1076.6530847318625 18.96700567355171 144
0.9347826086956522 0.06521739130434782 0.0 0.9323308270676691 0.06766917293233082 0.0 0.7142857142857143 1047.6340283074187 19.174472321021085 138
0.9111111111111111 0.08888888888888889 0.0 0.9058823529411765 0.09411764705882353 0.0 0.788235294117647 1054.115540979793 21.412990044776677 90
0.9645390070921985 0.03546099290780142 0.0 0.9632352941176471 0.03676470588235294 0.0 0.6764705882352942 1010.2342688676042 19.50583619801898 141
0.8631578947368421 0.1368421052631579 0.0 0.8555555555555555 0.14444444444444443 0.0 0.7333333333333333 1080.159865334051 21.134467913380366 95
0.9642857142857143 0.03571428571428571 0.0 0.9629629629629629 0.037037037037037035 0.0 0.7037037037037037 1040.1777250527139 18.957969425933097 140
0.9411764705882353 0.058823529411764705 0.0 0.9391891891891891 0.060810810810810814 0.0 0.5135135135135135 1080.1699431457073 18.94502697433069 153
0.9583333333333334 0.041666666666666664 0.0 0.9560439560439561 0.04395604395604396 0.0 0.6813186813186813 1073.041021962799 21.657957427934573 96
0.9714285714285714 0.02857142857142857 0.0 0.9703703703703703 0.02962962962962963 0.0 0.8666666666666667 1039.7465317899587 18.266122208218277 140
0.9322033898305084 0.06779661016949153 0.0 0.9292035398230089 0.07079646017699115 0.0 0.584070796460177 1086.0521646947213 19.925356528346356 118
0.8620689655172413 0.13793103448275862 0.0 0.8571428571428571 0.14285714285714285 0.0 0.9857142857142858 1055.6495744957667 19.364925038320013 145
0.9622641509433962 0.03773584905660377 0.0 0.961038961038961 0.03896103896103896 0.0 0.9935064935064936 1003.0456017781883 18.029486311116415 159
0.9586206896551724 0.041379310344827586 0.0 0.9571428571428572 0.04285714285714286 0.0 0.6 1039.0858089995415 18.9681200423531 145
0.9565217391304348 0.043478260869565216 0.0 0.9548872180451128 0.045112781954887216 0.0 0.7518796992481203 958.22309678353 18.974079033622232 138
0.9272727272727272 0.07272727272727272 0.0 0.9238095238095239 0.0761904761904762 0.0 0.5238095238095238 1068.6116840594013 20.009759395797875 110
0.897196261682243 0.102803738317757 0.0 0.8921568627450981 0.10784313725490197 0.0 0.8431372549019608 1030.9147725957787 20.47730261963196 107
0.9635036496350365 0.0364963503649635 0.0 0.9621212121212122 0.03787878787878788 0.0 0.9166666666666666 1075.5022562855893 19.81012019712706 137
0.9396551724137931 0.0603448275862069 0.0 0.9369369369369369 0.06306306306306306 0.0 0.6936936936936937 1058.626620347208 20.628870320850197 116
0.8956521739130435 0.10434782608695652 0.0 0.8909090909090909 0.10909090909090909 0.0 0.8818181818181818 1057.0876330207207 22.779174189493755 115
0.92 0.08 0.0 0.9157894736842105 0.08421052631578947 0.0 0.6 1087.2561145761392 19.815907373719867 100
0.9104477611940298 0.08955223880597014 0.0 0.9069767441860465 0.09302325581395349 0.0 0.7751937984496124 982.2929800884299 19.49508329608964 134
0.9625 0.0375 0.0 0.9612903225806452 0.03870967741935484 0.0 0.7225806451612903 1063.6497581053893 18.413923139415928 160
0.927536231884058 0.07246376811594203 0.0 0.924812030075188 0.07518796992481203 0.0 0.8120300751879699 1033.96877869357 17.83004620795719 138
0.9487179487179487 0.05128205128205128 0.0 0.9464285714285714 0.05357142857142857 0.0 0.5178571428571429 1079.1143745003094 21.374238266056103 117
0.8740157480314961 0.12598425196850394 0.0 0.8688524590163934 0.13114754098360656 0.0 0.7622950819672131 1086.0613232252633 20.413988291285293 127
0.9555555555555556 0.044444444444444446 0.0 0.9538461538461539 0.046153846153846156 0.0 0.9230769230769231 1081.2943542485307 19.997277953712427 135
0.8691588785046729 0.1308411214953271 0.0 0.8627450980392157 0.13725490196078433 0.0 1.0 1059.8637409722355 22.294005565457596 107
0.948051948051948 0.05194805194805195 0.0 0.9463087248322147 0.053691275167785234 0.0 0.5570469798657718 1072.578642606769 18.486488219689722 154
0.8521739130434782 0.14782608695652175 0.0 0.8454545454545455 0.15454545454545454 0.0 0.7909090909090909 1083.4009395041671 20.331578721441122 115
0.967948717948718 0.03205128205128205 0.0 0.9668874172185431 0.033112582781456956 0.0 0.7814569536423841 1083.9475223155746 18.709863590905904 156
0.9219858156028369 0.07801418439716312 0.0 0.9191176470588235 0.08088235294117647 0.0 0.6617647058823529 1084.368764952776 19.019188332238976 141
0.9230769230769231 0.07692307692307693 0.0 0.92 0.08 0.0 0.632 1086.8157954100363 19.765842003164835 130
0.8782608695652174 0.12173913043478261 0.0 0.8727272727272727 0.12727272727272726 0.0 0.6454545454545455 1084.4445679210748 21.79454870010922 115
0.8924731182795699 0.10752688172043011 0.0 0.8863636363636364 0.11363636363636363 0.0 0.9545454545454546 997.5614960029442 21.142157988767178 93
0.9264705882352942 0.07352941176470588 0.0 0.9236641221374046 0.07633587786259542 0.0 0.6030534351145038 1067.0512245139291 20.27705471871941 136
0.9642857142857143 0.03571428571428571 0.0 0.9629629629629629 0.037037037037037035 0.0 0.43703703703703706 1083.9411517764029 18.421589265553973 140
0.9473684210526315 0.05263157894736842 0.0 0.944954128440367 0.05504587155963303 0.0 0.8440366972477065 1047.6511166050168 20.532917063609307 114
1.0 0.0 0.0 1.0 0.0 0.0 0.5424836601307189 1063.2209814631776 18.764303041545425 158
0.9626865671641791 0.03731343283582089 0.0 0.9612403100775194 0.03875968992248062 0.0 0.8682170542635659 1073.8444663383996 20.39178193853023 134
0.868421052631579 0.13157894736842105 0.0 0.8623853211009175 0.13761467889908258 0.0 0.7889908256880734 1081.5698686004039 21.2576981498569 114
0.9313725490196079 0.06862745098039216 0.0 0.9278350515463918 0.07216494845360824 0.0 0.7731958762886598 1055.2374939881465 21.73103016420685 102
0.8877551020408163 0.11224489795918367 0.0 0.8817204301075269 0.11827956989247312 0.0 0.7526881720430108 1081.7646766829178 21.51170665388954 98
0.9801324503311258 0.019867549668874173 0.0 0.9794520547945206 0.02054794520547945 0.0 0.3972602739726027 992.9526302591659 16.971415896629175 151
0.9461538461538461 0.05384615384615385 0.0 0.944 0.056 0.0 0.76 1046.755389760099 19.690349354512012 130
0.940677966101695 0.059322033898305086 0.0 0.9380530973451328 0.061946902654867256 0.0 0.7256637168141593 1067.703747566818 20.857541177617936 118
0.905982905982906 0.09401709401709402 0.0 0.9017857142857143 0.09821428571428571 0.0 0.9821428571428571 1053.1376653656164 21.272907940272788 117
0.9235294117647059 0.07647058823529412 0.0 0.9212121212121213 0.07878787878787878 0.0 0.7212121212121212 1087.2389307580618 17.56283964335341 170
0.9032258064516129 0.0967741935483871 0.0 0.8991596638655462 0.10084033613445378 0.0 0.7394957983193278 1085.4902510052132 20.517578366216163 124
0.8777777777777778 0.12222222222222222 0.0 0.8705882352941177 0.12941176470588237 0.0 0.6588235294117647 1087.4870658489706 20.348027192477176 90
0.9084967320261438 0.0915032679738562 0.0 0.9054054054054054 0.0945945945945946 0.0 0.831081081081081 1068.669582366243 19.51154512910412 153
0.9393939393939394 0.06060606060606061 0.0 0.937007874015748 0.06299212598425197 0.0 0.7874015748031497 1069.8841299342573 20.420226834715855 132
1.0 0.0 0.0 1.0 0.0 0.0 0.0 977.9326914380111 17.049387788827566 172
0.9662162162162162 0.033783783783783786 0.0 0.965034965034965 0.03496503496503497 0.0 0.7412587412587412 1071.4699842137347 19.7002937262528 148
0.9064748201438849 0.09352517985611511 0.0 0.9029850746268657 0.09701492537313433 0.0 0.7313432835820896 986.2368122046394 18.77904915061628 139
0.8556701030927835 0.14432989690721648 0.0 0.8478260869565217 0.15217391304347827 0.0 0.9021739130434783 1044.6401737297551 21.54448340260619 97
0.9027777777777778 0.09722222222222222 0.0 0.8955223880597015 0.1044776119402985 0.0 0.8805970149253731 1042.6850867515147 22.45932330435167 72
0.9459459459459459 0.05405405405405406 0.0 0.9433962264150944 0.05660377358490566 0.0 0.839622641509434 1036.1318022903793 20.742354718742167 111
0.9541284403669725 0.045871559633027525 0.0 0.9519230769230769 0.04807692307692308 0.0 0.75 1031.7961941527649 20.71237077832403 109
0.9708029197080292 0.029197080291970802 0.0 0.9696969696969697 0.030303030303030304 0.0 0.7045454545454546 1025.9439141043713 20.104017574110806 137
0.9370629370629371 0.06293706293706294 0.0 0.9347826086956522 0.06521739130434782 0.0 0.7608695652173914 1085.8140897921357 19.8477936859611 143
0.9111111111111111 0.08888888888888889 0.0 0.9076923076923077 0.09230769230769231 0.0 0.7538461538461538 1082.8219106825925 20.403065508937875 135
0.9551282051282052 0.04487179487179487 0.0 0.9536423841059603 0.046357615894039736 0.0 1.0 1072.3666557246147 18.085539282304378 156
0.900990099009901 0.09900990099009901 0.0 0.8958333333333334 0.10416666666666667 0.0 0.8645833333333334 1028.016139080052 21.492272087508603 101
1.0 0.0 0.0 1.0 0.0 0.0 0.0 1087.2260464860622 17.220183995776214 204
0.9159663865546218 0.08403361344537816 0.0 0.9122807017543859 0.08771929824561403 0.0 0.7105263157894737 1057.3411022490118 20.66514700470048 119
0.896551724137931 0.10344827586206896 0.0 0.8902439024390244 0.10975609756097561 0.0 0.6951219512195121 1031.792069896648 19.94479741323416 87
0.921875 0.078125 0.0 0.9186991869918699 0.08130081300813008 0.0 0.9105691056910569 1071.2652989607225 20.037271002088737 128
0.9416058394160584 0.058394160583941604 0.0 0.9393939393939394 0.06060606060606061 0.0 0.9545454545454546 1064.5246506336084 19.259393951147384 137
0.8807339449541285 0.11926605504587157 0.0 0.875 0.125 0.0 0.8269230769230769 1065.4206919690373 21.18195480718651 109
0.9262295081967213 0.07377049180327869 0.0 0.9230769230769231 0.07692307692307693 0.0 0.6068376068376068 1033.2718621124834 20.215502126490094 122
0.9857142857142858 0.014285714285714285 0.0 0.9851851851851852 0.014814814814814815 0.0 0.7777777777777778 1070.743750725127 18.774658821584463 140
0.9815950920245399 0.018404907975460124 0.0 0.9810126582278481 0.0189873417721519 0.0 0.7151898734177216 1061.3343447257382 19.097486287120987 163
0.9663865546218487 0.03361344537815126 0.0 0.9649122807017544 0.03508771929824561 0.0 0.5701754385964912 1069.0487933604509 19.490694057931407 119
0.9193548387096774 0.08064516129032258 0.0 0.9159663865546218 0.08403361344537816 0.0 0.8151260504201681 1085.8998160241306 20.477946508419873 124
0.9767441860465116 0.023255813953488372 0.0 0.9753086419753086 0.024691358024691357 0.0 0.9876543209876543 1068.6705791328777 20.98651132896549 86
0.8627450980392157 0.13725490196078433 0.0 0.8556701030927835 0.14432989690721648 0.0 0.7525773195876289 1029.3305602744083 19.882214759487084 102
0.9375 0.0625 0.0 0.935251798561151 0.06474820143884892 0.0 0.39568345323741005 1079.6201090309403 19.43147321713915 144
0.8934426229508197 0.10655737704918032 0.0 0.8888888888888888 0.1111111111111111 0.0 0.8205128205128205 1071.4242297783744 19.856023758915192 122
0.9624060150375939 0.03759398496240601 0.0 0.9609375 0.0390625 0.0 0.953125 1027.1974862210889 19.74535168531219 133
0.9245283018867925 0.07547169811320754 0.0 0.922077922077922 0.07792207792207792 0.0 0.6558441558441559 1085.026781613307 18.695677205208323 159
0.9593023255813954 0.040697674418604654 0.0 0.9580838323353293 0.041916167664670656 0.0 0.8023952095808383 1085.7340193778334 18.24272673709004 172
0.9354838709677419 0.06451612903225806 0.0 0.9333333333333333 0.06666666666666667 0.0 0.76 1086.0087790043694 18.60251072069962 155
0.9274193548387096 0.07258064516129033 0.0 0.9243697478991597 0.07563025210084033 0.0 0.7563025210084033 1056.8777030355345 20.46292147718741 124
0.875 0.125 0.0 0.8674698795180723 0.13253012048192772 0.0 0.8072289156626506 1011.4173217567397 22.03469809241142 88
0.9435483870967742 0.056451612903225805 0.0 0.9411764705882353 0.058823529411764705 0.0 0.7815126050420168 1015.4444456627698 19.57041788360254 124
0.9545454545454546 0.045454545454545456 0.0 0.9530201342281879 0.04697986577181208 0.0 0.8187919463087249 1068.530638875332 19.879619090051857 154
0.9515151515151515 0.048484848484848485 0.0 0.95 0.05 0.0 0.65625 1044.7709848816519 18.843632446080786 165
0.9645390070921985 0.03546099290780142 0.0 0.9632352941176471 0.03676470588235294 0.0 0.9926470588235294 1083.6176222838558 19.920501533286153 141
0.9345794392523364 0.06542056074766354 0.0 0.9313725490196079 0.06862745098039216 0.0 0.5294117647058824 1080.0151327000258 20.04115407402584 107
0.9781021897810219 0.021897810218978103 0.0 0.9772727272727273 0.022727272727272728 0.0 0.8106060606060606 1079.3754684058613 19.273020524463686 137
0.9333333333333333 0.06666666666666667 0.0 0.9307692307692308 0.06923076923076923 0.0 0.7615384615384615 1012.3362089035928 18.82882663613338 135
